0.476227   -0.499623   -0.498057
-0.318847   -0.327676   0.484977
-0.458407   -0.350479   -0.343223
-0.305055   0.498887   -0.326431
-0.170052   0.495268   0.485899
-0.00112789   -0.331061   0.491231
-0.174916   -0.31584   -0.346552
0.00546825   0.491069   -0.331148
0.160338   -0.494713   0.49949
0.318317   -0.324487   0.494835
0.163605   -0.301726   -0.342055
0.305638   -0.495856   -0.325614
0.491641   -0.191164   0.496997
-0.335219   0.00810455   0.490499
0.488869   0.0111312   -0.327603
-0.330946   -0.164781   -0.347764
-0.164345   -0.142711   0.49527
0.0185198   -0.00712434   0.495973
-0.162264   -0.00865543   -0.339743
0.00394967   -0.150764   -0.331174
0.183016   -0.148565   -0.494726
0.346327   -0.00423344   0.49075
0.194683   -0.000534246   -0.311899
0.348207   -0.180064   -0.321149
0.477709   0.178052   -0.484986
-0.368267   0.338909   0.482377
0.482531   0.326239   -0.330569
-0.314953   0.19631   -0.361345
-0.143734   0.149562   0.499162
0.0209385   0.304141   -0.488813
-0.154937   0.341339   -0.358765
0.0124527   0.146342   -0.320735
0.175463   0.152652   -0.490208
0.330507   0.336118   -0.496978
0.171064   0.32847   -0.322845
0.344882   0.163249   -0.326016
0.493472   0.486662   -0.186685
-0.320443   -0.328094   -0.170687
-0.489437   -0.322577   -0.00991162
-0.328321   -0.499743   -0.00910426
-0.146116   -0.48855   -0.158982
0.0105137   -0.335415   -0.173018
-0.176789   -0.335348   0.00103203
-0.00868168   -0.493046   0.00405322
0.144956   0.492302   -0.156788
0.339955   -0.335684   -0.164188
0.167369   -0.330556   -0.0107666
0.353598   0.490615   0.000263889
-0.474645   -0.184762   -0.17236
-0.319981   0.0145751   -0.167558
-0.478462   -0.0196516   -0.0101509
-0.334161   -0.177308   0.012833
-0.18089   -0.167553   -0.166195
0.00352157   -0.0050682   -0.156104
-0.168742   0.00822348   0.0146314
-0.020818   -0.172343   0.00112196
0.190321   -0.151453   -0.152726
0.342924   -0.0121156   -0.146485
0.165116   0.0163783   0.00620331
0.321513   -0.163075   0.0143585
0.486117   0.175324   -0.153746
-0.337853   0.328568   -0.175267
0.499721   0.325652   -0.00235845
-0.341023   0.166609   0.0131021
-0.154112   0.158409   -0.173885
-0.0123805   0.330558   -0.174967
-0.191195   0.32483   0.00811167
-0.00986587   0.178829   0.00808081
0.175762   0.171857   -0.169031
0.321612   0.340973   -0.160996
0.160989   0.334011   0.0100183
0.320996   0.174936   0.0124653
-0.485684   -0.492136   0.156967
-0.331422   -0.3318   0.174244
0.497041   -0.318087   0.335659
-0.33518   -0.491537   0.335711
-0.183431   0.477657   0.176683
-0.00908714   -0.343091   0.150244
-0.154292   -0.315668   0.333097
-0.00781134   0.473447   0.318533
0.177953   0.492378   0.173682
0.339503   -0.334716   0.162484
0.127661   -0.346914   0.326009
0.33583   -0.498482   0.320442
-0.495697   -0.175343   0.168414
-0.346543   0.0080857   0.174899
0.498622   -0.00411824   0.335348
-0.330807   -0.175884   0.32192
-0.158739   -0.179746   0.174201
0.00687273   -0.00164399   0.154649
-0.159272   0.019661   0.326426
0.0033051   -0.155322   0.338987
0.132793   -0.187781   0.153252
0.32597   0.00246543   0.165877
0.164254   0.0112356   0.322065
0.29671   -0.168224   0.318813
0.484128   0.156564   0.166285
-0.357885   0.323112   0.184712
0.484083   0.334534   0.331775
-0.33782   0.161115   0.345119
-0.148098   0.182796   0.182028
0.00401003   0.338703   0.155888
-0.180204   0.306191   0.345718
0.0172266   0.186523   0.334427
0.161304   0.157389   0.163057
0.338034   0.343003   0.169812
0.174067   0.34363   0.330572
0.330785   0.179197   0.348678
