           1     1.79989     1.79989           0
           2     1.79953     1.79971 0.000127239
           3     1.79895     1.79946 0.000223672
           4     1.79815     1.79913 0.000329073
           5     1.79713     1.79873 0.000444571
           6     1.79588     1.79825 0.000569877
           7     1.79441     1.79771 0.000704629
           8     1.79272     1.79708 0.000848425
           9      1.7908     1.79638  0.00100099
          10     1.78865     1.79561  0.00116205
          11     1.78626     1.79476  0.00133147
          12     1.78364     1.79383  0.00150902
          13     1.78078     1.79283  0.00169457
          14     1.77767     1.79175  0.00188795
          15     1.77432     1.79058  0.00208908
          16     1.77072     1.78934  0.00229794
          17     1.76687     1.78802  0.00251453
          18     1.76275     1.78662  0.00273882
          19     1.75838     1.78513  0.00297078
          20     1.75373     1.78356  0.00321043
          21     1.74881     1.78191  0.00345781
          22     1.74362     1.78017  0.00371293
          23     1.73814     1.77834  0.00397583
          24     1.73237     1.77642  0.00424656
          25     1.72631     1.77442  0.00452518
          26     1.71995     1.77232  0.00481172
          27     1.71329     1.77014   0.0051062
          28     1.70632     1.76786  0.00540866
          29     1.69904     1.76548   0.0057191
          30     1.69145     1.76302  0.00603754
          31     1.68353     1.76045  0.00636395
          32      1.6753     1.75779  0.00669833
          33     1.66675     1.75503  0.00704064
          34     1.65787     1.75217  0.00739084
          35     1.64866     1.74922  0.00774888
          36     1.63912     1.74616  0.00811468
          37     1.62926       1.743  0.00848816
          38     1.61907     1.73974  0.00886919
          39     1.60856     1.73637  0.00925765
          40     1.59772     1.73291  0.00965335
          41     1.58657     1.72934   0.0100561
          42     1.57512     1.72567   0.0104656
          43     1.56335     1.72189   0.0108817
          44      1.5513     1.71802    0.011304
          45     1.53895     1.71404   0.0117323
          46     1.52634     1.70996   0.0121661
          47     1.51345     1.70578   0.0126052
          48     1.50032     1.70149   0.0130491
          49     1.48696     1.69712   0.0134973
          50     1.47337     1.69264   0.0139494
          51     1.45959     1.68807    0.014405
          52     1.44562     1.68341   0.0148634
          53      1.4315     1.67866   0.0153241
          54     1.41723     1.67382   0.0157865
          55     1.40286     1.66889     0.01625
          56     1.38839     1.66388   0.0167139
          57     1.37387     1.65879   0.0171777
          58     1.35931     1.65363   0.0176405
          59     1.34474     1.64839   0.0181018
          60      1.3302     1.64309   0.0185607
          61     1.31571     1.63772   0.0190165
          62     1.30131      1.6323   0.0194685
          63     1.28702     1.62682    0.019916
          64     1.27289     1.62129   0.0203581
          65     1.25894     1.61571   0.0207941
          66     1.24521      1.6101   0.0212233
          67     1.23172     1.60445   0.0216448
          68     1.21851     1.59877   0.0220581
          69      1.2056     1.59308   0.0224624
          70     1.19304     1.58736   0.0228569
          71     1.18084     1.58164   0.0232411
          72     1.16904     1.57591   0.0236142
          73     1.15765     1.57018   0.0239757
          74     1.14671     1.56445   0.0243251
          75     1.13622     1.55874   0.0246617
          76     1.12622     1.55305   0.0249853
          77     1.11671     1.54739   0.0252953
          78     1.10771     1.54175   0.0255913
          79     1.09922     1.53615   0.0258732
          80     1.09127     1.53059   0.0261406
          81     1.08384     1.52507   0.0263933
          82     1.07695     1.51961   0.0266312
          83     1.07059      1.5142   0.0268542
          84     1.06477     1.50885   0.0270622
          85     1.05948     1.50356   0.0272553
          86     1.05472     1.49834   0.0274335
          87     1.05048     1.49319   0.0275969
          88     1.04675     1.48812   0.0277457
          89     1.04353     1.48312     0.02788
          90      1.0408     1.47821   0.0280001
          91     1.03856     1.47338   0.0281061
          92     1.03678     1.46863   0.0281984
          93     1.03546     1.46397   0.0282773
          94     1.03458     1.45941    0.028343
          95     1.03413     1.45493    0.028396
          96     1.03409     1.45055   0.0284366
          97     1.03443     1.44626   0.0284651
          98     1.03514     1.44206   0.0284821
          99      1.0362     1.43796    0.028488
         100     1.03758     1.43396    0.028483
         101     1.03926     1.43005   0.0284679
         102     1.04123     1.42624   0.0284428
         103     1.04345     1.42252   0.0284084
         104     1.04589      1.4189   0.0283652
         105     1.04854     1.41537   0.0283135
         106     1.05137     1.41194   0.0282539
         107     1.05435      1.4086   0.0281867
         108     1.05746     1.40535   0.0281126
         109     1.06068     1.40218    0.028032
         110     1.06397     1.39911   0.0279453
         111     1.06732     1.39612   0.0278529
         112      1.0707     1.39321   0.0277554
         113      1.0741     1.39039    0.027653
         114      1.0775     1.38765   0.0275463
         115     1.08087     1.38498   0.0274357
         116      1.0842     1.38239   0.0273214
         117     1.08748     1.37986   0.0272039
         118     1.09068     1.37741   0.0270835
         119      1.0938     1.37503   0.0269606
         120     1.09683     1.37271   0.0268354
         121     1.09975     1.37046   0.0267083
         122     1.10256     1.36826   0.0265795
         123     1.10525     1.36612   0.0264493
         124     1.10782     1.36404   0.0263179
         125     1.11025     1.36201   0.0261855
         126     1.11256     1.36003   0.0260524
         127     1.11472      1.3581   0.0259188
         128     1.11675     1.35621   0.0257848
         129     1.11863     1.35437   0.0256506
         130     1.12037     1.35257   0.0255164
         131     1.12198     1.35081   0.0253822
         132     1.12344     1.34909   0.0252483
         133     1.12476      1.3474   0.0251148
         134     1.12595     1.34575   0.0249817
         135       1.127     1.34413   0.0248491
         136     1.12792     1.34254   0.0247172
         137      1.1287     1.34098    0.024586
         138     1.12936     1.33944   0.0244556
         139     1.12989     1.33794   0.0243261
         140      1.1303     1.33645   0.0241975
         141     1.13058     1.33499   0.0240699
         142     1.13074     1.33355   0.0239433
         143     1.13078     1.33214   0.0238179
         144     1.13071     1.33074   0.0236935
         145     1.13052     1.32936   0.0235703
         146     1.13021     1.32799   0.0234483
         147      1.1298     1.32664   0.0233275
         148     1.12928     1.32531    0.023208
         149     1.12865     1.32399   0.0230897
         150     1.12793     1.32268   0.0229728
         151      1.1271     1.32139   0.0228571
         152     1.12618      1.3201   0.0227428
         153     1.12516     1.31883   0.0226298
         154     1.12405     1.31757   0.0225182
         155     1.12286     1.31631   0.0224079
         156      1.1216     1.31506    0.022299
         157     1.12026     1.31382   0.0221915
         158     1.11886     1.31259   0.0220853
         159     1.11739     1.31136   0.0219805
         160     1.11588     1.31014    0.021877
         161     1.11432     1.30892   0.0217749
         162     1.11272     1.30771   0.0216742
         163      1.1111      1.3065   0.0215747
         164     1.10944      1.3053   0.0214766
         165     1.10778     1.30411   0.0213798
         166     1.10609     1.30291   0.0212842
         167     1.10441     1.30172     0.02119
         168     1.10272     1.30054   0.0210969
         169     1.10104     1.29936   0.0210051
         170     1.09937     1.29818   0.0209144
         171     1.09771     1.29701    0.020825
         172     1.09607     1.29584   0.0207366
         173     1.09444     1.29468   0.0206494
         174     1.09284     1.29352   0.0205633
         175     1.09126     1.29236   0.0204783
         176     1.08971     1.29121   0.0203942
         177     1.08817     1.29006   0.0203113
         178     1.08667     1.28892   0.0202293
         179     1.08518     1.28778   0.0201482
         180     1.08373     1.28665   0.0200682
         181     1.08229     1.28552    0.019989
         182     1.08089      1.2844   0.0199108
         183     1.07951     1.28328   0.0198335
         184     1.07817     1.28216    0.019757
         185     1.07686     1.28105   0.0196813
         186      1.0756     1.27995   0.0196065
         187     1.07438     1.27885   0.0195324
         188     1.07321     1.27775   0.0194591
         189      1.0721     1.27667   0.0193866
         190     1.07105     1.27558   0.0193147
         191     1.07008     1.27451   0.0192435
         192     1.06919     1.27344    0.019173
         193      1.0684     1.27238   0.0191031
         194      1.0677     1.27132   0.0190337
         195     1.06711     1.27027   0.0189649
         196     1.06663     1.26923   0.0188966
         197     1.06628      1.2682   0.0188287
         198     1.06606     1.26718   0.0187613
         199     1.06598     1.26617   0.0186942
         200     1.06604     1.26517   0.0186275
         201     1.06625     1.26418   0.0185611
         202     1.06661      1.2632    0.018495
         203     1.06712     1.26224   0.0184291
         204     1.06778     1.26128   0.0183634
         205     1.06858     1.26034   0.0182978
         206     1.06952     1.25942   0.0182324
         207      1.0706     1.25851   0.0181672
         208      1.0718     1.25761    0.018102
         209     1.07312     1.25673   0.0180369
         210     1.07454     1.25586   0.0179718
         211     1.07606     1.25501   0.0179069
         212     1.07766     1.25417   0.0178419
         213     1.07933     1.25335    0.017777
         214     1.08106     1.25254   0.0177122
         215     1.08282     1.25175   0.0176474
         216     1.08462     1.25098   0.0175826
         217     1.08642     1.25022    0.017518
         218     1.08823     1.24948   0.0174534
         219     1.09001     1.24875   0.0173888
         220     1.09177     1.24804   0.0173244
         221     1.09348     1.24734   0.0172602
         222     1.09514     1.24665    0.017196
         223     1.09673     1.24598    0.017132
         224     1.09824     1.24532   0.0170682
         225     1.09966     1.24467   0.0170047
         226     1.10099     1.24404   0.0169413
         227     1.10221     1.24341   0.0168782
         228     1.10333      1.2428   0.0168153
         229     1.10433     1.24219   0.0167528
         230     1.10521      1.2416   0.0166905
         231     1.10598     1.24101   0.0166286
         232     1.10663     1.24043    0.016567
         233     1.10715     1.23986   0.0165058
         234     1.10756     1.23929   0.0164449
         235     1.10785     1.23873   0.0163844
         236     1.10803     1.23818   0.0163244
         237     1.10809     1.23763   0.0162647
         238     1.10805     1.23709   0.0162055
         239     1.10789     1.23655   0.0161467
         240     1.10764     1.23601   0.0160884
         241     1.10728     1.23548   0.0160305
         242     1.10683     1.23494    0.015973
         243     1.10628     1.23441   0.0159161
         244     1.10565     1.23389   0.0158596
         245     1.10494     1.23336   0.0158036
         246     1.10415     1.23284   0.0157481
         247     1.10328     1.23231    0.015693
         248     1.10235     1.23179   0.0156385
         249     1.10135     1.23126   0.0155845
         250     1.10029     1.23074   0.0155309
         251     1.09918     1.23021   0.0154779
         252     1.09803     1.22969   0.0154254
         253     1.09684     1.22917   0.0153733
         254     1.09561     1.22864   0.0153218
         255     1.09436     1.22811   0.0152708
         256     1.09309     1.22759   0.0152202
         257     1.09181     1.22706   0.0151702
         258     1.09054     1.22653   0.0151206
         259     1.08926       1.226   0.0150715
         260     1.08801     1.22547   0.0150229
         261     1.08677     1.22494   0.0149747
         262     1.08556      1.2244    0.014927
         263     1.08439     1.22387   0.0148797
         264     1.08326     1.22334   0.0148329
         265     1.08218     1.22281   0.0147865
         266     1.08115     1.22227   0.0147405
         267     1.08018     1.22174   0.0146949
         268     1.07928     1.22121   0.0146497
         269     1.07844     1.22068   0.0146048
         270     1.07767     1.22015   0.0145603
         271     1.07696     1.21962   0.0145162
         272     1.07631     1.21909   0.0144724
         273     1.07574     1.21857   0.0144289
         274     1.07522     1.21805   0.0143857
         275     1.07477     1.21752   0.0143428
         276     1.07436     1.21701   0.0143002
         277       1.074     1.21649   0.0142579
         278     1.07367     1.21598   0.0142159
         279     1.07337     1.21547   0.0141741
         280      1.0731     1.21496   0.0141326
         281     1.07283     1.21445   0.0140914
         282     1.07257     1.21395   0.0140504
         283     1.07231     1.21345   0.0140096
         284     1.07202     1.21295   0.0139692
         285     1.07172     1.21245   0.0139289
         286     1.07139     1.21196    0.013889
         287     1.07102     1.21147   0.0138492
         288     1.07061     1.21098   0.0138098
         289     1.07014     1.21049   0.0137706
         290     1.06963     1.21001   0.0137317
         291     1.06905     1.20952    0.013693
         292     1.06842     1.20904   0.0136547
         293     1.06774     1.20856   0.0136166
         294     1.06699     1.20808   0.0135788
         295     1.06619     1.20759   0.0135413
         296     1.06534     1.20711    0.013504
         297     1.06445     1.20663   0.0134671
         298     1.06352     1.20615   0.0134305
         299     1.06255     1.20567   0.0133941
         300     1.06156     1.20519   0.0133581
         301     1.06057     1.20471   0.0133224
         302     1.05957     1.20423   0.0132869
         303     1.05858     1.20375   0.0132518
         304     1.05762     1.20327   0.0132169
         305      1.0567     1.20279   0.0131823
         306     1.05584     1.20231   0.0131479
         307     1.05505     1.20183   0.0131139
         308     1.05434     1.20135     0.01308
         309     1.05374     1.20087   0.0130464
         310     1.05326      1.2004    0.013013
         311     1.05291     1.19992   0.0129798
         312     1.05272     1.19945   0.0129468
         313     1.05269     1.19898   0.0129139
         314     1.05283     1.19852   0.0128812
         315     1.05316     1.19806   0.0128485
         316     1.05368      1.1976    0.012816
         317      1.0544     1.19715   0.0127835
         318      1.0553      1.1967   0.0127511
         319      1.0564     1.19626   0.0127187
         320     1.05768     1.19583   0.0126863
         321     1.05912      1.1954    0.012654
         322     1.06072     1.19498   0.0126216
         323     1.06245     1.19457   0.0125892
         324     1.06429     1.19417   0.0125567
         325     1.06623     1.19378   0.0125243
         326     1.06823     1.19339   0.0124918
         327     1.07028     1.19302   0.0124592
         328     1.07234     1.19265   0.0124267
         329     1.07439     1.19229   0.0123941
         330      1.0764     1.19194   0.0123615
         331     1.07836     1.19159   0.0123289
         332     1.08024     1.19126   0.0122964
         333     1.08201     1.19093   0.0122638
         334     1.08367     1.19061   0.0122313
         335      1.0852      1.1903   0.0121988
         336     1.08658     1.18999   0.0121664
         337      1.0878     1.18968   0.0121341
         338     1.08886     1.18938   0.0121019
         339     1.08974     1.18909   0.0120698
         340     1.09043      1.1888   0.0120377
         341     1.09094     1.18851   0.0120059
         342     1.09126     1.18823   0.0119741
         343     1.09138     1.18795   0.0119425
         344     1.09131     1.18767   0.0119111
         345     1.09104     1.18739   0.0118799
         346     1.09058     1.18711   0.0118489
         347     1.08991     1.18683    0.011818
         348     1.08905     1.18655   0.0117874
         349       1.088     1.18626    0.011757
         350     1.08675     1.18598   0.0117269
         351      1.0853     1.18569    0.011697
         352     1.08366      1.1854   0.0116673
         353     1.08182     1.18511    0.011638
         354      1.0798     1.18481   0.0116089
         355     1.07759     1.18451   0.0115801
         356      1.0752      1.1842   0.0115516
         357     1.07263     1.18389   0.0115235
         358     1.06989     1.18357   0.0114957
         359     1.06699     1.18325   0.0114683
         360     1.06394     1.18291   0.0114412
         361     1.06074     1.18258   0.0114145
         362     1.05742     1.18223   0.0113882
         363     1.05397     1.18188   0.0113623
         364     1.05042     1.18152   0.0113369
         365     1.04679     1.18115   0.0113118
         366     1.04308     1.18077   0.0112872
         367     1.03933     1.18038    0.011263
         368     1.03555     1.17999   0.0112393
         369     1.03176     1.17959    0.011216
         370       1.028     1.17918   0.0111932
         371     1.02427     1.17876   0.0111708
         372     1.02062     1.17834   0.0111488
         373     1.01706      1.1779   0.0111273
         374     1.01362     1.17747   0.0111062
         375     1.01033     1.17702   0.0110856
         376     1.00721     1.17657   0.0110653
         377     1.00429     1.17611   0.0110454
         378      1.0016     1.17565   0.0110258
         379    0.999148     1.17518   0.0110065
         380    0.996962     1.17471   0.0109875
         381    0.995058     1.17424   0.0109688
         382    0.993451     1.17377   0.0109503
         383    0.992151      1.1733    0.010932
         384    0.991165     1.17282   0.0109138
         385    0.990498     1.17235   0.0108957
         386     0.99015     1.17188   0.0108777
         387    0.990116     1.17141   0.0108597
         388     0.99039     1.17094   0.0108418
         389    0.990958     1.17048   0.0108238
         390    0.991807     1.17002   0.0108057
         391    0.992917     1.16957   0.0107876
         392    0.994266     1.16912   0.0107693
         393    0.995833     1.16868   0.0107509
         394     0.99759     1.16824   0.0107324
         395     0.99951     1.16782   0.0107137
         396     1.00156      1.1674   0.0106949
         397     1.00372     1.16698   0.0106759
         398     1.00595     1.16658   0.0106567
         399     1.00823     1.16618   0.0106374
         400     1.01052     1.16579   0.0106179
         401     1.01281     1.16541   0.0105983
         402     1.01506     1.16504   0.0105785
         403     1.01726     1.16467   0.0105587
         404     1.01938     1.16431   0.0105386
         405      1.0214     1.16396   0.0105185
         406      1.0233     1.16361   0.0104983
         407     1.02509     1.16327    0.010478
         408     1.02673     1.16294   0.0104577
         409     1.02822     1.16261   0.0104373
         410     1.02956     1.16228   0.0104169
         411     1.03073     1.16196   0.0103965
         412     1.03174     1.16165    0.010376
         413     1.03259     1.16133   0.0103556
         414     1.03326     1.16103   0.0103352
         415     1.03378     1.16072   0.0103149
         416     1.03413     1.16041   0.0102946
         417     1.03432     1.16011   0.0102743
         418     1.03436     1.15981   0.0102541
         419     1.03425     1.15951   0.0102341
         420       1.034     1.15921    0.010214
         421     1.03362     1.15891   0.0101941
         422      1.0331     1.15862   0.0101743
         423     1.03246     1.15832   0.0101547
         424     1.03171     1.15802   0.0101351
         425     1.03085     1.15772   0.0101157
         426      1.0299     1.15742   0.0100964
         427     1.02885     1.15712   0.0100772
         428     1.02772     1.15682   0.0100582
         429     1.02653     1.15651   0.0100393
         430     1.02527     1.15621   0.0100206
         431     1.02396      1.1559   0.0100021
         432     1.02262     1.15559  0.00998368
         433     1.02125     1.15528  0.00996545
         434     1.01987     1.15497  0.00994737
         435      1.0185     1.15466  0.00992945
         436     1.01714     1.15434  0.00991168
         437     1.01583     1.15402  0.00989407
         438     1.01456     1.15371   0.0098766
         439     1.01336     1.15339  0.00985927
         440     1.01225     1.15307  0.00984208
         441     1.01123     1.15274  0.00982502
         442     1.01032     1.15242  0.00980807
         443     1.00953      1.1521  0.00979124
         444     1.00887     1.15178   0.0097745
         445     1.00835     1.15145  0.00975784
         446     1.00796     1.15113  0.00974127
         447     1.00771     1.15081  0.00972476
         448      1.0076     1.15049   0.0097083
         449     1.00761     1.15017   0.0096919
         450     1.00775     1.14986  0.00967552
         451       1.008     1.14954  0.00965918
         452     1.00835     1.14923  0.00964286
         453     1.00878     1.14892  0.00962656
         454     1.00928     1.14861  0.00961027
         455     1.00983     1.14831  0.00959398
         456      1.0104     1.14801  0.00957771
         457       1.011     1.14771  0.00956144
         458     1.01159     1.14741  0.00954518
         459     1.01216     1.14711  0.00952894
         460      1.0127     1.14682   0.0095127
         461     1.01319     1.14653  0.00949648
         462     1.01363     1.14624  0.00948028
         463     1.01399     1.14596  0.00946411
         464     1.01429     1.14567  0.00944796
         465      1.0145     1.14539  0.00943186
         466     1.01463     1.14511  0.00941579
         467     1.01468     1.14483  0.00939977
         468     1.01463     1.14455   0.0093838
         469      1.0145     1.14428  0.00936789
         470     1.01429       1.144  0.00935204
         471       1.014     1.14372  0.00933626
         472     1.01364     1.14345  0.00932054
         473     1.01322     1.14317   0.0093049
         474     1.01274      1.1429  0.00928934
         475     1.01222     1.14262  0.00927386
         476     1.01166     1.14235  0.00925845
         477     1.01109     1.14207  0.00924313
         478     1.01051      1.1418  0.00922789
         479     1.00993     1.14152  0.00921273
         480     1.00937     1.14125  0.00919765
         481     1.00884     1.14097  0.00918265
         482     1.00836      1.1407  0.00916772
         483     1.00794     1.14042  0.00915286
         484     1.00758     1.14015  0.00913806
         485      1.0073     1.13987  0.00912332
         486     1.00712      1.1396  0.00910864
         487     1.00704     1.13933    0.009094
         488     1.00707     1.13906   0.0090794
         489     1.00722     1.13879  0.00906484
         490     1.00749     1.13852   0.0090503
         491      1.0079     1.13825  0.00903578
         492     1.00844     1.13799  0.00902126
         493     1.00912     1.13773  0.00900675
         494     1.00994     1.13747  0.00899223
         495      1.0109     1.13721   0.0089777
         496     1.01201     1.13696  0.00896315
         497     1.01326     1.13671  0.00894857
         498     1.01465     1.13647  0.00893396
         499     1.01617     1.13623   0.0089193
         500     1.01782     1.13599  0.00890461
         501      1.0196     1.13576  0.00888986
         502      1.0215     1.13553  0.00887507
         503     1.02351     1.13531  0.00886022
         504     1.02563     1.13509  0.00884531
         505     1.02784     1.13488  0.00883034
         506     1.03013     1.13467  0.00881532
         507      1.0325     1.13447  0.00880023
         508     1.03492     1.13427  0.00878509
         509     1.03739     1.13408   0.0087699
         510     1.03988      1.1339  0.00875464
         511      1.0424     1.13372  0.00873934
         512      1.0449     1.13354    0.008724
         513     1.04739     1.13338  0.00870861
         514     1.04985     1.13321  0.00869318
         515     1.05225     1.13306  0.00867772
         516     1.05457      1.1329  0.00866224
         517     1.05681     1.13276  0.00864673
         518     1.05893     1.13262  0.00863121
         519     1.06093     1.13248  0.00861569
         520     1.06279     1.13234  0.00860016
         521     1.06448     1.13221  0.00858464
         522       1.066     1.13209  0.00856913
         523     1.06732     1.13196  0.00855364
         524     1.06844     1.13184  0.00853818
         525     1.06935     1.13172  0.00852274
         526     1.07002      1.1316  0.00850735
         527     1.07046     1.13149    0.008492
         528     1.07065     1.13137   0.0084767
         529     1.07059     1.13126  0.00846145
         530     1.07027     1.13114  0.00844627
         531     1.06968     1.13103  0.00843115
         532     1.06883     1.13091  0.00841612
         533     1.06772     1.13079  0.00840116
         534     1.06634     1.13067   0.0083863
         535      1.0647     1.13055  0.00837153
         536      1.0628     1.13042  0.00835686
         537     1.06066     1.13029  0.00834231
         538     1.05826     1.13016  0.00832788
         539     1.05564     1.13002  0.00831358
         540     1.05279     1.12988  0.00829941
         541     1.04973     1.12973  0.00828539
         542     1.04648     1.12957  0.00827153
         543     1.04304     1.12942  0.00825783
         544     1.03944     1.12925  0.00824431
         545     1.03571     1.12908  0.00823097
         546     1.03184      1.1289  0.00821782
         547     1.02788     1.12872  0.00820487
         548     1.02383     1.12852  0.00819213
         549     1.01973     1.12833   0.0081796
         550      1.0156     1.12812   0.0081673
         551     1.01146     1.12791  0.00815522
         552     1.00733     1.12769  0.00814337
         553     1.00326     1.12747  0.00813175
         554     0.99925     1.12723  0.00812037
         555    0.995343       1.127  0.00810921
         556    0.991558     1.12675  0.00809829
         557     0.98792      1.1265  0.00808758
         558    0.984454     1.12625  0.00807709
         559    0.981183     1.12599  0.00806681
         560    0.978128     1.12573  0.00805673
         561     0.97531     1.12546  0.00804683
         562    0.972745     1.12519  0.00803709
         563     0.97045     1.12491  0.00802752
         564    0.968439     1.12463  0.00801808
         565    0.966723     1.12435  0.00800875
         566     0.96531     1.12407  0.00799953
         567    0.964205     1.12379  0.00799039
         568    0.963412     1.12351  0.00798131
         569    0.962928     1.12323  0.00797227
         570    0.962755     1.12295  0.00796326
         571    0.962885     1.12266  0.00795424
         572    0.963311     1.12239  0.00794521
         573    0.964022     1.12211  0.00793615
         574    0.965006     1.12184  0.00792704
         575    0.966248     1.12157  0.00791788
         576     0.96773      1.1213  0.00790863
         577    0.969436     1.12104   0.0078993
         578    0.971345     1.12078  0.00788988
         579    0.973438     1.12052  0.00788036
         580    0.975693     1.12027  0.00787073
         581     0.97809     1.12003  0.00786098
         582    0.980606     1.11979  0.00785112
         583     0.98322     1.11955  0.00784115
         584    0.985912     1.11932  0.00783106
         585    0.988663      1.1191  0.00782086
         586    0.991451     1.11888  0.00781055
         587    0.994258     1.11867  0.00780013
         588    0.997064     1.11846   0.0077896
         589    0.999853     1.11826  0.00777898
         590     1.00261     1.11807  0.00776827
         591     1.00531     1.11788  0.00775746
         592     1.00796     1.11769  0.00774658
         593     1.01052     1.11751  0.00773563
         594       1.013     1.11733   0.0077246
         595     1.01539     1.11716  0.00771352
         596     1.01766       1.117  0.00770239
         597     1.01982     1.11683   0.0076912
         598     1.02185     1.11667  0.00767998
         599     1.02375     1.11652  0.00766873
         600     1.02551     1.11637  0.00765745
         601     1.02713     1.11622  0.00764614
         602     1.02859     1.11607  0.00763483
         603     1.02991     1.11593   0.0076235
         604     1.03107     1.11579  0.00761218
         605     1.03208     1.11565  0.00760085
         606     1.03292     1.11551  0.00758954
         607      1.0336     1.11538  0.00757823
         608     1.03413     1.11525  0.00756695
         609     1.03448     1.11511  0.00755568
         610     1.03468     1.11498  0.00754445
         611     1.03472     1.11485  0.00753324
         612      1.0346     1.11472  0.00752207
         613     1.03432     1.11459  0.00751095
         614     1.03389     1.11446  0.00749986
         615     1.03331     1.11432  0.00748883
         616     1.03259     1.11419  0.00747785
         617     1.03172     1.11406  0.00746692
         618     1.03073     1.11392  0.00745606
         619     1.02962     1.11379  0.00744526
         620     1.02839     1.11365  0.00743452
         621     1.02706     1.11351  0.00742386
         622     1.02565     1.11337  0.00741327
         623     1.02416     1.11323  0.00740275
         624     1.02261     1.11308  0.00739231
         625     1.02102     1.11293  0.00738195
         626      1.0194     1.11278  0.00737167
         627     1.01778     1.11263  0.00736147
         628     1.01617     1.11248  0.00735135
         629      1.0146     1.11232  0.00734131
         630     1.01308     1.11217  0.00733135
         631     1.01164     1.11201  0.00732146
         632      1.0103     1.11185  0.00731164
         633     1.00907     1.11168  0.00730189
         634     1.00798     1.11152  0.00729221
         635     1.00704     1.11135  0.00728258
         636     1.00627     1.11119    0.007273
         637     1.00567     1.11102  0.00726347
         638     1.00526     1.11086  0.00725398
         639     1.00504     1.11069  0.00724452
         640     1.00502     1.11053  0.00723508
         641     1.00519     1.11036  0.00722566
         642     1.00556      1.1102  0.00721625
         643      1.0061     1.11004  0.00720684
         644     1.00683     1.10988  0.00719743
         645     1.00772     1.10972  0.00718801
         646     1.00876     1.10956  0.00717859
         647     1.00994     1.10941  0.00716914
         648     1.01124     1.10926  0.00715968
         649     1.01265     1.10911  0.00715019
         650     1.01416     1.10896  0.00714069
         651     1.01575     1.10882  0.00713115
         652      1.0174     1.10868  0.00712159
         653      1.0191     1.10854  0.00711201
         654     1.02084     1.10841   0.0071024
         655     1.02261     1.10828  0.00709276
         656      1.0244     1.10815   0.0070831
         657      1.0262     1.10802  0.00707342
         658     1.02801      1.1079  0.00706371
         659     1.02981     1.10778  0.00705399
         660      1.0316     1.10767  0.00704425
         661     1.03337     1.10756  0.00703449
         662     1.03513     1.10745  0.00702471
         663     1.03687     1.10734  0.00701492
         664     1.03858     1.10724  0.00700512
         665     1.04027     1.10714  0.00699531
         666     1.04191     1.10704  0.00698549
         667     1.04352     1.10694  0.00697567
         668     1.04509     1.10685  0.00696584
         669     1.04661     1.10676  0.00695601
         670     1.04808     1.10667  0.00694618
         671     1.04949     1.10659  0.00693635
         672     1.05084      1.1065  0.00692652
         673     1.05213     1.10642   0.0069167
         674     1.05334     1.10635  0.00690689
         675     1.05448     1.10627  0.00689709
         676     1.05555     1.10619  0.00688729
         677     1.05652     1.10612  0.00687751
         678     1.05741     1.10605  0.00686774
         679      1.0582     1.10598  0.00685799
         680      1.0589     1.10591  0.00684825
         681      1.0595     1.10584  0.00683853
         682     1.06001     1.10577  0.00682884
         683     1.06041     1.10571  0.00681916
         684     1.06072     1.10564  0.00680951
         685     1.06092     1.10558  0.00679988
         686     1.06103     1.10551  0.00679028
         687     1.06104     1.10545   0.0067807
         688     1.06097     1.10538  0.00677116
         689      1.0608     1.10532  0.00676164
         690     1.06055     1.10525  0.00675215
         691     1.06021     1.10519  0.00674269
         692      1.0598     1.10512  0.00673327
         693     1.05932     1.10506  0.00672388
         694     1.05877     1.10499  0.00671452
         695     1.05816     1.10492  0.00670519
         696     1.05749     1.10485  0.00669591
         697     1.05675     1.10478  0.00668666
         698     1.05597     1.10471  0.00667744
         699     1.05512     1.10464  0.00666827
         700     1.05422     1.10457  0.00665913
         701     1.05327      1.1045  0.00665003
         702     1.05227     1.10442  0.00664097
         703      1.0512     1.10435  0.00663196
         704     1.05007     1.10427  0.00662299
         705     1.04888     1.10419  0.00661406
         706     1.04762     1.10411  0.00660518
         707     1.04628     1.10403  0.00659634
         708     1.04486     1.10395  0.00658755
         709     1.04336     1.10386  0.00657882
         710     1.04176     1.10377  0.00657013
         711     1.04007     1.10368   0.0065615
         712     1.03828     1.10359  0.00655293
         713     1.03639      1.1035  0.00654442
         714     1.03438      1.1034  0.00653597
         715     1.03227      1.1033  0.00652758
         716     1.03004      1.1032  0.00651927
         717     1.02771     1.10309  0.00651102
         718     1.02528     1.10299  0.00650286
         719     1.02275     1.10287  0.00649477
         720     1.02013     1.10276  0.00648677
         721     1.01745     1.10264  0.00647885
         722      1.0147     1.10252  0.00647102
         723     1.01192     1.10239  0.00646328
         724     1.00912     1.10226  0.00645564
         725     1.00634     1.10213  0.00644809
         726      1.0036       1.102  0.00644064
         727     1.00093     1.10186  0.00643328
         728    0.998369     1.10172  0.00642601
         729    0.995957     1.10157  0.00641884
         730     0.99373     1.10142  0.00641174
         731    0.991725     1.10127  0.00640473
         732     0.98998     1.10112  0.00639778
         733    0.988531     1.10097   0.0063909
         734    0.987408     1.10081  0.00638406
         735    0.986639     1.10066  0.00637727
         736    0.986247      1.1005   0.0063705
         737    0.986247     1.10035  0.00636374
         738    0.986649     1.10019  0.00635698
         739    0.987453     1.10004  0.00635021
         740    0.988654     1.09989  0.00634341
         741    0.990235     1.09974  0.00633657
         742    0.992178      1.0996  0.00632969
         743    0.994457     1.09945  0.00632276
         744    0.997042     1.09932  0.00631576
         745    0.999899     1.09918  0.00630869
         746     1.00299     1.09905  0.00630155
         747     1.00628     1.09893  0.00629434
         748     1.00974     1.09881  0.00628705
         749     1.01332      1.0987  0.00627969
         750     1.01699     1.09859  0.00627227
         751     1.02073     1.09848  0.00626477
         752      1.0245     1.09839  0.00625721
         753     1.02827     1.09829  0.00624959
         754     1.03204     1.09821  0.00624192
         755     1.03577     1.09812   0.0062342
         756     1.03945     1.09805  0.00622644
         757     1.04307     1.09797  0.00621864
         758     1.04662      1.0979   0.0062108
         759      1.0501     1.09784  0.00620294
         760     1.05349     1.09778  0.00619505
         761     1.05681     1.09773  0.00618715
         762     1.06004     1.09768  0.00617923
         763     1.06318     1.09763  0.00617129
         764     1.06624     1.09759  0.00616335
         765     1.06921     1.09756  0.00615541
         766     1.07209     1.09752  0.00614746
         767     1.07489     1.09749  0.00613952
         768      1.0776     1.09747  0.00613158
         769     1.08023     1.09745  0.00612364
         770     1.08277     1.09743  0.00611572
         771     1.08522     1.09741  0.00610781
         772     1.08758      1.0974  0.00609991
         773     1.08985     1.09739  0.00609203
         774     1.09202     1.09738  0.00608416
         775     1.09409     1.09738  0.00607631
         776     1.09606     1.09738  0.00606848
         777     1.09793     1.09738  0.00606067
         778     1.09968     1.09738  0.00605288
         779     1.10132     1.09738  0.00604511
         780     1.10283     1.09739  0.00603737
         781     1.10422      1.0974  0.00602964
         782     1.10548     1.09741  0.00602194
         783      1.1066     1.09742  0.00601426
         784     1.10757     1.09743  0.00600661
         785      1.1084     1.09745  0.00599897
         786     1.10907     1.09746  0.00599136
         787     1.10958     1.09748  0.00598376
         788     1.10992     1.09749  0.00597619
         789      1.1101     1.09751  0.00596864
         790     1.11011     1.09753   0.0059611
         791     1.10993     1.09754  0.00595359
         792     1.10957     1.09756  0.00594609
         793     1.10903     1.09757  0.00593861
         794      1.1083     1.09759  0.00593115
         795     1.10738      1.0976   0.0059237
         796     1.10626     1.09761  0.00591627
         797     1.10494     1.09762  0.00590885
         798     1.10343     1.09763  0.00590145
         799     1.10171     1.09763  0.00589407
         800      1.0998     1.09763   0.0058867
         801     1.09769     1.09763  0.00587935
         802     1.09538     1.09763  0.00587202
         803     1.09288     1.09762  0.00586471
         804     1.09019     1.09762  0.00585742
         805     1.08731      1.0976  0.00585016
         806     1.08425     1.09759  0.00584293
         807     1.08102     1.09757  0.00583572
         808     1.07763     1.09754  0.00582855
         809     1.07408     1.09751  0.00582142
         810     1.07039     1.09748  0.00581433
         811     1.06658     1.09744  0.00580728
         812     1.06266      1.0974  0.00580029
         813     1.05865     1.09735  0.00579335
         814     1.05457      1.0973  0.00578647
         815     1.05044     1.09724  0.00577966
         816     1.04628     1.09718  0.00577291
         817     1.04211     1.09711  0.00576624
         818     1.03796     1.09704  0.00575964
         819     1.03386     1.09696  0.00575313
         820     1.02983     1.09688  0.00574669
         821      1.0259     1.09679  0.00574034
         822      1.0221      1.0967  0.00573408
         823     1.01845     1.09661   0.0057279
         824     1.01498     1.09651  0.00572181
         825     1.01171      1.0964  0.00571579
         826     1.00866      1.0963  0.00570986
         827     1.00586     1.09619    0.005704
         828     1.00332     1.09608  0.00569822
         829     1.00106     1.09596   0.0056925
         830    0.999089     1.09584  0.00568683
         831    0.997415     1.09573  0.00568122
         832    0.996044     1.09561  0.00567566
         833    0.994978     1.09549  0.00567013
         834    0.994213     1.09536  0.00566463
         835    0.993745     1.09524  0.00565916
         836    0.993566     1.09512  0.00565369
         837    0.993662       1.095  0.00564824
         838    0.994019     1.09488  0.00564278
         839     0.99462     1.09476  0.00563732
         840    0.995444     1.09464  0.00563185
         841     0.99647     1.09452  0.00562636
         842    0.997674     1.09441  0.00562086
         843    0.999031      1.0943  0.00561533
         844     1.00052     1.09419  0.00560977
         845      1.0021     1.09408  0.00560419
         846     1.00376     1.09397  0.00559859
         847     1.00547     1.09387  0.00559295
         848      1.0072     1.09376  0.00558729
         849     1.00892     1.09366   0.0055816
         850     1.01062     1.09357  0.00557589
         851     1.01227     1.09347  0.00557016
         852     1.01384     1.09338   0.0055644
         853     1.01532     1.09329  0.00555863
         854      1.0167      1.0932  0.00555285
         855     1.01794     1.09311  0.00554705
         856     1.01905     1.09302  0.00554124
         857        1.02     1.09294  0.00553543
         858     1.02079     1.09285  0.00552962
         859     1.02141     1.09277  0.00552381
         860     1.02184     1.09269    0.005518
         861     1.02209      1.0926   0.0055122
         862     1.02215     1.09252  0.00550641
         863       1.022     1.09244  0.00550064
         864     1.02166     1.09236  0.00549488
         865     1.02113     1.09228  0.00548915
         866      1.0204     1.09219  0.00548344
         867     1.01947     1.09211  0.00547775
         868     1.01835     1.09202   0.0054721
         869     1.01704     1.09194  0.00546648
         870     1.01554     1.09185  0.00546091
         871     1.01387     1.09176  0.00545537
         872     1.01202     1.09167  0.00544988
         873        1.01     1.09158  0.00544444
         874     1.00783     1.09148  0.00543905
         875      1.0055     1.09138  0.00543373
         876     1.00303     1.09128  0.00542846
         877     1.00042     1.09118  0.00542326
         878    0.997683     1.09107  0.00541813
         879    0.994834     1.09096  0.00541307
         880    0.991882     1.09085  0.00540809
         881    0.988838     1.09073  0.00540319
         882    0.985716     1.09061  0.00539837
         883     0.98253     1.09049  0.00539365
         884    0.979294     1.09037  0.00538901
         885    0.976023     1.09024  0.00538447
         886    0.972737      1.0901  0.00538003
         887    0.969455     1.08997  0.00537568
         888    0.966195     1.08983  0.00537143
         889    0.962977     1.08969  0.00536729
         890    0.959827     1.08954  0.00536324
         891    0.956767     1.08939  0.00535929
         892    0.953821     1.08924  0.00535544
         893    0.951017     1.08908  0.00535168
         894    0.948381     1.08893    0.005348
         895    0.945938     1.08877  0.00534441
         896    0.943718      1.0886   0.0053409
         897    0.941749     1.08844  0.00533745
         898    0.940058     1.08828  0.00533407
         899     0.93867     1.08811  0.00533073
         900    0.937608     1.08794  0.00532743
         901    0.936897     1.08777  0.00532415
         902    0.936556     1.08761  0.00532089
         903    0.936602     1.08744  0.00531762
         904    0.937049     1.08727  0.00531434
         905    0.937906     1.08711  0.00531103
         906    0.939178     1.08695  0.00530768
         907    0.940866     1.08678  0.00530427
         908    0.942965     1.08663  0.00530079
         909    0.945464     1.08647  0.00529724
         910    0.948346     1.08632  0.00529359
         911    0.951594     1.08617  0.00528985
         912    0.955181     1.08603  0.00528599
         913    0.959079     1.08589  0.00528203
         914    0.963257     1.08575  0.00527796
         915    0.967677     1.08562  0.00527377
         916    0.972301      1.0855  0.00526946
         917    0.977088     1.08538  0.00526504
         918    0.981999     1.08527  0.00526051
         919    0.986993     1.08516  0.00525587
         920    0.992027     1.08506  0.00525113
         921    0.997063     1.08497   0.0052463
         922     1.00206     1.08488  0.00524138
         923     1.00698     1.08479  0.00523638
         924      1.0118     1.08471  0.00523131
         925     1.01646     1.08464  0.00522618
         926     1.02096     1.08457  0.00522098
         927     1.02525     1.08451  0.00521574
         928     1.02933     1.08445  0.00521046
         929     1.03315     1.08439  0.00520515
         930     1.03671     1.08434   0.0051998
         931        1.04     1.08429  0.00519444
         932       1.043     1.08425  0.00518905
         933      1.0457     1.08421  0.00518365
         934     1.04809     1.08417  0.00517825
         935     1.05018     1.08413  0.00517284
         936     1.05197      1.0841  0.00516743
         937     1.05345     1.08407  0.00516201
         938     1.05463     1.08403  0.00515661
         939     1.05551       1.084   0.0051512
         940     1.05611     1.08397  0.00514581
         941     1.05643     1.08394  0.00514042
         942     1.05648     1.08392  0.00513505
         943     1.05628     1.08389  0.00512969
         944     1.05584     1.08386  0.00512434
         945     1.05517     1.08383  0.00511901
         946     1.05429     1.08379  0.00511369
         947     1.05321     1.08376  0.00510839
         948     1.05195     1.08373  0.00510312
         949     1.05052     1.08369  0.00509786
         950     1.04894     1.08366  0.00509262
         951     1.04722     1.08362  0.00508741
         952     1.04538     1.08358  0.00508223
         953     1.04344     1.08354  0.00507707
         954     1.04141     1.08349  0.00507194
         955      1.0393     1.08345  0.00506684
         956     1.03713      1.0834  0.00506177
         957     1.03491     1.08335  0.00505673
         958     1.03266     1.08329  0.00505173
         959     1.03039     1.08324  0.00504677
         960     1.02811     1.08318  0.00504184
         961     1.02583     1.08312  0.00503694
         962     1.02356     1.08306  0.00503209
         963     1.02131       1.083  0.00502727
         964      1.0191     1.08293  0.00502249
         965     1.01694     1.08286  0.00501775
         966     1.01482     1.08279  0.00501305
         967     1.01277     1.08272  0.00500839
         968     1.01079     1.08264  0.00500377
         969     1.00889     1.08257  0.00499918
         970     1.00708     1.08249  0.00499464
         971     1.00536     1.08241  0.00499012
         972     1.00374     1.08233  0.00498565
         973     1.00224     1.08225   0.0049812
         974     1.00084     1.08216  0.00497679
         975    0.999564     1.08208  0.00497241
         976    0.998407     1.08199  0.00496805
         977    0.997373     1.08191  0.00496372
         978    0.996463     1.08182  0.00495941
         979    0.995679     1.08173  0.00495513
         980    0.995018     1.08164  0.00495086
         981    0.994479     1.08155  0.00494661
         982    0.994059     1.08147  0.00494238
         983    0.993756     1.08138  0.00493815
         984    0.993567     1.08129  0.00493394
         985    0.993487      1.0812  0.00492974
         986    0.993514     1.08111  0.00492554
         987    0.993645     1.08102  0.00492135
         988    0.993877     1.08093  0.00491716
         989    0.994208     1.08084  0.00491297
         990    0.994635     1.08076  0.00490878
         991    0.995156     1.08067  0.00490458
         992    0.995771     1.08059  0.00490039
         993    0.996481      1.0805  0.00489618
         994    0.997287     1.08042  0.00489197
         995    0.998191     1.08033  0.00488775
         996    0.999195     1.08025  0.00488352
         997      1.0003     1.08017  0.00487928
         998     1.00152     1.08009  0.00487503
         999     1.00285     1.08002  0.00487077
        1000     1.00429     1.07994  0.00486648
        1001     1.00585     1.07987  0.00486218
        1002     1.00753     1.07979  0.00485787
        1003     1.00934     1.07972  0.00485353
        1004     1.01127     1.07966  0.00484918
        1005     1.01332     1.07959   0.0048448
        1006     1.01549     1.07953   0.0048404
        1007     1.01778     1.07947  0.00483599
        1008     1.02018     1.07941  0.00483155
        1009     1.02268     1.07935  0.00482708
        1010     1.02528      1.0793   0.0048226
        1011     1.02797     1.07925   0.0048181
        1012     1.03074      1.0792  0.00481358
        1013     1.03356     1.07915  0.00480904
        1014     1.03644     1.07911  0.00480448
        1015     1.03936     1.07907   0.0047999
        1016      1.0423     1.07904  0.00479532
        1017     1.04524       1.079  0.00479072
        1018     1.04818     1.07897  0.00478611
        1019     1.05109     1.07894  0.00478149
        1020     1.05396     1.07892  0.00477686
        1021     1.05679      1.0789  0.00477223
        1022     1.05954     1.07888   0.0047676
        1023     1.06221     1.07886  0.00476297
        1024     1.06478     1.07885  0.00475834
        1025     1.06724     1.07884  0.00475371
        1026     1.06958     1.07883  0.00474908
        1027     1.07178     1.07882  0.00474446
        1028     1.07383     1.07882  0.00473985
        1029     1.07573     1.07881  0.00473525
        1030     1.07746     1.07881  0.00473065
        1031     1.07902     1.07881  0.00472606
        1032      1.0804     1.07881  0.00472148
        1033     1.08159     1.07882  0.00471691
        1034      1.0826     1.07882  0.00471235
        1035     1.08343     1.07883   0.0047078
        1036     1.08406     1.07883  0.00470326
        1037      1.0845     1.07884  0.00469873
        1038     1.08477     1.07884   0.0046942
        1039     1.08486     1.07885  0.00468969
        1040     1.08478     1.07885  0.00468518
        1041     1.08454     1.07886  0.00468068
        1042     1.08415     1.07886   0.0046762
        1043     1.08363     1.07887  0.00467171
        1044     1.08299     1.07887  0.00466724
        1045     1.08224     1.07888  0.00466278
        1046     1.08141     1.07888  0.00465832
        1047     1.08051     1.07888  0.00465387
        1048     1.07955     1.07888  0.00464943
        1049     1.07857     1.07888    0.004645
        1050     1.07757     1.07888  0.00464057
        1051     1.07659     1.07888  0.00463616
        1052     1.07563     1.07887  0.00463175
        1053     1.07472     1.07887  0.00462736
        1054     1.07387     1.07886  0.00462297
        1055      1.0731     1.07886  0.00461859
        1056     1.07243     1.07885  0.00461422
        1057     1.07187     1.07885  0.00460986
        1058     1.07144     1.07884  0.00460551
        1059     1.07114     1.07883  0.00460116
        1060     1.07097     1.07882  0.00459683
        1061     1.07096     1.07882   0.0045925
        1062     1.07109     1.07881  0.00458818
        1063     1.07138      1.0788  0.00458387
        1064     1.07183      1.0788  0.00457957
        1065     1.07243     1.07879  0.00457527
        1066     1.07318     1.07879  0.00457098
        1067     1.07407     1.07878   0.0045667
        1068     1.07511     1.07878  0.00456243
        1069     1.07628     1.07877  0.00455816
        1070     1.07758     1.07877   0.0045539
        1071       1.079     1.07877  0.00454965
        1072     1.08051     1.07878   0.0045454
        1073     1.08212     1.07878  0.00454117
        1074     1.08381     1.07878  0.00453694
        1075     1.08557     1.07879  0.00453273
        1076     1.08737      1.0788  0.00452852
        1077     1.08921     1.07881  0.00452433
        1078     1.09106     1.07882  0.00452015
        1079     1.09291     1.07883  0.00451598
        1080     1.09476     1.07885  0.00451182
        1081     1.09657     1.07886  0.00450767
        1082     1.09833     1.07888  0.00450354
        1083     1.10004      1.0789  0.00449943
        1084     1.10167     1.07892  0.00449533
        1085     1.10322     1.07894  0.00449124
        1086     1.10468     1.07897  0.00448717
        1087     1.10604     1.07899  0.00448311
        1088     1.10729     1.07902  0.00447906
        1089     1.10844     1.07905  0.00447503
        1090     1.10947     1.07907  0.00447101
        1091     1.11039      1.0791  0.00446701
        1092      1.1112     1.07913  0.00446301
        1093     1.11191     1.07916  0.00445903
        1094     1.11251     1.07919  0.00445506
        1095     1.11303     1.07922   0.0044511
        1096     1.11346     1.07925  0.00444714
        1097     1.11382     1.07929   0.0044432
        1098     1.11411     1.07932  0.00443927
        1099     1.11435     1.07935  0.00443534
        1100     1.11454     1.07938  0.00443143
        1101      1.1147     1.07941  0.00442752
        1102     1.11483     1.07945  0.00442362
        1103     1.11494     1.07948  0.00441972
        1104     1.11505     1.07951  0.00441584
        1105     1.11514     1.07954  0.00441196
        1106     1.11524     1.07957  0.00440809
        1107     1.11534     1.07961  0.00440422
        1108     1.11545     1.07964  0.00440037
        1109     1.11556     1.07967  0.00439652
        1110     1.11568      1.0797  0.00439268
        1111     1.11581     1.07974  0.00438884
        1112     1.11594     1.07977  0.00438502
        1113     1.11606      1.0798   0.0043812
        1114     1.11619     1.07983  0.00437739
        1115     1.11632     1.07987  0.00437359
        1116     1.11643      1.0799  0.00436979
        1117     1.11654     1.07993    0.004366
        1118     1.11664     1.07997  0.00436222
        1119     1.11673        1.08  0.00435844
        1120     1.11682     1.08003  0.00435468
        1121     1.11689     1.08006  0.00435092
        1122     1.11697      1.0801  0.00434716
        1123     1.11704     1.08013  0.00434342
        1124     1.11712     1.08016  0.00433968
        1125     1.11722      1.0802  0.00433594
        1126     1.11733     1.08023  0.00433222
        1127     1.11747     1.08026   0.0043285
        1128     1.11764     1.08029  0.00432479
        1129     1.11786     1.08033  0.00432109
        1130     1.11812     1.08036  0.00431739
        1131     1.11844      1.0804  0.00431371
        1132     1.11883     1.08043  0.00431003
        1133     1.11928     1.08046  0.00430636
        1134     1.11979      1.0805   0.0043027
        1135     1.12038     1.08053  0.00429906
        1136     1.12105     1.08057  0.00429542
        1137     1.12179     1.08061   0.0042918
        1138      1.1226     1.08064  0.00428818
        1139     1.12347     1.08068  0.00428458
        1140     1.12441     1.08072    0.004281
        1141      1.1254     1.08076  0.00427742
        1142     1.12643      1.0808  0.00427386
        1143      1.1275     1.08084  0.00427032
        1144     1.12859     1.08088  0.00426679
        1145      1.1297     1.08092  0.00426328
        1146     1.13079     1.08097  0.00425978
        1147     1.13187     1.08101   0.0042563
        1148     1.13291     1.08106  0.00425283
        1149      1.1339      1.0811  0.00424938
        1150     1.13482     1.08115  0.00424594
        1151     1.13567      1.0812  0.00424251
        1152     1.13641     1.08124   0.0042391
        1153     1.13705     1.08129   0.0042357
        1154     1.13757     1.08134  0.00423231
        1155     1.13796     1.08139  0.00422893
        1156     1.13821     1.08144  0.00422556
        1157     1.13831     1.08149  0.00422219
        1158     1.13825     1.08154  0.00421883
        1159     1.13804     1.08159  0.00421547
        1160     1.13765     1.08163  0.00421212
        1161     1.13711     1.08168  0.00420876
        1162      1.1364     1.08173   0.0042054
        1163     1.13554     1.08178  0.00420204
        1164     1.13453     1.08182  0.00419867
        1165     1.13337     1.08186   0.0041953
        1166     1.13207     1.08191  0.00419193
        1167     1.13065     1.08195  0.00418854
        1168     1.12911     1.08199  0.00418515
        1169     1.12748     1.08203  0.00418175
        1170     1.12575     1.08207  0.00417834
        1171     1.12395      1.0821  0.00417493
        1172     1.12209     1.08214  0.00417151
        1173     1.12019     1.08217  0.00416808
        1174     1.11826      1.0822  0.00416464
        1175     1.11631     1.08223   0.0041612
        1176     1.11435     1.08226  0.00415775
        1177      1.1124     1.08228  0.00415429
        1178     1.11047     1.08231  0.00415084
        1179     1.10856     1.08233  0.00414738
        1180     1.10669     1.08235  0.00414391
        1181     1.10485     1.08237  0.00414045
        1182     1.10306     1.08238  0.00413698
        1183     1.10132      1.0824  0.00413351
        1184     1.09963     1.08242  0.00413005
        1185     1.09799     1.08243  0.00412658
        1186     1.09639     1.08244  0.00412312
        1187     1.09484     1.08245  0.00411966
        1188     1.09334     1.08246   0.0041162
        1189     1.09188     1.08247  0.00411275
        1190     1.09046     1.08247   0.0041093
        1191     1.08907     1.08248  0.00410585
        1192     1.08772     1.08248  0.00410241
        1193      1.0864     1.08249  0.00409897
        1194      1.0851     1.08249  0.00409554
        1195     1.08382     1.08249  0.00409211
        1196     1.08257     1.08249  0.00408869
        1197     1.08134     1.08249  0.00408528
        1198     1.08013     1.08249  0.00408187
        1199     1.07895     1.08249  0.00407846
        1200     1.07781     1.08248  0.00407507
        1201     1.07669     1.08248  0.00407168
        1202     1.07562     1.08247  0.00406829
        1203      1.0746     1.08246  0.00406492
        1204     1.07364     1.08246  0.00406155
        1205     1.07275     1.08245  0.00405818
        1206     1.07194     1.08244  0.00405483
        1207     1.07123     1.08243  0.00405148
        1208     1.07063     1.08242  0.00404814
        1209     1.07015     1.08241   0.0040448
        1210     1.06981      1.0824  0.00404147
        1211     1.06962     1.08239  0.00403815
        1212     1.06961     1.08238  0.00403483
        1213     1.06977     1.08237  0.00403152
        1214     1.07013     1.08236  0.00402821
        1215     1.07069     1.08235  0.00402491
        1216     1.07147     1.08234  0.00402161
        1217     1.07247     1.08233  0.00401831
        1218      1.0737     1.08233  0.00401502
        1219     1.07515     1.08232  0.00401173
        1220     1.07682     1.08231  0.00400844
        1221     1.07871     1.08231  0.00400516
        1222      1.0808     1.08231  0.00400188
        1223     1.08309     1.08231  0.00399861
        1224     1.08556     1.08231  0.00399534
        1225     1.08818     1.08232  0.00399209
        1226     1.09095     1.08233  0.00398884
        1227     1.09383     1.08234   0.0039856
        1228      1.0968     1.08235  0.00398237
        1229     1.09984     1.08236  0.00397915
        1230     1.10291     1.08238  0.00397595
        1231     1.10599      1.0824  0.00397277
        1232     1.10906     1.08242   0.0039696
        1233     1.11209     1.08244  0.00396646
        1234     1.11505     1.08247  0.00396333
        1235     1.11792      1.0825  0.00396023
        1236     1.12069     1.08253  0.00395714
        1237     1.12332     1.08256  0.00395408
        1238     1.12581      1.0826  0.00395104
        1239     1.12813     1.08263  0.00394802
        1240     1.13028     1.08267  0.00394503
        1241     1.13224     1.08271  0.00394205
        1242       1.134     1.08275  0.00393909
        1243     1.13556      1.0828  0.00393615
        1244      1.1369     1.08284  0.00393323
        1245     1.13803     1.08288  0.00393032
        1246     1.13893     1.08293  0.00392742
        1247     1.13961     1.08297  0.00392454
        1248     1.14007     1.08302  0.00392166
        1249      1.1403     1.08307  0.00391879
        1250     1.14031     1.08311  0.00391592
        1251     1.14009     1.08316  0.00391305
        1252     1.13965      1.0832  0.00391019
        1253     1.13898     1.08325  0.00390732
        1254      1.1381     1.08329  0.00390445
        1255       1.137     1.08333  0.00390157
        1256     1.13568     1.08337  0.00389869
        1257     1.13416     1.08342   0.0038958
        1258     1.13244     1.08345  0.00389289
        1259     1.13051     1.08349  0.00388998
        1260     1.12839     1.08353  0.00388706
        1261     1.12607     1.08356  0.00388412
        1262     1.12357     1.08359  0.00388117
        1263     1.12089     1.08362  0.00387821
        1264     1.11805     1.08365  0.00387524
        1265     1.11504     1.08367  0.00387226
        1266     1.11188      1.0837  0.00386926
        1267     1.10858     1.08372  0.00386626
        1268     1.10514     1.08373  0.00386325
        1269     1.10159     1.08375  0.00386023
        1270     1.09793     1.08376   0.0038572
        1271     1.09418     1.08377  0.00385418
        1272     1.09035     1.08377  0.00385115
        1273     1.08646     1.08377  0.00384813
        1274     1.08253     1.08377  0.00384511
        1275     1.07856     1.08377  0.00384209
        1276     1.07458     1.08376  0.00383909
        1277     1.07059     1.08375   0.0038361
        1278     1.06663     1.08374  0.00383312
        1279     1.06269     1.08372  0.00383016
        1280      1.0588      1.0837  0.00382721
        1281     1.05498     1.08368  0.00382429
        1282     1.05122     1.08365  0.00382139
        1283     1.04756     1.08363  0.00381852
        1284     1.04398     1.08359  0.00381567
        1285     1.04052     1.08356  0.00381285
        1286     1.03716     1.08353  0.00381005
        1287     1.03393     1.08349  0.00380729
        1288     1.03081     1.08345  0.00380455
        1289     1.02783      1.0834  0.00380184
        1290     1.02497     1.08336  0.00379917
        1291     1.02224     1.08331  0.00379652
        1292     1.01964     1.08326   0.0037939
        1293     1.01717     1.08321  0.00379131
        1294     1.01482     1.08316  0.00378875
        1295     1.01259      1.0831  0.00378621
        1296     1.01048     1.08305  0.00378371
        1297     1.00849     1.08299  0.00378123
        1298     1.00661     1.08293  0.00377877
        1299     1.00484     1.08287  0.00377634
        1300     1.00318     1.08281  0.00377393
        1301     1.00162     1.08275  0.00377155
        1302     1.00016     1.08268  0.00376918
        1303    0.998796     1.08262  0.00376684
        1304    0.997531     1.08255  0.00376452
        1305    0.996362     1.08249  0.00376221
        1306    0.995286     1.08242  0.00375992
        1307    0.994303     1.08235  0.00375765
        1308    0.993412     1.08228  0.00375539
        1309     0.99261     1.08222  0.00375315
        1310    0.991895     1.08215  0.00375092
        1311    0.991266     1.08208   0.0037487
        1312    0.990723     1.08201  0.00374649
        1313    0.990263     1.08194  0.00374429
        1314    0.989882     1.08187  0.00374209
        1315     0.98958      1.0818   0.0037399
        1316    0.989352     1.08173  0.00373772
        1317    0.989197     1.08166  0.00373554
        1318    0.989112     1.08159  0.00373337
        1319    0.989094     1.08152   0.0037312
        1320     0.98914     1.08145  0.00372903
        1321    0.989248     1.08138  0.00372686
        1322    0.989417     1.08131  0.00372469
        1323    0.989646     1.08124  0.00372252
        1324    0.989937     1.08117  0.00372034
        1325     0.99029      1.0811  0.00371817
        1326    0.990706     1.08103  0.00371599
        1327    0.991188     1.08097   0.0037138
        1328    0.991741      1.0809  0.00371162
        1329    0.992371     1.08083  0.00370942
        1330    0.993084     1.08077  0.00370722
        1331    0.993887      1.0807  0.00370501
        1332    0.994788     1.08064  0.00370279
        1333    0.995797     1.08057  0.00370056
        1334    0.996922     1.08051  0.00369831
        1335    0.998171     1.08045  0.00369606
        1336    0.999554     1.08039  0.00369379
        1337     1.00108     1.08033   0.0036915
        1338     1.00276     1.08027   0.0036892
        1339     1.00458     1.08021  0.00368687
        1340     1.00657     1.08016  0.00368453
        1341     1.00872     1.08011  0.00368217
        1342     1.01102     1.08005  0.00367979
        1343     1.01348        1.08  0.00367738
        1344     1.01609     1.07996  0.00367495
        1345     1.01884     1.07991   0.0036725
        1346     1.02173     1.07987  0.00367003
        1347     1.02473     1.07983  0.00366753
        1348     1.02784     1.07979  0.00366501
        1349     1.03103     1.07975  0.00366247
        1350     1.03428     1.07972  0.00365992
        1351     1.03757     1.07969  0.00365734
        1352     1.04088     1.07966  0.00365475
        1353     1.04417     1.07963  0.00365214
        1354     1.04743     1.07961  0.00364952
        1355     1.05062     1.07959  0.00364689
        1356     1.05373     1.07957  0.00364425
        1357     1.05671     1.07955   0.0036416
        1358     1.05955     1.07954  0.00363895
        1359     1.06222     1.07952   0.0036363
        1360      1.0647     1.07951  0.00363364
        1361     1.06697      1.0795  0.00363098
        1362       1.069      1.0795  0.00362832
        1363     1.07077     1.07949  0.00362567
        1364     1.07228     1.07948  0.00362301
        1365      1.0735     1.07948  0.00362036
        1366     1.07444     1.07948  0.00361771
        1367     1.07509     1.07947  0.00361507
        1368     1.07544     1.07947  0.00361243
        1369      1.0755     1.07947  0.00360979
        1370     1.07528     1.07946  0.00360715
        1371     1.07478     1.07946  0.00360452
        1372     1.07402     1.07946   0.0036019
        1373     1.07302     1.07945  0.00359928
        1374      1.0718     1.07945  0.00359666
        1375      1.0704     1.07944  0.00359405
        1376     1.06883     1.07943  0.00359145
        1377     1.06714     1.07942  0.00358885
        1378     1.06535     1.07941  0.00358626
        1379     1.06352      1.0794  0.00358368
        1380     1.06166     1.07939  0.00358111
        1381     1.05983     1.07937  0.00357854
        1382     1.05805     1.07936  0.00357599
        1383     1.05636     1.07934  0.00357344
        1384     1.05479     1.07932   0.0035709
        1385     1.05336     1.07931  0.00356837
        1386      1.0521     1.07929  0.00356585
        1387     1.05103     1.07927  0.00356334
        1388     1.05015     1.07925  0.00356083
        1389     1.04947     1.07922  0.00355833
        1390     1.04899      1.0792  0.00355584
        1391      1.0487     1.07918  0.00355335
        1392     1.04861     1.07916  0.00355087
        1393      1.0487     1.07914  0.00354839
        1394     1.04894     1.07911  0.00354591
        1395     1.04934     1.07909  0.00354343
        1396     1.04987     1.07907  0.00354095
        1397      1.0505     1.07905  0.00353848
        1398     1.05123     1.07903    0.003536
        1399     1.05202     1.07901  0.00353353
        1400     1.05287     1.07899  0.00353105
        1401     1.05374     1.07898  0.00352858
        1402     1.05462     1.07896   0.0035261
        1403      1.0555     1.07894  0.00352363
        1404     1.05636     1.07893  0.00352116
        1405     1.05718     1.07891  0.00351869
        1406     1.05795      1.0789  0.00351621
        1407     1.05865     1.07888  0.00351374
        1408     1.05928     1.07887  0.00351128
        1409     1.05981     1.07885  0.00350881
        1410     1.06024     1.07884  0.00350635
        1411     1.06056     1.07883  0.00350389
        1412     1.06077     1.07881  0.00350143
        1413     1.06085      1.0788  0.00349897
        1414     1.06082     1.07879  0.00349652
        1415     1.06065     1.07878  0.00349407
        1416     1.06035     1.07876  0.00349163
        1417     1.05993     1.07875  0.00348919
        1418     1.05938     1.07874  0.00348676
        1419     1.05871     1.07872  0.00348433
        1420     1.05793     1.07871  0.00348191
        1421     1.05705     1.07869  0.00347949
        1422     1.05607     1.07868  0.00347708
        1423     1.05501     1.07866  0.00347468
        1424     1.05389     1.07864  0.00347228
        1425     1.05272     1.07862  0.00346989
        1426     1.05151     1.07861  0.00346751
        1427      1.0503     1.07859  0.00346514
        1428     1.04908     1.07856  0.00346277
        1429      1.0479     1.07854  0.00346041
        1430     1.04675     1.07852  0.00345806
        1431     1.04568      1.0785  0.00345572
        1432     1.04468     1.07847  0.00345339
        1433     1.04379     1.07845  0.00345107
        1434     1.04301     1.07843  0.00344875
        1435     1.04236      1.0784  0.00344644
        1436     1.04185     1.07837  0.00344413
        1437      1.0415     1.07835  0.00344183
        1438      1.0413     1.07832  0.00343953
        1439     1.04125      1.0783  0.00343724
        1440     1.04136     1.07827  0.00343495
        1441     1.04162     1.07825  0.00343266
        1442     1.04202     1.07822  0.00343037
        1443     1.04255      1.0782  0.00342808
        1444     1.04319     1.07817  0.00342579
        1445     1.04393     1.07815   0.0034235
        1446     1.04475     1.07813  0.00342121
        1447     1.04563      1.0781  0.00341892
        1448     1.04655     1.07808  0.00341663
        1449     1.04748     1.07806  0.00341434
        1450     1.04841     1.07804  0.00341205
        1451     1.04931     1.07802  0.00340975
        1452     1.05017       1.078  0.00340746
        1453     1.05097     1.07798  0.00340516
        1454     1.05169     1.07796  0.00340287
        1455     1.05232     1.07795  0.00340058
        1456     1.05284     1.07793  0.00339828
        1457     1.05326     1.07791  0.00339599
        1458     1.05356      1.0779  0.00339371
        1459     1.05375     1.07788  0.00339142
        1460     1.05381     1.07786  0.00338914
        1461     1.05375     1.07785  0.00338686
        1462     1.05359     1.07783  0.00338458
        1463     1.05332     1.07781  0.00338231
        1464     1.05296      1.0778  0.00338004
        1465     1.05252     1.07778  0.00337778
        1466     1.05201     1.07776  0.00337552
        1467     1.05144     1.07774  0.00337327
        1468     1.05085     1.07772  0.00337102
        1469     1.05024     1.07771  0.00336878
        1470     1.04963     1.07769  0.00336654
        1471     1.04905     1.07767  0.00336431
        1472     1.04852     1.07765  0.00336208
        1473     1.04805     1.07763  0.00335986
        1474     1.04768     1.07761  0.00335764
        1475     1.04741     1.07759  0.00335543
        1476     1.04728     1.07757  0.00335321
        1477      1.0473     1.07755  0.00335101
        1478     1.04749     1.07753   0.0033488
        1479     1.04786     1.07751   0.0033466
        1480     1.04844     1.07749  0.00334439
        1481     1.04923     1.07747  0.00334219
        1482     1.05024     1.07745  0.00333999
        1483     1.05148     1.07743  0.00333778
        1484     1.05296     1.07741  0.00333557
        1485     1.05468      1.0774  0.00333336
        1486     1.05662     1.07739  0.00333115
        1487     1.05879     1.07737  0.00332893
        1488     1.06118     1.07736  0.00332671
        1489     1.06376     1.07735  0.00332449
        1490     1.06654     1.07735  0.00332226
        1491     1.06948     1.07734  0.00332004
        1492     1.07257     1.07734  0.00331782
        1493     1.07577     1.07734  0.00331559
        1494     1.07907     1.07734  0.00331338
        1495     1.08244     1.07734  0.00331116
        1496     1.08585     1.07735  0.00330895
        1497     1.08927     1.07735  0.00330675
        1498     1.09267     1.07736  0.00330456
        1499     1.09603     1.07738  0.00330238
        1500     1.09931     1.07739  0.00330021
        1501      1.1025     1.07741  0.00329805
        1502     1.10557     1.07743  0.00329591
        1503     1.10849     1.07745  0.00329378
        1504     1.11125     1.07747  0.00329167
        1505     1.11382     1.07749  0.00328957
        1506      1.1162     1.07752  0.00328749
        1507     1.11836     1.07755  0.00328542
        1508     1.12029     1.07758  0.00328336
        1509     1.12199      1.0776  0.00328132
        1510     1.12345     1.07764  0.00327928
        1511     1.12466     1.07767  0.00327726
        1512     1.12561      1.0777  0.00327525
        1513     1.12632     1.07773  0.00327324
        1514     1.12676     1.07776  0.00327124
        1515     1.12696     1.07779  0.00326924
        1516      1.1269     1.07783  0.00326725
        1517     1.12659     1.07786  0.00326525
        1518     1.12604     1.07789  0.00326325
        1519     1.12525     1.07792  0.00326125
        1520     1.12423     1.07795  0.00325925
        1521     1.12298     1.07798  0.00325724
        1522     1.12151     1.07801  0.00325523
        1523     1.11984     1.07804  0.00325321
        1524     1.11797     1.07806  0.00325118
        1525      1.1159     1.07809  0.00324914
        1526     1.11366     1.07811  0.00324709
        1527     1.11125     1.07813  0.00324504
        1528     1.10868     1.07815  0.00324298
        1529     1.10596     1.07817  0.00324091
        1530     1.10311     1.07819  0.00323883
        1531     1.10014      1.0782  0.00323675
        1532     1.09706     1.07822  0.00323466
        1533     1.09389     1.07823  0.00323256
        1534     1.09063     1.07823  0.00323047
        1535      1.0873     1.07824  0.00322837
        1536     1.08392     1.07824  0.00322627
        1537      1.0805     1.07824  0.00322417
        1538     1.07706     1.07824  0.00322207
        1539      1.0736     1.07824  0.00321998
        1540     1.07014     1.07824  0.00321789
        1541      1.0667     1.07823  0.00321581
        1542     1.06327     1.07822  0.00321374
        1543     1.05988     1.07821  0.00321168
        1544     1.05654     1.07819  0.00320963
        1545     1.05325     1.07818   0.0032076
        1546     1.05003     1.07816  0.00320557
        1547     1.04688     1.07814  0.00320356
        1548     1.04381     1.07812  0.00320157
        1549     1.04084     1.07809   0.0031996
        1550     1.03796     1.07807  0.00319764
        1551     1.03518     1.07804  0.00319569
        1552     1.03252     1.07801  0.00319377
        1553     1.02996     1.07798  0.00319186
        1554     1.02753     1.07795  0.00318997
        1555     1.02522     1.07791   0.0031881
        1556     1.02304     1.07788  0.00318625
        1557     1.02099     1.07784  0.00318441
        1558     1.01908      1.0778  0.00318259
        1559     1.01731     1.07776  0.00318079
        1560     1.01568     1.07772    0.003179
        1561     1.01421     1.07768  0.00317722
        1562      1.0129     1.07764  0.00317546
        1563     1.01175      1.0776  0.00317371
        1564     1.01077     1.07756  0.00317196
        1565     1.00997     1.07751  0.00317023
        1566     1.00935     1.07747  0.00316851
        1567     1.00892     1.07743  0.00316679
        1568     1.00869     1.07738  0.00316507
        1569     1.00866     1.07734  0.00316335
        1570     1.00883     1.07729  0.00316164
        1571     1.00921     1.07725  0.00315993
        1572     1.00981     1.07721  0.00315821
        1573     1.01062     1.07717  0.00315648
        1574     1.01165     1.07712  0.00315475
        1575     1.01289     1.07708  0.00315301
        1576     1.01434     1.07704  0.00315126
        1577       1.016     1.07701   0.0031495
        1578     1.01785     1.07697  0.00314773
        1579     1.01989     1.07693  0.00314594
        1580     1.02211      1.0769  0.00314414
        1581     1.02449     1.07686  0.00314233
        1582     1.02702     1.07683   0.0031405
        1583     1.02968      1.0768  0.00313866
        1584     1.03247     1.07677   0.0031368
        1585     1.03536     1.07675  0.00313493
        1586     1.03834     1.07672  0.00313305
        1587     1.04139      1.0767  0.00313115
        1588     1.04449     1.07668  0.00312925
        1589     1.04763     1.07666  0.00312733
        1590      1.0508     1.07665  0.00312541
        1591     1.05396     1.07663  0.00312348
        1592     1.05712     1.07662  0.00312154
        1593     1.06026     1.07661  0.00311959
        1594     1.06335      1.0766  0.00311765
        1595      1.0664      1.0766   0.0031157
        1596     1.06937     1.07659  0.00311375
        1597     1.07227     1.07659   0.0031118
        1598     1.07508     1.07659  0.00310986
        1599     1.07779     1.07659  0.00310791
        1600     1.08038     1.07659  0.00310597
        1601     1.08284     1.07659  0.00310403
        1602     1.08516      1.0766   0.0031021
        1603     1.08733     1.07661  0.00310017
        1604     1.08934     1.07661  0.00309825
        1605     1.09119     1.07662  0.00309633
        1606     1.09285     1.07663  0.00309442
        1607     1.09433     1.07664  0.00309251
        1608     1.09562     1.07666  0.00309061
        1609     1.09671     1.07667  0.00308872
        1610     1.09761     1.07668  0.00308683
        1611      1.0983      1.0767  0.00308494
        1612      1.0988     1.07671  0.00308306
        1613     1.09909     1.07672  0.00308118
        1614     1.09919     1.07674   0.0030793
        1615      1.0991     1.07675  0.00307742
        1616     1.09882     1.07676  0.00307555
        1617     1.09836     1.07678  0.00307368
        1618     1.09774     1.07679   0.0030718
        1619     1.09697      1.0768  0.00306993
        1620     1.09605     1.07682  0.00306806
        1621       1.095     1.07683  0.00306619
        1622     1.09385     1.07684  0.00306431
        1623      1.0926     1.07685  0.00306244
        1624     1.09128     1.07686  0.00306057
        1625     1.08991     1.07686   0.0030587
        1626     1.08852     1.07687  0.00305682
        1627     1.08711     1.07688  0.00305495
        1628     1.08573     1.07688  0.00305308
        1629     1.08438     1.07689  0.00305121
        1630      1.0831     1.07689  0.00304934
        1631     1.08191     1.07689  0.00304747
        1632     1.08083      1.0769   0.0030456
        1633     1.07988      1.0769  0.00304374
        1634     1.07909      1.0769  0.00304188
        1635     1.07848      1.0769  0.00304002
        1636     1.07806      1.0769  0.00303816
        1637     1.07785      1.0769   0.0030363
        1638     1.07787      1.0769  0.00303445
        1639     1.07813      1.0769   0.0030326
        1640     1.07863      1.0769  0.00303075
        1641     1.07939     1.07691   0.0030289
        1642      1.0804     1.07691  0.00302706
        1643     1.08167     1.07691  0.00302522
        1644      1.0832     1.07691  0.00302338
        1645     1.08497     1.07692  0.00302155
        1646     1.08698     1.07693  0.00301972
        1647     1.08922     1.07693  0.00301789
        1648     1.09168     1.07694  0.00301607
        1649     1.09433     1.07695  0.00301426
        1650     1.09716     1.07696  0.00301246
        1651     1.10016     1.07698  0.00301067
        1652      1.1033     1.07699  0.00300889
        1653     1.10657     1.07701  0.00300712
        1654     1.10995     1.07703  0.00300537
        1655     1.11342     1.07705  0.00300364
        1656     1.11697     1.07708  0.00300192
        1657     1.12057      1.0771  0.00300022
        1658      1.1242     1.07713  0.00299855
        1659     1.12786     1.07716  0.00299689
        1660     1.13153      1.0772  0.00299527
        1661      1.1352     1.07723  0.00299367
        1662     1.13884     1.07727   0.0029921
        1663     1.14246     1.07731  0.00299055
        1664     1.14604     1.07735  0.00298904
        1665     1.14956     1.07739  0.00298756
        1666     1.15303     1.07744  0.00298611
        1667     1.15643     1.07749   0.0029847
        1668     1.15974     1.07753  0.00298332
        1669     1.16297     1.07759  0.00298197
        1670     1.16609     1.07764  0.00298065
        1671     1.16911     1.07769  0.00297937
        1672       1.172     1.07775  0.00297812
        1673     1.17475     1.07781  0.00297691
        1674     1.17736     1.07787  0.00297572
        1675      1.1798     1.07793  0.00297457
        1676     1.18207     1.07799  0.00297344
        1677     1.18415     1.07805  0.00297234
        1678     1.18603     1.07812  0.00297127
        1679      1.1877     1.07818  0.00297022
        1680     1.18915     1.07825  0.00296918
        1681     1.19035     1.07832  0.00296817
        1682     1.19132     1.07838  0.00296716
        1683     1.19202     1.07845  0.00296617
        1684     1.19246     1.07852  0.00296518
        1685     1.19263     1.07859  0.00296419
        1686     1.19251     1.07865   0.0029632
        1687      1.1921     1.07872  0.00296221
        1688      1.1914     1.07879  0.00296121
        1689      1.1904     1.07885  0.00296019
        1690     1.18909     1.07892  0.00295916
        1691     1.18748     1.07898   0.0029581
        1692     1.18557     1.07905  0.00295703
        1693     1.18334     1.07911  0.00295592
        1694     1.18081     1.07917  0.00295479
        1695     1.17798     1.07923  0.00295362
        1696     1.17484     1.07928  0.00295241
        1697      1.1714     1.07934  0.00295117
        1698     1.16766     1.07939  0.00294989
        1699     1.16363     1.07944  0.00294857
        1700     1.15932     1.07949  0.00294721
        1701     1.15474     1.07953  0.00294581
        1702      1.1499     1.07957  0.00294437
        1703     1.14482     1.07961  0.00294289
        1704     1.13951     1.07964  0.00294138
        1705     1.13399     1.07968  0.00293982
        1706     1.12829      1.0797  0.00293824
        1707     1.12243     1.07973  0.00293662
        1708     1.11644     1.07975  0.00293498
        1709     1.11036     1.07977  0.00293332
        1710     1.10422     1.07978  0.00293164
        1711     1.09806     1.07979  0.00292995
        1712     1.09193      1.0798  0.00292824
        1713     1.08588      1.0798  0.00292654
        1714     1.07994      1.0798  0.00292483
        1715     1.07419      1.0798  0.00292312
        1716     1.06867      1.0798  0.00292143
        1717     1.06343     1.07979  0.00291974
        1718     1.05852     1.07977  0.00291807
        1719     1.05401     1.07976  0.00291641
        1720     1.04993     1.07974  0.00291477
        1721     1.04633     1.07972  0.00291314
        1722     1.04324      1.0797  0.00291152
        1723      1.0407     1.07968  0.00290992
        1724     1.03874     1.07965  0.00290833
        1725     1.03735     1.07963  0.00290675
        1726     1.03655      1.0796  0.00290517
        1727     1.03634     1.07958   0.0029036
        1728      1.0367     1.07955  0.00290202
        1729      1.0376     1.07953  0.00290044
        1730     1.03903     1.07951  0.00289886
        1731     1.04094     1.07948  0.00289727
        1732     1.04329     1.07946  0.00289568
        1733     1.04604     1.07944  0.00289407
        1734     1.04915     1.07943  0.00289245
        1735     1.05256     1.07941  0.00289083
        1736     1.05624      1.0794  0.00288919
        1737     1.06012     1.07939  0.00288755
        1738     1.06417     1.07938   0.0028859
        1739     1.06835     1.07937  0.00288425
        1740     1.07262     1.07937   0.0028826
        1741     1.07693     1.07937  0.00288094
        1742     1.08127     1.07937  0.00287929
        1743      1.0856     1.07937  0.00287764
        1744     1.08989     1.07938  0.00287599
        1745     1.09413     1.07939  0.00287436
        1746     1.09829      1.0794  0.00287273
        1747     1.10236     1.07941  0.00287112
        1748     1.10633     1.07943  0.00286952
        1749     1.11017     1.07944  0.00286793
        1750     1.11388     1.07946  0.00286636
        1751     1.11745     1.07948   0.0028648
        1752     1.12086     1.07951  0.00286326
        1753     1.12411     1.07953  0.00286174
        1754      1.1272     1.07956  0.00286024
        1755     1.13011     1.07959  0.00285876
        1756     1.13283     1.07962  0.00285729
        1757     1.13536     1.07965  0.00285584
        1758      1.1377     1.07968  0.00285441
        1759     1.13983     1.07972  0.00285299
        1760     1.14176     1.07975  0.00285159
        1761     1.14347     1.07979   0.0028502
        1762     1.14497     1.07983  0.00284882
        1763     1.14624     1.07986  0.00284745
        1764     1.14729      1.0799  0.00284609
        1765     1.14812     1.07994  0.00284474
        1766     1.14873     1.07998   0.0028434
        1767     1.14912     1.08002  0.00284206
        1768     1.14928     1.08006  0.00284072
        1769     1.14923      1.0801  0.00283938
        1770     1.14897     1.08014  0.00283805
        1771     1.14851     1.08018  0.00283671
        1772     1.14785     1.08021  0.00283536
        1773       1.147     1.08025  0.00283401
        1774     1.14597     1.08029  0.00283266
        1775     1.14477     1.08032   0.0028313
        1776     1.14342     1.08036  0.00282992
        1777     1.14193     1.08039  0.00282854
        1778     1.14031     1.08043  0.00282715
        1779     1.13858     1.08046  0.00282575
        1780     1.13676     1.08049  0.00282434
        1781     1.13487     1.08052  0.00282292
        1782     1.13292     1.08055  0.00282149
        1783     1.13094     1.08058  0.00282005
        1784     1.12894     1.08061   0.0028186
        1785     1.12695     1.08063  0.00281714
        1786     1.12499     1.08066  0.00281567
        1787     1.12309     1.08068   0.0028142
        1788     1.12126     1.08071  0.00281272
        1789     1.11952     1.08073  0.00281123
        1790      1.1179     1.08075  0.00280973
        1791      1.1164     1.08077  0.00280823
        1792     1.11505     1.08079  0.00280673
        1793     1.11385     1.08081  0.00280523
        1794     1.11281     1.08082  0.00280372
        1795     1.11195     1.08084  0.00280221
        1796     1.11126     1.08086   0.0028007
        1797     1.11075     1.08087  0.00279919
        1798      1.1104     1.08089  0.00279769
        1799     1.11022     1.08091  0.00279618
        1800      1.1102     1.08092  0.00279467
        1801     1.11032     1.08094  0.00279317
        1802     1.11057     1.08096  0.00279167
        1803     1.11094     1.08097  0.00279017
        1804     1.11141     1.08099  0.00278867
        1805     1.11197     1.08101  0.00278718
        1806     1.11259     1.08102  0.00278569
        1807     1.11326     1.08104  0.00278421
        1808     1.11397     1.08106  0.00278273
        1809      1.1147     1.08108  0.00278125
        1810     1.11543      1.0811  0.00277978
        1811     1.11615     1.08112  0.00277831
        1812     1.11686     1.08114  0.00277685
        1813     1.11754     1.08116  0.00277539
        1814     1.11818     1.08118  0.00277393
        1815     1.11877      1.0812  0.00277248
        1816     1.11931     1.08122  0.00277104
        1817     1.11978     1.08124  0.00276959
        1818      1.1202     1.08126  0.00276815
        1819     1.12055     1.08128  0.00276671
        1820     1.12083      1.0813  0.00276528
        1821     1.12104     1.08133  0.00276385
        1822     1.12117     1.08135  0.00276242
        1823     1.12123     1.08137  0.00276099
        1824     1.12121     1.08139  0.00275956
        1825     1.12111     1.08141  0.00275813
        1826     1.12093     1.08144  0.00275671
        1827     1.12066     1.08146  0.00275528
        1828      1.1203     1.08148  0.00275386
        1829     1.11985      1.0815  0.00275243
        1830     1.11931     1.08152    0.002751
        1831     1.11867     1.08154  0.00274958
        1832     1.11793     1.08156  0.00274815
        1833     1.11708     1.08158  0.00274672
        1834     1.11614      1.0816  0.00274528
        1835     1.11508     1.08162  0.00274385
        1836     1.11391     1.08163  0.00274241
        1837     1.11264     1.08165  0.00274097
        1838     1.11124     1.08167  0.00273953
        1839     1.10973     1.08168  0.00273808
        1840      1.1081      1.0817  0.00273663
        1841     1.10635     1.08171  0.00273517
        1842     1.10448     1.08172  0.00273372
        1843     1.10247     1.08173  0.00273226
        1844     1.10035     1.08174  0.00273079
        1845     1.09809     1.08175  0.00272933
        1846     1.09571     1.08176  0.00272786
        1847     1.09321     1.08177  0.00272639
        1848     1.09058     1.08177  0.00272492
        1849     1.08782     1.08177  0.00272345
        1850     1.08495     1.08178  0.00272198
        1851     1.08196     1.08178  0.00272051
        1852     1.07885     1.08177  0.00271904
        1853     1.07563     1.08177  0.00271757
        1854     1.07231     1.08177  0.00271611
        1855     1.06889     1.08176  0.00271466
        1856     1.06538     1.08175  0.00271321
        1857     1.06179     1.08174  0.00271177
        1858     1.05812     1.08173  0.00271034
        1859      1.0544     1.08171  0.00270892
        1860     1.05063      1.0817  0.00270751
        1861     1.04683     1.08168  0.00270612
        1862     1.04302     1.08166  0.00270475
        1863      1.0392     1.08163   0.0027034
        1864      1.0354     1.08161  0.00270206
        1865     1.03165     1.08158  0.00270074
        1866     1.02795     1.08155  0.00269945
        1867     1.02433     1.08152  0.00269818
        1868     1.02081     1.08149  0.00269693
        1869     1.01742     1.08146   0.0026957
        1870     1.01417     1.08142   0.0026945
        1871     1.01109     1.08138  0.00269332
        1872      1.0082     1.08134  0.00269217
        1873     1.00552      1.0813  0.00269104
        1874     1.00308     1.08126  0.00268992
        1875     1.00089     1.08122  0.00268883
        1876    0.998976     1.08117  0.00268775
        1877    0.997353     1.08113  0.00268669
        1878    0.996033     1.08108  0.00268564
        1879    0.995031     1.08104  0.00268461
        1880    0.994356     1.08099  0.00268357
        1881    0.994013     1.08095  0.00268255
        1882    0.994007      1.0809  0.00268152
        1883    0.994337     1.08085  0.00268049
        1884    0.994999     1.08081  0.00267945
        1885    0.995985     1.08076  0.00267841
        1886    0.997284     1.08072  0.00267735
        1887     0.99888     1.08068  0.00267629
        1888     1.00076     1.08063   0.0026752
        1889     1.00289     1.08059   0.0026741
        1890     1.00526     1.08055  0.00267299
        1891     1.00783     1.08051  0.00267185
        1892     1.01059     1.08048  0.00267069
        1893     1.01349     1.08044  0.00266952
        1894     1.01651     1.08041  0.00266832
        1895     1.01962     1.08038   0.0026671
        1896     1.02279     1.08035  0.00266587
        1897     1.02598     1.08032  0.00266462
        1898     1.02918     1.08029  0.00266335
        1899     1.03235     1.08026  0.00266207
        1900     1.03546     1.08024  0.00266077
        1901      1.0385     1.08022  0.00265946
        1902     1.04145      1.0802  0.00265814
        1903     1.04428     1.08018  0.00265681
        1904     1.04699     1.08016  0.00265548
        1905     1.04957     1.08015  0.00265413
        1906     1.05199     1.08013  0.00265278
        1907     1.05426     1.08012  0.00265142
        1908     1.05637     1.08011  0.00265006
        1909     1.05832     1.08009   0.0026487
        1910      1.0601     1.08008  0.00264733
        1911     1.06172     1.08007  0.00264596
        1912     1.06318     1.08006  0.00264459
        1913     1.06448     1.08006  0.00264323
        1914     1.06562     1.08005  0.00264185
        1915      1.0666     1.08004  0.00264048
        1916     1.06744     1.08004  0.00263911
        1917     1.06813     1.08003  0.00263775
        1918     1.06868     1.08002  0.00263638
        1919      1.0691     1.08002  0.00263501
        1920     1.06939     1.08001  0.00263364
        1921     1.06955     1.08001  0.00263228
        1922     1.06959        1.08  0.00263091
        1923     1.06952        1.08  0.00262955
        1924     1.06933     1.07999  0.00262819
        1925     1.06903     1.07998  0.00262683
        1926     1.06863     1.07998  0.00262547
        1927     1.06813     1.07997  0.00262412
        1928     1.06753     1.07997  0.00262276
        1929     1.06684     1.07996  0.00262141
        1930     1.06605     1.07995  0.00262007
        1931     1.06519     1.07994  0.00261872
        1932     1.06424     1.07994  0.00261738
        1933     1.06321     1.07993  0.00261604
        1934      1.0621     1.07992   0.0026147
        1935     1.06093     1.07991  0.00261337
        1936     1.05969      1.0799  0.00261204
        1937      1.0584     1.07989  0.00261071
        1938     1.05705     1.07988  0.00260939
        1939     1.05566     1.07986  0.00260808
        1940     1.05423     1.07985  0.00260677
        1941     1.05277     1.07984  0.00260546
        1942     1.05129     1.07982  0.00260416
        1943     1.04979     1.07981  0.00260287
        1944     1.04829     1.07979  0.00260158
        1945      1.0468     1.07977   0.0026003
        1946     1.04533     1.07975  0.00259902
        1947     1.04389     1.07974  0.00259775
        1948     1.04249     1.07972  0.00259649
        1949     1.04115      1.0797  0.00259523
        1950     1.03988     1.07968  0.00259398
        1951     1.03868     1.07966  0.00259274
        1952     1.03758     1.07963   0.0025915
        1953     1.03658     1.07961  0.00259026
        1954     1.03569     1.07959  0.00258904
        1955     1.03493     1.07957  0.00258781
        1956     1.03429     1.07954  0.00258659
        1957     1.03381     1.07952  0.00258538
        1958     1.03347      1.0795  0.00258416
        1959     1.03328     1.07947  0.00258295
        1960     1.03326     1.07945  0.00258174
        1961     1.03339     1.07943  0.00258053
        1962     1.03369      1.0794  0.00257932
        1963     1.03415     1.07938  0.00257811
        1964     1.03477     1.07936   0.0025769
        1965     1.03554     1.07933  0.00257568
        1966     1.03647     1.07931  0.00257447
        1967     1.03753     1.07929  0.00257324
        1968     1.03873     1.07927  0.00257202
        1969     1.04005     1.07925  0.00257079
        1970     1.04148     1.07923  0.00256956
        1971     1.04301     1.07921  0.00256832
        1972     1.04462      1.0792  0.00256708
        1973      1.0463     1.07918  0.00256583
        1974     1.04804     1.07916  0.00256458
        1975     1.04982     1.07915  0.00256332
        1976     1.05162     1.07914  0.00256206
        1977     1.05344     1.07912   0.0025608
        1978     1.05525     1.07911  0.00255953
        1979     1.05704      1.0791  0.00255826
        1980     1.05881     1.07909  0.00255699
        1981     1.06053     1.07908  0.00255572
        1982      1.0622     1.07907  0.00255444
        1983     1.06381     1.07906  0.00255317
        1984     1.06535     1.07906  0.00255189
        1985     1.06681     1.07905  0.00255061
        1986     1.06818     1.07904  0.00254933
        1987     1.06946     1.07904  0.00254806
        1988     1.07065     1.07904  0.00254678
        1989     1.07176     1.07903   0.0025455
        1990     1.07277     1.07903  0.00254422
        1991      1.0737     1.07903  0.00254295
        1992     1.07455     1.07902  0.00254167
        1993     1.07532     1.07902   0.0025404
        1994     1.07603     1.07902  0.00253912
        1995     1.07668     1.07902  0.00253785
        1996     1.07728     1.07902  0.00253658
        1997     1.07785     1.07902  0.00253531
        1998     1.07839     1.07902  0.00253404
        1999     1.07891     1.07902  0.00253277
        2000     1.07944     1.07902   0.0025315
