                 0                 0                 0
        0.00512993                 0                 0
         0.0102599                 0                 0
         0.0153898                 0                 0
         0.0205197                 0                 0
         0.0256496                 0                 0
         0.0307796                 0                 0
         0.0359095                 0                 0
         0.0410394                 0                 0
         0.0461694                 0                 0
         0.0512993                 0                 0
         0.0564292                 0                 0
         0.0615591                 0                 0
         0.0666891                 0                 0
          0.071819                 0                 0
         0.0769489                 0                 0
         0.0820788                 0                 0
         0.0872088                 0                 0
         0.0923387                 0                 0
         0.0974686                 0                 0
          0.102599                 0                 0
          0.107728                 0                 0
          0.112858                 0                 0
          0.117988                 0                 0
          0.123118                 0                 0
          0.128248                 0                 0
          0.133378                 0                 0
          0.138508                 0                 0
          0.143638                 0                 0
          0.148768                 0                 0
          0.153898                 0                 0
          0.159028                 0                 0
          0.164158                 0                 0
          0.169288                 0                 0
          0.174418                 0                 0
          0.179547                 0                 0
          0.184677                 0                 0
          0.189807                 0                 0
          0.194937                 0                 0
          0.200067                 0                 0
          0.205197                 0                 0
          0.210327                 0                 0
          0.215457                 0                 0
          0.220587                 0                 0
          0.225717                 0                 0
          0.230847                 0                 0
          0.235977                 0                 0
          0.241107                 0                 0
          0.246237                 0                 0
          0.251366                 0                 0
          0.256496                 0                 0
          0.261626                 0                 0
          0.266756                 0                 0
          0.271886                 0                 0
          0.277016                 0                 0
          0.282146                 0                 0
          0.287276                 0                 0
          0.292406                 0                 0
          0.297536                 0                 0
          0.302666                 0                 0
          0.307796                 0                 0
          0.312926                 0                 0
          0.318056                 0                 0
          0.323185                 0                 0
          0.328315                 0                 0
          0.333445                 0                 0
          0.338575                 0                 0
          0.343705                 0                 0
          0.348835                 0                 0
          0.353965                 0                 0
          0.359095                 0                 0
          0.364225                 0                 0
          0.369355                 0                 0
          0.374485                 0                 0
          0.379615                 0                 0
          0.384745                 0                 0
          0.389875                 0                 0
          0.395004                 0                 0
          0.400134                 0                 0
          0.405264                 0                 0
          0.410394                 0                 0
          0.415524                 0                 0
          0.420654                 0                 0
          0.425784                 0                 0
          0.430914                 0                 0
          0.436044                 0                 0
          0.441174                 0                 0
          0.446304                 0                 0
          0.451434                 0                 0
          0.456564                 0                 0
          0.461694                 0                 0
          0.466823                 0                 0
          0.471953                 0                 0
          0.477083                 0                 0
          0.482213                 0                 0
          0.487343                 0                 0
          0.492473                 0                 0
          0.497603                 0                 0
          0.502733                 0                 0
          0.507863                 0                 0
          0.512993                 0                 0
          0.518123                 0                 0
          0.523253                 0                 0
          0.528383                 0                 0
          0.533512                 0                 0
          0.538642                 0                 0
          0.543772                 0                 0
          0.548902                 0                 0
          0.554032                 0                 0
          0.559162                 0                 0
          0.564292                 0                 0
          0.569422                 0                 0
          0.574552                 0                 0
          0.579682                 0                 0
          0.584812                 0                 0
          0.589942                 0                 0
          0.595072                 0                 0
          0.600202                 0                 0
          0.605331                 0                 0
          0.610461                 0                 0
          0.615591                 0                 0
          0.620721                 0                 0
          0.625851                 0                 0
          0.630981                 0                 0
          0.636111                 0                 0
          0.641241                 0                 0
          0.646371                 0                 0
          0.651501                 0                 0
          0.656631                 0                 0
          0.661761                 0                 0
          0.666891                 0                 0
          0.672021                 0                 0
           0.67715                 0                 0
           0.68228                 0                 0
           0.68741                 0                 0
           0.69254                 0                 0
           0.69767                 0                 0
            0.7028                 0                 0
           0.70793                 0                 0
           0.71306                 0                 0
           0.71819                 0                 0
           0.72332                 0                 0
           0.72845                 0                 0
           0.73358                 0                 0
           0.73871                 0                 0
           0.74384                 0                 0
          0.748969                 0                 0
          0.754099                 0                 0
          0.759229                 0                 0
          0.764359                 0                 0
          0.769489                 0                 0
          0.774619                 0                 0
          0.779749                 0                 0
          0.784879                 0                 0
          0.790009                 0                 0
          0.795139                 0                 0
          0.800269                 0                 0
          0.805399                 0                 0
          0.810529                 0                 0
          0.815659                 0                 0
          0.820788                 0                 0
          0.825918                 0                 0
          0.831048                 0                 0
          0.836178                 0                 0
          0.841308                 0                 0
          0.846438                 0                 0
          0.851568                 0                 0
          0.856698                 0                 0
          0.861828                 0                 0
          0.866958                 0                 0
          0.872088       0.000492847       0.000262862
          0.877218       0.000951036        0.00031503
          0.882348        0.00183423        0.00048853
          0.887478        0.00205112       0.000609934
          0.892607        0.00356244       0.000696891
          0.897737        0.00666736       0.000950791
          0.902867          0.012757         0.0015377
          0.907997         0.0207124        0.00150379
          0.913127         0.0336389        0.00194787
          0.918257         0.0500035        0.00303735
          0.923387         0.0782651        0.00382504
          0.928517          0.111132        0.00576717
          0.933647          0.167846        0.00583007
          0.938777          0.220383        0.00633309
          0.943907          0.286155        0.00611796
          0.949037          0.374162        0.00921433
          0.954167           0.46239        0.00866646
          0.959297          0.576459        0.00798943
          0.964426          0.684028        0.00814185
          0.969556          0.814216         0.0123737
          0.974686          0.940325         0.0110131
          0.979816           1.08332         0.0117395
          0.984946           1.21396         0.0125551
          0.990076           1.37008         0.0126992
          0.995206           1.49672         0.0160471
           1.00034           1.64229         0.0169462
           1.00547           1.76098          0.016376
            1.0106           1.88469         0.0214166
           1.01573           2.02835         0.0189577
           1.02086           2.11748         0.0173844
           1.02599           2.22069         0.0222064
           1.03112           2.30243         0.0174864
           1.03625           2.37321         0.0204846
           1.04138           2.43987         0.0237601
           1.04651            2.4794         0.0263101
           1.05164           2.52434         0.0262161
           1.05677           2.54153         0.0184945
            1.0619           2.54229         0.0214168
           1.06702           2.56993         0.0221621
           1.07215           2.57309         0.0222658
           1.07728           2.57065         0.0202175
           1.08241           2.51864         0.0240307
           1.08754           2.54059           0.02051
           1.09267            2.5201         0.0192252
            1.0978            2.5193         0.0157437
           1.10293           2.47254         0.0186415
           1.10806           2.41527         0.0193902
           1.11319           2.38806         0.0166194
           1.11832           2.34443         0.0201307
           1.12345           2.28951         0.0172544
           1.12858           2.28192         0.0175609
           1.13371           2.22495         0.0163648
           1.13884            2.1895         0.0175602
           1.14397           2.15176         0.0165525
            1.1491           2.10532         0.0138025
           1.15423           2.04516         0.0117185
           1.15936           2.01272         0.0119208
           1.16449            1.9709         0.0154258
           1.16962           1.91713         0.0165042
           1.17475           1.85626          0.019519
           1.17988           1.80899         0.0196046
           1.18501           1.75421         0.0185535
           1.19014           1.73574         0.0193327
           1.19527           1.68338         0.0183444
            1.2004           1.66749         0.0165776
           1.20553           1.62223         0.0143043
           1.21066           1.57944         0.0148055
           1.21579            1.5346         0.0149068
           1.22092           1.50259         0.0136264
           1.22605           1.48313         0.0148563
           1.23118            1.4463          0.015149
           1.23631           1.40965         0.0152028
           1.24144           1.38803         0.0141638
           1.24657           1.35851         0.0156497
            1.2517           1.33076         0.0132304
           1.25683           1.29717         0.0110331
           1.26196           1.27131         0.0101403
           1.26709           1.24768         0.0133305
           1.27222           1.22513         0.0109266
           1.27735           1.19424          0.011988
           1.28248           1.16099         0.0128567
           1.28761           1.14648         0.0119635
           1.29274           1.11373         0.0127331
           1.29787           1.09864         0.0126396
             1.303           1.08932         0.0129806
           1.30813           1.06773         0.0108582
           1.31326           1.04093        0.00955674
           1.31839           1.01577         0.0095103
           1.32352           1.00096         0.0102627
           1.32865          0.996028         0.0139634
           1.33378          0.982132         0.0133263
           1.33891          0.971622        0.00984517
           1.34404          0.934669         0.0108834
           1.34917          0.929008         0.0118801
            1.3543           0.91164         0.0104545
           1.35943           0.89004         0.0100198
           1.36456          0.881399         0.0111715
           1.36969          0.876433          0.011306
           1.37482          0.859218         0.0109763
           1.37995          0.838989        0.00911096
           1.38508          0.832485        0.00826543
           1.39021          0.822277        0.00919549
           1.39534          0.822469        0.00800159
           1.40047          0.807514        0.00725028
            1.4056          0.799513        0.00669305
           1.41073          0.791751        0.00714437
           1.41586          0.772925         0.0072384
           1.42099          0.770767        0.00799079
           1.42612          0.751695        0.00785944
           1.43125          0.747256        0.00702099
           1.43638          0.748532        0.00962044
           1.44151          0.744459        0.00773653
           1.44664          0.731042        0.00824921
           1.45177          0.724786        0.00762671
            1.4569          0.719523         0.0078617
           1.46203          0.710118        0.00636805
           1.46716          0.712139        0.00713485
           1.47229          0.708675         0.0079899
           1.47742          0.699009        0.00853833
           1.48255          0.699011        0.00736185
           1.48768          0.689364        0.00691552
           1.49281          0.697168         0.0090687
           1.49794          0.694454         0.0106465
           1.50307          0.693615        0.00820541
            1.5082          0.695804        0.00897716
           1.51333          0.687364         0.0100719
           1.51846          0.694221        0.00863485
           1.52359          0.695481        0.00822244
           1.52872          0.680937        0.00755129
           1.53385          0.678755        0.00909434
           1.53898          0.673535        0.00779455
           1.54411           0.68207        0.00741127
           1.54924          0.674298        0.00700448
           1.55437          0.678172        0.00869927
            1.5595          0.672114        0.00836578
           1.56463          0.670444         0.0096379
           1.56976          0.668909          0.007667
           1.57489          0.677181        0.00967046
           1.58002          0.685834        0.00595426
           1.58515          0.687613         0.0063235
           1.59028          0.685094        0.00663669
           1.59541           0.68419        0.00785337
           1.60054          0.683462        0.00798897
           1.60567          0.677956        0.00782953
            1.6108          0.679387        0.00895912
           1.61593          0.682702         0.0105163
           1.62106          0.682297        0.00936279
           1.62619          0.686622        0.00827012
           1.63132          0.697967        0.00703602
           1.63645          0.697237        0.00881431
           1.64158          0.701587        0.00892619
           1.64671          0.703362        0.00797644
           1.65184          0.708137        0.00702693
           1.65697          0.708802        0.00636146
            1.6621           0.71206        0.00687701
           1.66723          0.725316        0.00745543
           1.67236          0.720182        0.00909461
           1.67749          0.718723        0.00721932
           1.68262          0.729954        0.00556713
           1.68775          0.728594        0.00716269
           1.69288          0.729585        0.00671548
           1.69801          0.742411        0.00752151
           1.70314          0.744503        0.00740425
           1.70827          0.744495        0.00728646
            1.7134          0.758306        0.00770724
           1.71853          0.756854        0.00563384
           1.72366          0.767886        0.00711226
           1.72879           0.78282        0.00857672
           1.73392          0.779756        0.00888722
           1.73905          0.786714        0.00788694
           1.74418          0.797665        0.00904896
           1.74931          0.800792        0.00612359
           1.75444          0.806888        0.00717204
           1.75957           0.81619        0.00800016
            1.7647          0.828865        0.00689626
           1.76983          0.840986         0.0071821
           1.77496          0.834204        0.00769847
           1.78008          0.847421        0.00765063
           1.78521          0.853409        0.00873249
           1.79034          0.872237        0.00837015
           1.79547          0.879115         0.0082574
            1.8006           0.88303        0.00840269
           1.80573          0.893093        0.00979041
           1.81086          0.904623        0.00678306
           1.81599          0.902817        0.00674085
           1.82112          0.919154        0.00669901
           1.82625          0.933545        0.00654381
           1.83138          0.940776         0.0068808
           1.83651          0.947773        0.00710658
           1.84164          0.952865        0.00778439
           1.84677          0.962007        0.00641847
            1.8519          0.973004        0.00813367
           1.85703          0.974354        0.00588228
           1.86216          0.986814        0.00790039
           1.86729          0.997695        0.00960407
           1.87242           1.00806        0.00914146
           1.87755           1.01625        0.00669259
           1.88268           1.02097        0.00669517
           1.88781           1.04213         0.0100991
           1.89294           1.04286        0.00640693
           1.89807           1.04484        0.00857975
            1.9032           1.04729        0.00899185
           1.90833           1.06459        0.00864224
           1.91346           1.06853        0.00725162
           1.91859           1.08749        0.00950227
           1.92372           1.09279        0.00865401
           1.92885           1.09784        0.00845993
           1.93398            1.1006        0.00955342
           1.93911           1.11332         0.0110002
           1.94424           1.11827        0.00875003
           1.94937           1.11613        0.00758474
            1.9545           1.12498        0.00613694
           1.95963           1.12061        0.00749644
           1.96476           1.13386        0.00767434
           1.96989            1.1443        0.00713644
           1.97502           1.14741        0.00626831
           1.98015           1.14877        0.00737579
           1.98528           1.16498        0.00958713
           1.99041            1.1691         0.0103847
           1.99554           1.16973         0.0101885
           2.00067           1.18378        0.00948349
            2.0058           1.18695         0.0095903
           2.01093           1.19399        0.00879455
           2.01606           1.20234        0.00581318
           2.02119           1.20821        0.00891797
           2.02632           1.20823        0.00764143
           2.03145           1.20862        0.00774624
           2.03658             1.219        0.00901055
           2.04171           1.22752        0.00698866
           2.04684             1.223         0.0074947
           2.05197           1.22021        0.00744908
            2.0571            1.2222        0.00762864
           2.06223           1.22132        0.00792132
           2.06736           1.22886        0.00733992
           2.07249           1.23141        0.00864293
           2.07762           1.22015        0.00750044
           2.08275           1.23004        0.00747016
           2.08788           1.23085         0.0075693
           2.09301           1.23101        0.00761729
           2.09814           1.22815        0.00698162
           2.10327           1.22289          0.007125
            2.1084           1.22726        0.00652876
           2.11353           1.21958        0.00786563
           2.11866           1.21271        0.00664272
           2.12379           1.20091        0.00653291
           2.12892           1.20032        0.00635749
           2.13405           1.21099        0.00683371
           2.13918           1.20507        0.00712342
           2.14431           1.20667        0.00995247
           2.14944           1.20045         0.0100692
           2.15457           1.19281         0.0105762
            2.1597            1.1862         0.0100084
           2.16483           1.18436        0.00923182
           2.16996           1.17573         0.0105431
           2.17509           1.16544        0.00803787
           2.18022           1.15366        0.00567821
           2.18535           1.15501        0.00651284
           2.19048           1.15101        0.00862744
           2.19561           1.14865         0.0102471
           2.20074           1.14877        0.00761189
           2.20587           1.13565        0.00846205
             2.211           1.12108        0.00785781
           2.21613           1.11518        0.00897034
           2.22126           1.10982        0.00711711
           2.22639           1.09239        0.00654627
           2.23152           1.09128        0.00693203
           2.23665           1.08751        0.00727938
           2.24178           1.09032        0.00594305
           2.24691           1.08069        0.00672116
           2.25204           1.07231        0.00731655
           2.25717           1.06611        0.00786815
            2.2623           1.05776        0.00791116
           2.26743           1.06207        0.00815949
           2.27256           1.05158        0.00748486
           2.27769           1.05006        0.00726563
           2.28282           1.03688        0.00837748
           2.28795              1.03        0.00589214
           2.29308           1.02236        0.00651572
           2.29821           1.02282         0.0063114
           2.30334           1.01617        0.00621948
           2.30847           1.00689        0.00545355
            2.3136           1.00668        0.00763775
           2.31873           1.00004         0.0067962
           2.32386          0.991656        0.00830063
           2.32899          0.987875        0.00709353
           2.33412          0.978664        0.00816495
           2.33925           0.97958        0.00647211
           2.34438          0.975586        0.00593502
           2.34951          0.975299         0.0059998
           2.35464          0.963679        0.00683482
           2.35977          0.959329        0.00580211
            2.3649          0.956246        0.00456486
           2.37003          0.953637        0.00548477
           2.37516          0.946257        0.00530936
           2.38029          0.948623        0.00541859
           2.38542          0.948579         0.0051922
           2.39055          0.940502        0.00643731
           2.39568          0.941231        0.00619566
           2.40081          0.933028        0.00525826
           2.40594          0.938927        0.00600535
           2.41107          0.933346        0.00605836
            2.4162          0.929956        0.00684299
           2.42133          0.924429        0.00594995
           2.42646          0.919148        0.00715939
           2.43159           0.91096        0.00535379
           2.43672          0.920524        0.00621465
           2.44185          0.915361        0.00510619
           2.44698          0.908942        0.00512511
           2.45211          0.904979        0.00444436
           2.45724          0.908201        0.00478513
           2.46237          0.909229        0.00600306
            2.4675          0.900215        0.00591061
           2.47263          0.900464        0.00708624
           2.47776          0.898804        0.00676144
           2.48289          0.895426        0.00537126
           2.48802          0.900254        0.00576233
           2.49314          0.901614        0.00583488
           2.49827          0.895736        0.00587875
            2.5034          0.896901        0.00359968
           2.50853          0.891703        0.00505615
           2.51366          0.880418        0.00470452
           2.51879          0.879898         0.0043593
           2.52392          0.883245        0.00396282
           2.52905          0.889562        0.00536766
           2.53418          0.887996        0.00486383
           2.53931          0.882081        0.00482478
           2.54444          0.887093        0.00551768
           2.54957           0.88905         0.0055378
            2.5547          0.885508         0.0073851
           2.55983          0.885779        0.00497363
