           1           2           2           0
           2     1.99998     1.99999 6.55151e-06
           3     1.99993     1.99997  1.8195e-05
           4     1.99983     1.99994 3.24739e-05
           5      1.9997     1.99989 4.90027e-05
           6     1.99954     1.99983 6.75342e-05
           7     1.99933     1.99976 8.78975e-05
           8     1.99909     1.99967 0.000109967
           9      1.9988     1.99958 0.000133649
          10     1.99848     1.99947 0.000158868
          11     1.99812     1.99935 0.000185568
          12     1.99772     1.99921 0.000213702
          13     1.99729     1.99906 0.000243234
          14     1.99681      1.9989 0.000274137
          15     1.99628     1.99873 0.000306389
          16     1.99572     1.99854 0.000339974
          17     1.99512     1.99834  0.00037488
          18     1.99447     1.99812 0.000411101
          19     1.99378     1.99789 0.000448634
          20     1.99304     1.99765 0.000487478
          21     1.99226     1.99739 0.000527638
          22     1.99143     1.99712 0.000569118
          23     1.99055     1.99684 0.000611927
          24     1.98963     1.99654 0.000656076
          25     1.98865     1.99622 0.000701578
          26     1.98763     1.99589 0.000748448
          27     1.98655     1.99554 0.000796703
          28     1.98542     1.99518 0.000846362
          29     1.98423     1.99481 0.000897445
          30     1.98299     1.99441 0.000949971
          31      1.9817       1.994  0.00100395
          32     1.98035     1.99358  0.00105941
          33     1.97893     1.99313  0.00111636
          34     1.97746     1.99267  0.00117483
          35     1.97592     1.99219  0.00123486
          36     1.97432      1.9917  0.00129647
          37     1.97266     1.99118   0.0013597
          38     1.97092     1.99065  0.00142458
          39     1.96912      1.9901  0.00149115
          40     1.96725     1.98952  0.00155943
          41      1.9653     1.98893  0.00162946
          42     1.96328     1.98832  0.00170129
          43     1.96118     1.98769  0.00177495
          44       1.959     1.98704  0.00185049
          45     1.95674     1.98637  0.00192795
          46      1.9544     1.98567  0.00200737
          47     1.95197     1.98496   0.0020888
          48     1.94945     1.98422  0.00217229
          49     1.94684     1.98345   0.0022579
          50     1.94414     1.98267  0.00234568
          51     1.94133     1.98186  0.00243567
          52     1.93843     1.98102  0.00252793
          53     1.93543     1.98016  0.00262251
          54     1.93232     1.97927  0.00271947
          55     1.92911     1.97836  0.00281885
          56     1.92578     1.97742  0.00292073
          57     1.92234     1.97646  0.00302515
          58     1.91878     1.97546  0.00313219
          59      1.9151     1.97444  0.00324189
          60      1.9113     1.97339  0.00335433
          61     1.90737      1.9723  0.00346955
          62     1.90331     1.97119  0.00358763
          63     1.89912     1.97005  0.00370861
          64     1.89479     1.96887  0.00383256
          65     1.89032     1.96766  0.00395954
          66     1.88571     1.96642  0.00408961
          67     1.88095     1.96515  0.00422284
          68     1.87605     1.96384  0.00435929
          69     1.87099     1.96249    0.004499
          70     1.86577     1.96111  0.00464205
          71      1.8604     1.95969  0.00478848
          72     1.85486     1.95823  0.00493837
          73     1.84915     1.95674  0.00509177
          74     1.84328     1.95521  0.00524873
          75     1.83723     1.95363  0.00540932
          76     1.83101     1.95202  0.00557359
          77     1.82461     1.95037  0.00574159
          78     1.81802     1.94867  0.00591337
          79     1.81125     1.94693  0.00608897
          80      1.8043     1.94515  0.00626844
          81     1.79716     1.94332  0.00645182
          82     1.78982     1.94145  0.00663914
          83      1.7823     1.93953  0.00683043
          84     1.77458     1.93757  0.00702573
          85     1.76666     1.93556  0.00722504
          86     1.75855      1.9335  0.00742841
          87     1.75024     1.93139  0.00763583
          88     1.74173     1.92924  0.00784731
          89     1.73303     1.92703  0.00806286
          90     1.72413     1.92478  0.00828247
          91     1.71503     1.92247  0.00850612
          92     1.70574     1.92012  0.00873379
          93     1.69625     1.91771  0.00896546
          94     1.68658     1.91525  0.00920108
          95     1.67672     1.91274   0.0094406
          96     1.66668     1.91018  0.00968397
          97     1.65645     1.90756  0.00993111
          98     1.64606     1.90489   0.0101819
          99     1.63549     1.90217   0.0104364
         100     1.62477      1.8994   0.0106944
         101     1.61388     1.89657   0.0109557
         102     1.60285     1.89369   0.0112204
         103     1.59168     1.89076   0.0114881
         104     1.58039     1.88777   0.0117589
         105     1.56897     1.88474   0.0120325
         106     1.55744     1.88165   0.0123088
         107     1.54581     1.87851   0.0125876
         108      1.5341     1.87532   0.0128687
         109     1.52231     1.87208   0.0131519
         110     1.51046      1.8688   0.0134369
         111     1.49857     1.86546   0.0137235
         112     1.48665     1.86208   0.0140116
         113     1.47472     1.85865   0.0143008
         114     1.46278     1.85518   0.0145909
         115     1.45086     1.85166   0.0148815
         116     1.43897      1.8481   0.0151726
         117     1.42712     1.84451   0.0154637
         118     1.41535     1.84087   0.0157545
         119     1.40365      1.8372   0.0160448
         120     1.39205     1.83349   0.0163343
         121     1.38057     1.82974   0.0166227
         122     1.36922     1.82597   0.0169096
         123     1.35801     1.82216   0.0171948
         124     1.34697     1.81833   0.0174779
         125     1.33611     1.81447   0.0177587
         126     1.32544     1.81059   0.0180369
         127     1.31498     1.80669   0.0183122
         128     1.30474     1.80277   0.0185843
         129     1.29474     1.79883   0.0188529
         130     1.28498     1.79488   0.0191177
         131     1.27548     1.79091   0.0193786
         132     1.26624     1.78694   0.0196352
         133     1.25728     1.78296   0.0198873
         134     1.24861     1.77897   0.0201347
         135     1.24022     1.77498   0.0203772
         136     1.23213     1.77099   0.0206146
         137     1.22434       1.767   0.0208467
         138     1.21685     1.76301   0.0210734
         139     1.20967     1.75903   0.0212944
         140     1.20279     1.75505   0.0215098
         141     1.19622     1.75109   0.0217193
         142     1.18995     1.74714   0.0219229
         143     1.18398      1.7432   0.0221205
         144     1.17832     1.73928    0.022312
         145     1.17295     1.73537   0.0224974
         146     1.16787     1.73149   0.0226766
         147     1.16308     1.72762   0.0228496
         148     1.15857     1.72377   0.0230165
         149     1.15433     1.71995   0.0231771
         150     1.15035     1.71616   0.0233316
         151     1.14664     1.71238   0.0234799
         152     1.14317     1.70864   0.0236222
         153     1.13995     1.70492   0.0237585
         154     1.13696     1.70123   0.0238887
         155     1.13419     1.69758   0.0240131
         156     1.13164     1.69395   0.0241316
         157     1.12929     1.69035   0.0242445
         158     1.12714     1.68679   0.0243517
         159     1.12518     1.68325   0.0244533
         160     1.12339     1.67976   0.0245496
         161     1.12178     1.67629   0.0246405
         162     1.12033     1.67286   0.0247262
         163     1.11903     1.66946   0.0248069
         164     1.11788      1.6661   0.0248826
         165     1.11686     1.66277   0.0249534
         166     1.11597     1.65947   0.0250196
         167     1.11521     1.65621   0.0250811
         168     1.11456     1.65299   0.0251382
         169     1.11401      1.6498    0.025191
         170     1.11357     1.64665   0.0252395
         171     1.11323     1.64353   0.0252839
         172     1.11298     1.64044   0.0253244
         173     1.11281     1.63739    0.025361
         174     1.11272     1.63438   0.0253939
         175     1.11271      1.6314   0.0254231
         176     1.11276     1.62845   0.0254489
         177     1.11288     1.62554   0.0254712
         178     1.11307     1.62266   0.0254903
         179     1.11331     1.61981   0.0255063
         180     1.11361       1.617   0.0255191
         181     1.11395     1.61422    0.025529
         182     1.11435     1.61147   0.0255361
         183     1.11478     1.60876   0.0255404
         184     1.11526     1.60608    0.025542
         185     1.11578     1.60343   0.0255411
         186     1.11634     1.60081   0.0255376
         187     1.11693     1.59822   0.0255318
         188     1.11755     1.59567   0.0255237
         189      1.1182     1.59314   0.0255134
         190     1.11887     1.59064   0.0255009
         191     1.11957     1.58818   0.0254864
         192      1.1203     1.58574   0.0254699
         193     1.12105     1.58333   0.0254515
         194     1.12181     1.58095   0.0254312
         195     1.12259      1.5786   0.0254092
         196     1.12339     1.57628   0.0253855
         197      1.1242     1.57398   0.0253601
         198     1.12502     1.57172   0.0253332
         199     1.12586     1.56948   0.0253048
         200      1.1267     1.56726   0.0252749
         201     1.12754     1.56508   0.0252437
         202     1.12839     1.56291   0.0252111
         203     1.12925     1.56078   0.0251773
         204      1.1301     1.55867   0.0251422
         205     1.13095     1.55658    0.025106
         206     1.13181     1.55452   0.0250687
         207     1.13265     1.55248   0.0250303
         208     1.13349     1.55047   0.0249908
         209     1.13433     1.54847   0.0249505
         210     1.13515     1.54651   0.0249092
         211     1.13596     1.54456    0.024867
         212     1.13676     1.54264    0.024824
         213     1.13754     1.54073   0.0247802
         214     1.13831     1.53885   0.0247356
         215     1.13905     1.53699   0.0246904
         216     1.13978     1.53516   0.0246445
         217     1.14049     1.53334   0.0245979
         218     1.14117     1.53154   0.0245508
         219     1.14182     1.52976   0.0245031
         220     1.14245       1.528   0.0244549
         221     1.14305     1.52626   0.0244062
         222     1.14362     1.52453    0.024357
         223     1.14416     1.52283   0.0243074
         224     1.14467     1.52114   0.0242575
         225     1.14514     1.51947   0.0242071
         226     1.14558     1.51781   0.0241565
         227     1.14598     1.51618   0.0241056
         228     1.14635     1.51455   0.0240543
         229     1.14667     1.51295   0.0240029
         230     1.14695     1.51136   0.0239512
         231      1.1472     1.50978   0.0238994
         232      1.1474     1.50822   0.0238473
         233     1.14756     1.50667   0.0237952
         234     1.14768     1.50514   0.0237429
         235     1.14775     1.50361   0.0236905
         236     1.14778     1.50211    0.023638
         237     1.14776     1.50061   0.0235855
         238      1.1477     1.49913    0.023533
         239     1.14759     1.49766   0.0234805
         240     1.14744      1.4962   0.0234279
         241     1.14725     1.49475   0.0233754
         242     1.14701     1.49331    0.023323
         243     1.14673     1.49189   0.0232705
         244      1.1464     1.49047   0.0232182
         245     1.14603     1.48907    0.023166
         246     1.14562     1.48767   0.0231138
         247     1.14517     1.48628   0.0230618
         248     1.14468     1.48491   0.0230099
         249     1.14416     1.48354   0.0229582
         250      1.1436     1.48218   0.0229066
         251       1.143     1.48083   0.0228551
         252     1.14238     1.47948   0.0228038
         253     1.14172     1.47815   0.0227528
         254     1.14104     1.47682   0.0227019
         255     1.14034      1.4755   0.0226511
         256     1.13961     1.47419   0.0226006
         257     1.13887     1.47288   0.0225503
         258     1.13811     1.47159   0.0225002
         259     1.13734      1.4703   0.0224503
         260     1.13656     1.46901   0.0224006
         261     1.13578     1.46774   0.0223512
         262       1.135     1.46647   0.0223019
         263     1.13422      1.4652   0.0222529
         264     1.13344     1.46395    0.022204
         265     1.13268      1.4627   0.0221554
         266     1.13193     1.46145    0.022107
         267     1.13119     1.46022   0.0220588
         268     1.13048     1.45899   0.0220107
         269     1.12979     1.45776   0.0219629
         270     1.12913     1.45654   0.0219153
         271     1.12851     1.45533   0.0218678
         272     1.12791     1.45413   0.0218205
         273     1.12735     1.45293   0.0217734
         274     1.12684     1.45174   0.0217264
         275     1.12636     1.45056   0.0216796
         276     1.12593     1.44938   0.0216329
         277     1.12554     1.44821   0.0215864
         278     1.12521     1.44705     0.02154
         279     1.12492      1.4459   0.0214937
         280     1.12469     1.44475   0.0214476
         281     1.12451     1.44361   0.0214015
         282     1.12438     1.44248   0.0213555
         283     1.12431     1.44135   0.0213096
         284     1.12429     1.44024   0.0212638
         285     1.12432     1.43913   0.0212181
         286     1.12442     1.43803   0.0211724
         287     1.12456     1.43694   0.0211268
         288     1.12477     1.43585   0.0210812
         289     1.12503     1.43478   0.0210357
         290     1.12534     1.43371   0.0209902
         291     1.12571     1.43265   0.0209447
         292     1.12613      1.4316   0.0208993
         293     1.12661     1.43056   0.0208539
         294     1.12714     1.42953   0.0208085
         295     1.12772     1.42851   0.0207631
         296     1.12836     1.42749   0.0207177
         297     1.12905     1.42649   0.0206723
         298     1.12979     1.42549   0.0206269
         299     1.13058     1.42451   0.0205814
         300     1.13142     1.42353    0.020536
         301     1.13232     1.42256   0.0204906
         302     1.13327      1.4216   0.0204451
         303     1.13426     1.42066   0.0203996
         304     1.13531     1.41972   0.0203541
         305     1.13642     1.41879   0.0203085
         306     1.13757     1.41787   0.0202629
         307     1.13877     1.41696   0.0202173
         308     1.14003     1.41606   0.0201717
         309     1.14134     1.41517    0.020126
         310     1.14271     1.41429   0.0200802
         311     1.14412     1.41342   0.0200344
         312     1.14559     1.41257   0.0199886
         313     1.14712     1.41172   0.0199427
         314     1.14869     1.41088   0.0198968
         315     1.15032     1.41005   0.0198508
         316       1.152     1.40924   0.0198048
         317     1.15373     1.40843   0.0197587
         318     1.15551     1.40763   0.0197126
         319     1.15734     1.40685   0.0196664
         320     1.15922     1.40608   0.0196202
         321     1.16115     1.40531   0.0195739
         322     1.16312     1.40456   0.0195275
         323     1.16514     1.40382   0.0194811
         324      1.1672     1.40309   0.0194347
         325      1.1693     1.40237   0.0193882
         326     1.17144     1.40166   0.0193417
         327     1.17361     1.40096   0.0192951
         328     1.17582     1.40028   0.0192485
         329     1.17805      1.3996   0.0192018
         330     1.18031     1.39894   0.0191551
         331      1.1826     1.39828   0.0191084
         332      1.1849     1.39764   0.0190616
         333     1.18723     1.39701   0.0190149
         334     1.18956     1.39639   0.0189681
         335      1.1919     1.39578   0.0189213
         336     1.19425     1.39518   0.0188745
         337      1.1966     1.39459   0.0188276
         338     1.19895     1.39401   0.0187808
         339      1.2013     1.39344    0.018734
         340     1.20363     1.39288   0.0186873
         341     1.20595     1.39234   0.0186405
         342     1.20825      1.3918   0.0185938
         343     1.21053     1.39127   0.0185471
         344     1.21279     1.39075   0.0185004
         345     1.21502     1.39024   0.0184538
         346     1.21721     1.38974   0.0184072
         347     1.21937     1.38925   0.0183607
         348     1.22149     1.38877   0.0183143
         349     1.22356     1.38829   0.0182679
         350      1.2256     1.38783   0.0182217
         351     1.22758     1.38737   0.0181755
         352     1.22951     1.38692   0.0181294
         353     1.23139     1.38648   0.0180833
         354     1.23321     1.38605   0.0180374
         355     1.23497     1.38562   0.0179917
         356     1.23667     1.38521    0.017946
         357     1.23831     1.38479   0.0179004
         358     1.23989     1.38439    0.017855
         359     1.24139     1.38399   0.0178097
         360     1.24283      1.3836   0.0177646
         361     1.24421     1.38321   0.0177195
         362     1.24551     1.38283   0.0176747
         363     1.24674     1.38246     0.01763
         364      1.2479     1.38209   0.0175854
         365     1.24899     1.38172    0.017541
         366     1.25001     1.38136   0.0174968
         367     1.25096     1.38101   0.0174527
         368     1.25183     1.38066   0.0174088
         369     1.25263     1.38031   0.0173651
         370     1.25336     1.37997   0.0173215
         371     1.25402     1.37963   0.0172782
         372     1.25461     1.37929    0.017235
         373     1.25514     1.37896    0.017192
         374     1.25559     1.37863   0.0171492
         375     1.25597      1.3783   0.0171066
         376     1.25629     1.37798   0.0170642
         377     1.25655     1.37766    0.017022
         378     1.25674     1.37734   0.0169799
         379     1.25686     1.37702   0.0169381
         380     1.25693      1.3767   0.0168965
         381     1.25693     1.37639    0.016855
         382     1.25688     1.37607   0.0168138
         383     1.25676     1.37576   0.0167728
         384      1.2566     1.37545    0.016732
         385     1.25637     1.37514   0.0166914
         386     1.25609     1.37484    0.016651
         387     1.25576     1.37453   0.0166108
         388     1.25538     1.37422   0.0165709
         389     1.25496     1.37391   0.0165311
         390     1.25448     1.37361   0.0164915
         391     1.25395      1.3733   0.0164522
         392     1.25339       1.373   0.0164131
         393     1.25277     1.37269   0.0163742
         394     1.25211     1.37238   0.0163355
         395     1.25142     1.37208    0.016297
         396     1.25068     1.37177   0.0162587
         397      1.2499     1.37146   0.0162207
         398     1.24908     1.37116   0.0161828
         399     1.24822     1.37085   0.0161452
         400     1.24733     1.37054   0.0161078
         401     1.24639     1.37023   0.0160706
         402     1.24543     1.36992   0.0160336
         403     1.24443     1.36961   0.0159968
         404     1.24339      1.3693   0.0159603
         405     1.24232     1.36898    0.015924
         406     1.24122     1.36867   0.0158879
         407     1.24009     1.36835    0.015852
         408     1.23892     1.36803   0.0158163
         409     1.23773     1.36772   0.0157808
         410     1.23651      1.3674   0.0157456
         411     1.23526     1.36707   0.0157105
         412     1.23398     1.36675   0.0156757
         413     1.23268     1.36643   0.0156411
         414     1.23136      1.3661   0.0156068
         415     1.23002     1.36577   0.0155726
         416     1.22865     1.36544   0.0155386
         417     1.22726     1.36511   0.0155049
         418     1.22586     1.36478   0.0154714
         419     1.22444     1.36444   0.0154381
         420       1.223     1.36411    0.015405
         421     1.22155     1.36377   0.0153722
         422      1.2201     1.36343   0.0153395
         423     1.21863     1.36309    0.015307
         424     1.21716     1.36274   0.0152748
         425     1.21568     1.36239   0.0152428
         426     1.21421     1.36205    0.015211
         427     1.21274      1.3617   0.0151794
         428     1.21127     1.36135    0.015148
         429     1.20981     1.36099   0.0151168
         430     1.20837     1.36064   0.0150858
         431     1.20694     1.36028    0.015055
         432     1.20552     1.35992   0.0150244
         433     1.20413     1.35956    0.014994
         434     1.20276      1.3592   0.0149638
         435     1.20142     1.35884   0.0149338
         436     1.20011     1.35848    0.014904
         437     1.19883     1.35811   0.0148744
         438     1.19759     1.35774   0.0148449
         439     1.19639     1.35738   0.0148157
         440     1.19523     1.35701   0.0147866
         441     1.19412     1.35664   0.0147577
         442     1.19305     1.35627   0.0147289
         443     1.19203      1.3559   0.0147003
         444     1.19107     1.35553   0.0146719
         445     1.19015     1.35515   0.0146437
         446      1.1893     1.35478   0.0146155
         447     1.18849     1.35441   0.0145876
         448     1.18775     1.35404   0.0145598
         449     1.18706     1.35367   0.0145321
         450     1.18643     1.35329   0.0145045
         451     1.18586     1.35292   0.0144771
         452     1.18534     1.35255   0.0144498
         453     1.18488     1.35218   0.0144227
         454     1.18448     1.35181   0.0143956
         455     1.18414     1.35144   0.0143687
         456     1.18385     1.35108   0.0143419
         457     1.18361     1.35071   0.0143152
         458     1.18342     1.35035   0.0142886
         459     1.18328     1.34998   0.0142621
         460     1.18318     1.34962   0.0142357
         461     1.18313     1.34926   0.0142094
         462     1.18312      1.3489   0.0141832
         463     1.18314     1.34854   0.0141571
         464     1.18319     1.34818   0.0141311
         465     1.18328     1.34783   0.0141051
         466     1.18338     1.34748   0.0140793
         467     1.18351     1.34713   0.0140535
         468     1.18366     1.34678   0.0140278
         469     1.18383     1.34643   0.0140022
         470       1.184     1.34608   0.0139767
         471     1.18418     1.34574   0.0139512
         472     1.18436      1.3454   0.0139259
         473     1.18454     1.34506   0.0139006
         474     1.18471     1.34472   0.0138754
         475     1.18487     1.34438   0.0138502
         476     1.18501     1.34405   0.0138252
         477     1.18514     1.34371   0.0138002
         478     1.18525     1.34338   0.0137753
         479     1.18533     1.34305   0.0137505
         480     1.18539     1.34272   0.0137258
         481     1.18541      1.3424   0.0137012
         482     1.18539     1.34207   0.0136766
         483     1.18534     1.34175   0.0136521
         484     1.18525     1.34142   0.0136278
         485     1.18512      1.3411   0.0136035
         486     1.18494     1.34078   0.0135793
         487     1.18471     1.34046   0.0135552
         488     1.18443     1.34014   0.0135312
         489      1.1841     1.33982   0.0135073
         490     1.18372      1.3395   0.0134834
         491     1.18328     1.33918   0.0134597
         492     1.18278     1.33887   0.0134361
         493     1.18223     1.33855   0.0134126
         494     1.18161     1.33823   0.0133892
         495     1.18094     1.33791    0.013366
         496     1.18021     1.33759   0.0133428
         497     1.17941     1.33728   0.0133197
         498     1.17855     1.33696   0.0132968
         499     1.17763     1.33664    0.013274
         500     1.17665     1.33632   0.0132513
         501      1.1756       1.336   0.0132287
         502      1.1745     1.33568   0.0132063
         503     1.17332     1.33535    0.013184
         504     1.17209     1.33503   0.0131618
         505     1.17079      1.3347   0.0131398
         506     1.16943     1.33438   0.0131179
         507     1.16801     1.33405   0.0130961
         508     1.16652     1.33372   0.0130745
         509     1.16498     1.33339    0.013053
         510     1.16337     1.33305   0.0130316
         511      1.1617     1.33272   0.0130104
         512     1.15998     1.33238   0.0129894
         513     1.15819     1.33204   0.0129685
         514     1.15635      1.3317   0.0129478
         515     1.15445     1.33136   0.0129272
         516     1.15249     1.33101   0.0129068
         517     1.15048     1.33066   0.0128866
         518     1.14841     1.33031   0.0128665
         519     1.14629     1.32995   0.0128466
         520     1.14412      1.3296   0.0128269
         521      1.1419     1.32924   0.0128073
         522     1.13963     1.32887   0.0127879
         523      1.1373     1.32851   0.0127687
         524     1.13493     1.32814   0.0127497
         525     1.13251     1.32777   0.0127308
         526     1.13005     1.32739   0.0127122
         527     1.12754     1.32701   0.0126937
         528     1.12499     1.32663   0.0126754
         529     1.12239     1.32624   0.0126574
         530     1.11976     1.32585   0.0126395
         531     1.11709     1.32546   0.0126218
         532     1.11437     1.32506   0.0126043
         533     1.11162     1.32466    0.012587
         534     1.10884     1.32426   0.0125699
         535     1.10602     1.32385    0.012553
         536     1.10317     1.32344   0.0125364
         537     1.10029     1.32302   0.0125199
         538     1.09738      1.3226   0.0125037
         539     1.09444     1.32218   0.0124876
         540     1.09148     1.32175   0.0124718
         541      1.0885     1.32132   0.0124562
         542     1.08549     1.32089   0.0124408
         543     1.08247     1.32045   0.0124257
         544     1.07942        1.32   0.0124107
         545     1.07637     1.31956    0.012396
         546     1.07331     1.31911   0.0123815
         547     1.07023     1.31865   0.0123672
         548     1.06715     1.31819   0.0123532
         549     1.06407     1.31773   0.0123393
         550     1.06099     1.31726   0.0123257
         551     1.05791     1.31679   0.0123123
         552     1.05483     1.31632   0.0122992
         553     1.05177     1.31584   0.0122862
         554     1.04872     1.31536   0.0122735
         555     1.04569     1.31487    0.012261
         556     1.04269     1.31438   0.0122487
         557      1.0397     1.31389   0.0122367
         558     1.03675     1.31339   0.0122248
         559     1.03383     1.31289   0.0122132
         560     1.03096     1.31239   0.0122017
         561     1.02812     1.31188   0.0121905
         562     1.02533     1.31137   0.0121795
         563     1.02259     1.31086   0.0121686
         564     1.01991     1.31034    0.012158
         565     1.01729     1.30982   0.0121475
         566     1.01474      1.3093   0.0121372
         567     1.01226     1.30878   0.0121271
         568     1.00985     1.30825   0.0121172
         569     1.00752     1.30772   0.0121074
         570     1.00528     1.30719   0.0120978
         571     1.00313     1.30666   0.0120883
         572     1.00106     1.30613    0.012079
         573      0.9991     1.30559   0.0120698
         574    0.997236     1.30505   0.0120607
         575    0.995478     1.30451   0.0120517
         576    0.993827     1.30398   0.0120429
         577    0.992288     1.30344   0.0120341
         578    0.990865     1.30289   0.0120254
         579    0.989559     1.30235   0.0120168
         580    0.988375     1.30181   0.0120083
         581    0.987314     1.30127   0.0119998
         582    0.986379     1.30073   0.0119914
         583    0.985572     1.30019    0.011983
         584    0.984894     1.29965   0.0119747
         585    0.984348     1.29911   0.0119663
         586    0.983934     1.29857    0.011958
         587    0.983655     1.29804   0.0119496
         588    0.983512      1.2975   0.0119413
         589    0.983505     1.29697   0.0119329
         590    0.983635     1.29644   0.0119245
         591    0.983901     1.29591    0.011916
         592    0.984306     1.29538   0.0119075
         593    0.984847     1.29486   0.0118989
         594    0.985527     1.29434   0.0118903
         595    0.986342     1.29382   0.0118816
         596    0.987294     1.29331   0.0118728
         597    0.988383     1.29279   0.0118639
         598    0.989606     1.29229   0.0118549
         599    0.990963     1.29178   0.0118457
         600    0.992453     1.29129   0.0118365
         601    0.994075     1.29079   0.0118271
         602    0.995827      1.2903   0.0118176
         603    0.997708     1.28982    0.011808
         604    0.999714     1.28934   0.0117982
         605     1.00185     1.28886   0.0117883
         606      1.0041     1.28839   0.0117782
         607     1.00647     1.28793   0.0117679
         608     1.00896     1.28747   0.0117575
         609     1.01156     1.28701   0.0117469
         610     1.01427     1.28657   0.0117362
         611     1.01709     1.28613   0.0117253
         612        1.02     1.28569   0.0117142
         613     1.02302     1.28526   0.0117029
         614     1.02612     1.28484   0.0116914
         615     1.02932     1.28442   0.0116798
         616     1.03259     1.28402    0.011668
         617     1.03594     1.28361    0.011656
         618     1.03936     1.28322   0.0116438
         619     1.04284     1.28283   0.0116315
         620     1.04639     1.28245    0.011619
         621     1.04998     1.28207   0.0116063
         622     1.05361     1.28171   0.0115935
         623     1.05728     1.28135   0.0115804
         624     1.06099     1.28099   0.0115673
         625     1.06472     1.28065   0.0115539
         626     1.06846     1.28031   0.0115405
         627     1.07221     1.27998   0.0115268
         628     1.07597     1.27965    0.011513
         629     1.07972     1.27933   0.0114991
         630     1.08347     1.27902   0.0114851
         631     1.08719     1.27872   0.0114709
         632      1.0909     1.27842   0.0114566
         633     1.09457     1.27813   0.0114422
         634     1.09822     1.27785   0.0114276
         635     1.10182     1.27757    0.011413
         636     1.10537      1.2773   0.0113983
         637     1.10888     1.27704   0.0113835
         638     1.11234     1.27678   0.0113685
         639     1.11573     1.27653   0.0113535
         640     1.11906     1.27628   0.0113385
         641     1.12232     1.27604   0.0113233
         642     1.12552      1.2758   0.0113081
         643     1.12864     1.27558   0.0112928
         644     1.13168     1.27535   0.0112775
         645     1.13464     1.27513   0.0112621
         646     1.13752     1.27492   0.0112467
         647     1.14031     1.27471   0.0112313
         648     1.14302     1.27451   0.0112158
         649     1.14564     1.27431   0.0112002
         650     1.14816     1.27412   0.0111847
         651      1.1506     1.27393   0.0111691
         652     1.15294     1.27374   0.0111535
         653     1.15518     1.27356   0.0111379
         654     1.15733     1.27338   0.0111223
         655     1.15938     1.27321   0.0111067
         656     1.16134     1.27304   0.0110911
         657     1.16319     1.27287   0.0110755
         658     1.16495     1.27271   0.0110598
         659     1.16661     1.27255   0.0110442
         660     1.16817     1.27239   0.0110286
         661     1.16962     1.27223    0.011013
         662     1.17098     1.27208   0.0109975
         663     1.17223     1.27193   0.0109819
         664     1.17339     1.27178   0.0109664
         665     1.17444     1.27163   0.0109509
         666      1.1754     1.27149   0.0109354
         667     1.17625     1.27135   0.0109199
         668     1.17701     1.27121   0.0109045
         669     1.17766     1.27107   0.0108891
         670     1.17822     1.27093   0.0108737
         671     1.17868     1.27079   0.0108584
         672     1.17904     1.27065   0.0108431
         673     1.17931     1.27052   0.0108278
         674     1.17947     1.27038   0.0108126
         675     1.17955     1.27025   0.0107974
         676     1.17953     1.27011   0.0107823
         677     1.17942     1.26998   0.0107672
         678     1.17921     1.26985   0.0107521
         679     1.17891     1.26971   0.0107371
         680     1.17853     1.26958   0.0107222
         681     1.17805     1.26944   0.0107073
         682     1.17749     1.26931   0.0106924
         683     1.17685     1.26917   0.0106776
         684     1.17612     1.26904   0.0106629
         685     1.17531      1.2689   0.0106482
         686     1.17441     1.26876   0.0106335
         687     1.17344     1.26862    0.010619
         688      1.1724     1.26848   0.0106045
         689     1.17127     1.26834     0.01059
         690     1.17008      1.2682   0.0105756
         691     1.16882     1.26806   0.0105613
         692     1.16748     1.26791    0.010547
         693     1.16609     1.26776   0.0105328
         694     1.16462     1.26762   0.0105187
         695      1.1631     1.26747   0.0105046
         696     1.16152     1.26731   0.0104907
         697     1.15988     1.26716   0.0104767
         698     1.15819       1.267   0.0104629
         699     1.15644     1.26684   0.0104491
         700     1.15465     1.26668   0.0104354
         701      1.1528     1.26652   0.0104218
         702     1.15092     1.26636   0.0104082
         703     1.14899     1.26619   0.0103948
         704     1.14702     1.26602   0.0103814
         705     1.14501     1.26585   0.0103681
         706     1.14296     1.26568   0.0103549
         707     1.14088      1.2655   0.0103417
         708     1.13877     1.26532   0.0103287
         709     1.13663     1.26514   0.0103157
         710     1.13446     1.26495   0.0103028
         711     1.13227     1.26477     0.01029
         712     1.13005     1.26458   0.0102773
         713     1.12782     1.26439   0.0102647
         714     1.12556     1.26419   0.0102521
         715     1.12328       1.264   0.0102397
         716     1.12099      1.2638   0.0102273
         717     1.11868     1.26359   0.0102151
         718     1.11636     1.26339   0.0102029
         719     1.11403     1.26318   0.0101908
         720     1.11168     1.26297   0.0101788
         721     1.10933     1.26276    0.010167
         722     1.10697     1.26254   0.0101552
         723      1.1046     1.26232   0.0101435
         724     1.10223      1.2621   0.0101319
         725     1.09986     1.26188   0.0101204
         726     1.09749     1.26165    0.010109
         727     1.09511     1.26142   0.0100976
         728     1.09273     1.26119   0.0100864
         729     1.09036     1.26096   0.0100753
         730     1.08799     1.26072   0.0100643
         731     1.08563     1.26048   0.0100534
         732     1.08327     1.26024   0.0100426
         733     1.08093     1.25999   0.0100318
         734     1.07859     1.25975   0.0100212
         735     1.07626      1.2595   0.0100107
         736     1.07395     1.25924   0.0100003
         737     1.07165     1.25899  0.00998994
         738     1.06937     1.25873   0.0099797
         739     1.06711     1.25847  0.00996957
         740     1.06487     1.25821  0.00995953
         741     1.06265     1.25795  0.00994958
         742     1.06045     1.25768  0.00993973
         743     1.05828     1.25741  0.00992998
         744     1.05613     1.25714  0.00992032
         745     1.05401     1.25687  0.00991075
         746     1.05193      1.2566  0.00990127
         747     1.04987     1.25632  0.00989188
         748     1.04785     1.25604  0.00988258
         749     1.04586     1.25576  0.00987337
         750     1.04391     1.25548  0.00986425
         751     1.04199     1.25519  0.00985521
         752     1.04012     1.25491  0.00984625
         753     1.03828     1.25462  0.00983738
         754     1.03649     1.25433  0.00982858
         755     1.03473     1.25404  0.00981987
         756     1.03302     1.25375  0.00981123
         757     1.03135     1.25345  0.00980267
         758     1.02973     1.25316  0.00979418
         759     1.02814     1.25286  0.00978576
         760      1.0266     1.25256  0.00977741
         761      1.0251     1.25226  0.00976913
         762     1.02365     1.25196  0.00976091
         763     1.02224     1.25166  0.00975276
         764     1.02086     1.25136  0.00974468
         765     1.01953     1.25106  0.00973665
         766     1.01824     1.25075  0.00972868
         767     1.01699     1.25045  0.00972077
         768     1.01578     1.25014  0.00971291
         769     1.01461     1.24984  0.00970511
         770     1.01347     1.24953  0.00969736
         771     1.01237     1.24922  0.00968966
         772      1.0113     1.24891  0.00968201
         773     1.01026     1.24861   0.0096744
         774     1.00926      1.2483  0.00966685
         775     1.00828     1.24799  0.00965933
         776     1.00734     1.24768  0.00965186
         777     1.00642     1.24737  0.00964443
         778     1.00553     1.24706  0.00963704
         779     1.00466     1.24674   0.0096297
         780     1.00382     1.24643  0.00962238
         781       1.003     1.24612  0.00961511
         782     1.00221     1.24581  0.00960787
         783     1.00143      1.2455  0.00960067
         784     1.00068     1.24518   0.0095935
         785    0.999949     1.24487  0.00958637
         786    0.999237     1.24456  0.00957926
         787    0.998544     1.24425  0.00957219
         788     0.99787     1.24393  0.00956515
         789    0.997214     1.24362  0.00955813
         790    0.996576     1.24331  0.00955115
         791    0.995957       1.243  0.00954419
         792    0.995356     1.24268  0.00953726
         793    0.994773     1.24237  0.00953036
         794    0.994209     1.24206  0.00952348
         795    0.993665     1.24175  0.00951662
         796    0.993141     1.24143  0.00950979
         797    0.992638     1.24112  0.00950298
         798    0.992157     1.24081  0.00949619
         799    0.991699      1.2405  0.00948942
         800    0.991264     1.24019  0.00948267
         801    0.990855     1.23988  0.00947594
         802    0.990472     1.23956  0.00946923
         803    0.990117     1.23925  0.00946253
         804    0.989791     1.23894  0.00945585
         805    0.989496     1.23863  0.00944918
         806    0.989235     1.23832  0.00944252
         807    0.989008     1.23802  0.00943587
         808    0.988818     1.23771  0.00942923
         809    0.988666      1.2374   0.0094226
         810    0.988555     1.23709  0.00941597
         811    0.988488     1.23679  0.00940935
         812    0.988465     1.23648  0.00940273
         813    0.988491     1.23617  0.00939611
         814    0.988566     1.23587  0.00938949
         815    0.988695     1.23557  0.00938287
         816    0.988879     1.23526  0.00937624
         817     0.98912     1.23496   0.0093696
         818    0.989421     1.23466  0.00936295
         819    0.989786     1.23436  0.00935629
         820    0.990216     1.23407  0.00934962
         821    0.990714     1.23377  0.00934293
         822    0.991283     1.23347  0.00933622
         823    0.991923     1.23318  0.00932949
         824     0.99264     1.23289  0.00932273
         825    0.993433      1.2326  0.00931595
         826    0.994307     1.23231  0.00930914
         827    0.995264     1.23202  0.00930229
         828    0.996303     1.23174  0.00929541
         829    0.997429     1.23146   0.0092885
         830    0.998641     1.23118  0.00928154
         831    0.999942      1.2309  0.00927454
         832     1.00133     1.23062   0.0092675
         833     1.00281     1.23035   0.0092604
         834     1.00439     1.23008  0.00925326
         835     1.00605     1.22981  0.00924607
         836     1.00781     1.22954  0.00923882
         837     1.00966     1.22928  0.00923152
         838      1.0116     1.22902  0.00922416
         839     1.01364     1.22876  0.00921673
         840     1.01576     1.22851  0.00920925
         841     1.01798     1.22826   0.0092017
         842     1.02028     1.22801  0.00919409
         843     1.02267     1.22777  0.00918641
         844     1.02514     1.22753  0.00917866
         845      1.0277     1.22729  0.00917084
         846     1.03034     1.22706  0.00916296
         847     1.03305     1.22683    0.009155
         848     1.03584     1.22661  0.00914698
         849      1.0387     1.22639  0.00913888
         850     1.04163     1.22617  0.00913071
         851     1.04462     1.22595  0.00912248
         852     1.04767     1.22575  0.00911417
         853     1.05078     1.22554  0.00910579
         854     1.05393     1.22534  0.00909735
         855     1.05714     1.22514  0.00908883
         856     1.06038     1.22495  0.00908025
         857     1.06367     1.22476  0.00907161
         858     1.06698     1.22458   0.0090629
         859     1.07033      1.2244  0.00905413
         860     1.07369     1.22422  0.00904529
         861     1.07707     1.22405   0.0090364
         862     1.08047     1.22389  0.00902745
         863     1.08387     1.22372  0.00901845
         864     1.08727     1.22357   0.0090094
         865     1.09067     1.22341  0.00900029
         866     1.09405     1.22326  0.00899114
         867     1.09743     1.22312  0.00898194
         868     1.10078     1.22298   0.0089727
         869     1.10411     1.22284  0.00896341
         870     1.10741     1.22271  0.00895409
         871     1.11068     1.22258  0.00894474
         872     1.11391     1.22245  0.00893535
         873     1.11709     1.22233  0.00892593
         874     1.12023     1.22222  0.00891648
         875     1.12331      1.2221    0.008907
         876     1.12634     1.22199  0.00889751
         877      1.1293     1.22189  0.00888799
         878     1.13221     1.22179  0.00887845
         879     1.13504     1.22169   0.0088689
         880     1.13781     1.22159  0.00885933
         881      1.1405      1.2215  0.00884976
         882     1.14311     1.22141  0.00884017
         883     1.14564     1.22133  0.00883057
         884     1.14809     1.22124  0.00882097
         885     1.15046     1.22116  0.00881137
         886     1.15274     1.22109  0.00880176
         887     1.15493     1.22101  0.00879216
         888     1.15703     1.22094  0.00878255
         889     1.15903     1.22087  0.00877295
         890     1.16095      1.2208  0.00876335
         891     1.16277     1.22074  0.00875375
         892     1.16449     1.22067  0.00874417
         893     1.16611     1.22061  0.00873459
         894     1.16764     1.22055  0.00872502
         895     1.16907      1.2205  0.00871546
         896      1.1704     1.22044  0.00870591
         897     1.17164     1.22039  0.00869638
         898     1.17277     1.22033  0.00868686
         899     1.17381     1.22028  0.00867735
         900     1.17475     1.22023  0.00866785
         901      1.1756     1.22018  0.00865837
         902     1.17634     1.22013  0.00864891
         903       1.177     1.22008  0.00863947
         904     1.17756     1.22004  0.00863004
         905     1.17803     1.21999  0.00862063
         906     1.17841     1.21994  0.00861123
         907      1.1787      1.2199  0.00860186
         908      1.1789     1.21985   0.0085925
         909     1.17902     1.21981  0.00858317
         910     1.17905     1.21976  0.00857385
         911     1.17901     1.21972  0.00856456
         912     1.17888     1.21967  0.00855528
         913     1.17868     1.21963  0.00854603
         914     1.17841     1.21958   0.0085368
         915     1.17806     1.21954  0.00852759
         916     1.17765     1.21949   0.0085184
         917     1.17718     1.21945  0.00850924
         918     1.17664      1.2194   0.0085001
         919     1.17604     1.21935  0.00849098
         920     1.17539     1.21931  0.00848188
         921     1.17469     1.21926  0.00847281
         922     1.17394     1.21921  0.00846377
         923     1.17315     1.21916  0.00845474
         924     1.17232     1.21911  0.00844575
         925     1.17145     1.21906  0.00843677
         926     1.17055       1.219  0.00842782
         927     1.16962     1.21895   0.0084189
         928     1.16867      1.2189     0.00841
         929      1.1677     1.21884  0.00840113
         930     1.16671     1.21879  0.00839228
         931     1.16571     1.21873  0.00838346
         932     1.16471     1.21867  0.00837467
         933      1.1637     1.21861   0.0083659
         934     1.16269     1.21855  0.00835716
         935     1.16169     1.21849  0.00834844
         936      1.1607     1.21843  0.00833975
         937     1.15973     1.21837  0.00833108
         938     1.15877      1.2183  0.00832244
         939     1.15784     1.21824  0.00831383
         940     1.15693     1.21817  0.00830524
         941     1.15606     1.21811  0.00829668
         942     1.15522     1.21804  0.00828814
         943     1.15441     1.21797  0.00827962
         944     1.15365      1.2179  0.00827113
         945     1.15293     1.21784  0.00826267
         946     1.15226     1.21777  0.00825422
         947     1.15165      1.2177   0.0082458
         948     1.15108     1.21763   0.0082374
         949     1.15058     1.21756  0.00822903
         950     1.15013     1.21748  0.00822067
         951     1.14974     1.21741  0.00821234
         952     1.14941     1.21734  0.00820402
         953     1.14914     1.21727  0.00819572
         954     1.14894      1.2172  0.00818745
         955      1.1488     1.21713  0.00817919
         956     1.14873     1.21706  0.00817094
         957     1.14873     1.21698  0.00816272
         958     1.14878     1.21691  0.00815451
         959     1.14891     1.21684  0.00814631
         960     1.14909     1.21677  0.00813813
         961     1.14934      1.2167  0.00812997
         962     1.14965     1.21663  0.00812181
         963     1.15003     1.21656  0.00811367
         964     1.15045     1.21649  0.00810555
         965     1.15094     1.21643  0.00809743
         966     1.15147     1.21636  0.00808933
         967     1.15206     1.21629  0.00808124
         968     1.15269     1.21623  0.00807316
         969     1.15337     1.21616  0.00806508
         970     1.15409      1.2161  0.00805702
         971     1.15484     1.21603  0.00804897
         972     1.15563     1.21597  0.00804093
         973     1.15645     1.21591   0.0080329
         974     1.15729     1.21585  0.00802488
         975     1.15815     1.21579  0.00801687
         976     1.15903     1.21573  0.00800886
         977     1.15992     1.21568  0.00800087
         978     1.16082     1.21562  0.00799289
         979     1.16173     1.21557  0.00798491
         980     1.16263     1.21551  0.00797695
         981     1.16354     1.21546  0.00796899
         982     1.16443     1.21541  0.00796104
         983     1.16532     1.21536  0.00795311
         984     1.16619     1.21531  0.00794518
         985     1.16704     1.21526  0.00793727
         986     1.16787     1.21521  0.00792936
         987     1.16867     1.21516  0.00792147
         988     1.16945     1.21512  0.00791359
         989      1.1702     1.21507  0.00790572
         990     1.17091     1.21503  0.00789786
         991     1.17159     1.21498  0.00789001
         992     1.17223     1.21494  0.00788217
         993     1.17283      1.2149  0.00787435
         994     1.17338     1.21485  0.00786654
         995      1.1739     1.21481  0.00785874
         996     1.17438     1.21477  0.00785095
         997      1.1748     1.21473  0.00784318
         998     1.17519     1.21469  0.00783542
         999     1.17552     1.21465  0.00782768
        1000     1.17582     1.21461  0.00781995
        1001     1.17606     1.21458  0.00781223
        1002     1.17626     1.21454  0.00780453
        1003     1.17642      1.2145  0.00779684
        1004     1.17653     1.21446  0.00778916
        1005      1.1766     1.21442   0.0077815
        1006     1.17663     1.21439  0.00777386
        1007     1.17662     1.21435  0.00776623
        1008     1.17658     1.21431  0.00775862
        1009     1.17649     1.21427  0.00775102
        1010     1.17638     1.21424  0.00774343
        1011     1.17623      1.2142  0.00773587
        1012     1.17605     1.21416  0.00772831
        1013     1.17585     1.21412  0.00772078
        1014     1.17563     1.21409  0.00771326
        1015     1.17538     1.21405  0.00770575
        1016     1.17512     1.21401  0.00769826
        1017     1.17485     1.21397  0.00769079
        1018     1.17456     1.21393  0.00768333
        1019     1.17426     1.21389  0.00767589
        1020     1.17396     1.21385  0.00766846
        1021     1.17366     1.21381  0.00766105
        1022     1.17335     1.21378  0.00765366
        1023     1.17305     1.21374  0.00764628
        1024     1.17276      1.2137  0.00763892
        1025     1.17247     1.21366  0.00763157
        1026      1.1722     1.21361  0.00762424
        1027     1.17194     1.21357  0.00761693
        1028      1.1717     1.21353  0.00760963
        1029     1.17147     1.21349  0.00760234
        1030     1.17126     1.21345  0.00759507
        1031     1.17108     1.21341  0.00758782
        1032     1.17092     1.21337  0.00758057
        1033     1.17078     1.21333  0.00757335
        1034     1.17066     1.21329  0.00756614
        1035     1.17057     1.21325  0.00755894
        1036     1.17051      1.2132  0.00755175
        1037     1.17048     1.21316  0.00754458
        1038     1.17047     1.21312  0.00753743
        1039     1.17048     1.21308  0.00753029
        1040     1.17053     1.21304  0.00752316
        1041     1.17059       1.213  0.00751604
        1042     1.17069     1.21296  0.00750894
        1043     1.17081     1.21292  0.00750185
        1044     1.17096     1.21288  0.00749477
        1045     1.17113     1.21284   0.0074877
        1046     1.17132      1.2128  0.00748065
        1047     1.17154     1.21276  0.00747361
        1048     1.17178     1.21272  0.00746658
        1049     1.17204     1.21268  0.00745956
        1050     1.17232     1.21264  0.00745256
        1051     1.17263      1.2126  0.00744556
        1052     1.17295     1.21257  0.00743858
        1053     1.17329     1.21253  0.00743161
        1054     1.17365     1.21249  0.00742465
        1055     1.17403     1.21246   0.0074177
        1056     1.17443     1.21242  0.00741077
        1057     1.17485     1.21238  0.00740384
        1058     1.17528     1.21235  0.00739693
        1059     1.17572     1.21231  0.00739002
        1060     1.17619     1.21228  0.00738313
        1061     1.17667     1.21225  0.00737625
        1062     1.17716     1.21221  0.00736937
        1063     1.17767     1.21218  0.00736251
        1064      1.1782     1.21215  0.00735566
        1065     1.17874     1.21212  0.00734882
        1066      1.1793     1.21209  0.00734199
        1067     1.17988     1.21206  0.00733517
        1068     1.18047     1.21203  0.00732837
        1069     1.18107       1.212  0.00732157
        1070      1.1817     1.21197  0.00731478
        1071     1.18234     1.21194    0.007308
        1072     1.18299     1.21192  0.00730124
        1073     1.18366     1.21189  0.00729448
        1074     1.18435     1.21186  0.00728773
        1075     1.18505     1.21184  0.00728099
        1076     1.18577     1.21181  0.00727427
        1077      1.1865     1.21179  0.00726755
        1078     1.18724     1.21177  0.00726085
        1079       1.188     1.21175  0.00725415
        1080     1.18876     1.21173  0.00724746
        1081     1.18954      1.2117  0.00724079
        1082     1.19033     1.21168  0.00723412
        1083     1.19113     1.21167  0.00722747
        1084     1.19194     1.21165  0.00722083
        1085     1.19275     1.21163  0.00721419
        1086     1.19357     1.21161  0.00720757
        1087     1.19438      1.2116  0.00720095
        1088      1.1952     1.21158  0.00719435
        1089     1.19602     1.21157  0.00718776
        1090     1.19683     1.21155  0.00718118
        1091     1.19764     1.21154  0.00717461
        1092     1.19844     1.21153  0.00716805
        1093     1.19923     1.21152   0.0071615
        1094     1.20001     1.21151  0.00715496
        1095     1.20077      1.2115  0.00714843
        1096     1.20152     1.21149  0.00714191
        1097     1.20224     1.21148  0.00713541
        1098     1.20294     1.21147  0.00712892
        1099     1.20362     1.21147  0.00712243
        1100     1.20426     1.21146  0.00711596
        1101     1.20488     1.21145   0.0071095
        1102     1.20546     1.21145  0.00710305
        1103     1.20601     1.21144  0.00709661
        1104     1.20652     1.21144  0.00709019
        1105     1.20699     1.21143  0.00708377
        1106     1.20742     1.21143  0.00707737
        1107      1.2078     1.21143  0.00707097
        1108     1.20814     1.21142  0.00706459
        1109     1.20842     1.21142  0.00705822
        1110     1.20865     1.21142  0.00705186
        1111     1.20883     1.21142  0.00704552
        1112     1.20896     1.21142  0.00703918
        1113     1.20903     1.21141  0.00703286
        1114     1.20904     1.21141  0.00702654
        1115       1.209     1.21141  0.00702024
        1116     1.20889     1.21141  0.00701395
        1117     1.20873      1.2114  0.00700767
        1118      1.2085      1.2114  0.00700141
        1119     1.20821      1.2114  0.00699515
        1120     1.20787      1.2114  0.00698891
        1121     1.20746     1.21139  0.00698267
        1122     1.20699     1.21139  0.00697645
        1123     1.20646     1.21138  0.00697024
        1124     1.20587     1.21138  0.00696404
        1125     1.20522     1.21137  0.00695785
        1126     1.20451     1.21137  0.00695167
        1127     1.20374     1.21136  0.00694551
        1128     1.20292     1.21135  0.00693936
        1129     1.20204     1.21134  0.00693321
        1130     1.20111     1.21134  0.00692708
        1131     1.20013     1.21133  0.00692097
        1132      1.1991     1.21131  0.00691486
        1133     1.19802      1.2113  0.00690877
        1134     1.19689     1.21129  0.00690269
        1135     1.19573     1.21128  0.00689662
        1136     1.19452     1.21126  0.00689056
        1137     1.19327     1.21125  0.00688452
        1138     1.19199     1.21123  0.00687849
        1139     1.19068     1.21121  0.00687248
        1140     1.18933     1.21119  0.00686648
        1141     1.18796     1.21117  0.00686049
        1142     1.18657     1.21115  0.00685451
        1143     1.18515     1.21113  0.00684856
        1144     1.18371      1.2111  0.00684261
        1145     1.18226     1.21108  0.00683668
        1146      1.1808     1.21105  0.00683077
        1147     1.17933     1.21102  0.00682487
        1148     1.17785       1.211  0.00681898
        1149     1.17636     1.21097  0.00681312
        1150     1.17488     1.21093  0.00680726
        1151     1.17339      1.2109  0.00680143
        1152     1.17191     1.21087  0.00679561
        1153     1.17044     1.21083   0.0067898
        1154     1.16898      1.2108  0.00678402
        1155     1.16752     1.21076  0.00677825
        1156     1.16609     1.21072  0.00677249
        1157     1.16466     1.21068  0.00676676
        1158     1.16326     1.21064  0.00676104
        1159     1.16188      1.2106  0.00675534
        1160     1.16052     1.21055  0.00674965
        1161     1.15918     1.21051  0.00674398
        1162     1.15788     1.21046  0.00673833
        1163      1.1566     1.21042  0.00673269
        1164     1.15535     1.21037  0.00672708
        1165     1.15413     1.21032  0.00672148
        1166     1.15294     1.21027  0.00671589
        1167     1.15178     1.21022  0.00671032
        1168     1.15066     1.21017  0.00670477
        1169     1.14958     1.21012  0.00669924
        1170     1.14852     1.21007  0.00669372
        1171     1.14751     1.21001  0.00668821
        1172     1.14653     1.20996  0.00668273
        1173     1.14559     1.20991  0.00667726
        1174     1.14468     1.20985   0.0066718
        1175     1.14381     1.20979  0.00666636
        1176     1.14298     1.20974  0.00666093
        1177     1.14219     1.20968  0.00665552
        1178     1.14143     1.20962  0.00665012
        1179     1.14071     1.20956  0.00664474
        1180     1.14003      1.2095  0.00663937
        1181     1.13938     1.20944  0.00663401
        1182     1.13876     1.20938  0.00662867
        1183     1.13818     1.20932  0.00662334
        1184     1.13763     1.20926  0.00661802
        1185     1.13711      1.2092  0.00661272
        1186     1.13663     1.20914  0.00660742
        1187     1.13617     1.20908  0.00660214
        1188     1.13574     1.20902  0.00659687
        1189     1.13534     1.20896  0.00659162
        1190     1.13497     1.20889  0.00658637
        1191     1.13462     1.20883  0.00658114
        1192     1.13429     1.20877  0.00657591
        1193     1.13399     1.20871   0.0065707
        1194     1.13371     1.20864   0.0065655
        1195     1.13344     1.20858   0.0065603
        1196     1.13319     1.20852  0.00655512
        1197     1.13296     1.20845  0.00654995
        1198     1.13274     1.20839  0.00654479
        1199     1.13254     1.20833  0.00653963
        1200     1.13234     1.20827  0.00653449
        1201     1.13216      1.2082  0.00652936
        1202     1.13198     1.20814  0.00652423
        1203      1.1318     1.20807  0.00651912
        1204     1.13163     1.20801  0.00651401
        1205     1.13147     1.20795  0.00650892
        1206      1.1313     1.20788  0.00650383
        1207     1.13112     1.20782  0.00649875
        1208     1.13095     1.20776  0.00649368
        1209     1.13077     1.20769  0.00648863
        1210     1.13058     1.20763  0.00648358
        1211     1.13039     1.20757  0.00647854
        1212     1.13018      1.2075  0.00647351
        1213     1.12996     1.20744  0.00646848
        1214     1.12973     1.20737  0.00646347
        1215     1.12948     1.20731  0.00645847
        1216     1.12922     1.20725  0.00645348
        1217     1.12894     1.20718   0.0064485
        1218     1.12863     1.20712  0.00644352
        1219     1.12831     1.20705  0.00643856
        1220     1.12796     1.20699  0.00643361
        1221     1.12759     1.20692  0.00642867
        1222     1.12719     1.20686  0.00642374
        1223     1.12676     1.20679  0.00641882
        1224     1.12631     1.20673  0.00641392
        1225     1.12582     1.20666  0.00640902
        1226     1.12531     1.20659  0.00640414
        1227     1.12477     1.20653  0.00639926
        1228     1.12419     1.20646   0.0063944
        1229     1.12358     1.20639  0.00638956
        1230     1.12293     1.20632  0.00638472
        1231     1.12225     1.20626   0.0063799
        1232     1.12154     1.20619  0.00637509
        1233     1.12079     1.20612   0.0063703
        1234     1.12001     1.20605  0.00636552
        1235     1.11918     1.20598  0.00636075
        1236     1.11833     1.20591    0.006356
        1237     1.11743     1.20584  0.00635127
        1238      1.1165     1.20576  0.00634655
        1239     1.11554     1.20569  0.00634184
        1240     1.11453     1.20562  0.00633715
        1241      1.1135     1.20554  0.00633248
        1242     1.11242     1.20547  0.00632783
        1243     1.11131     1.20539  0.00632319
        1244     1.11017     1.20532  0.00631857
        1245     1.10899     1.20524  0.00631397
        1246     1.10779     1.20516  0.00630938
        1247     1.10654     1.20508  0.00630482
        1248     1.10527       1.205  0.00630028
        1249     1.10397     1.20492  0.00629575
        1250     1.10265     1.20484  0.00629125
        1251     1.10129     1.20476  0.00628676
        1252     1.09991     1.20467   0.0062823
        1253     1.09851     1.20459  0.00627786
        1254     1.09708      1.2045  0.00627343
        1255     1.09563     1.20441  0.00626904
        1256     1.09417     1.20433  0.00626466
        1257     1.09269     1.20424   0.0062603
        1258      1.0912     1.20415  0.00625597
        1259     1.08969     1.20406  0.00625166
        1260     1.08818     1.20397  0.00624738
        1261     1.08666     1.20387  0.00624312
        1262     1.08514     1.20378  0.00623888
        1263     1.08361     1.20368  0.00623466
        1264     1.08209     1.20359  0.00623047
        1265     1.08057     1.20349  0.00622631
        1266     1.07906     1.20339  0.00622217
        1267     1.07756     1.20329  0.00621805
        1268     1.07607     1.20319  0.00621395
        1269     1.07459     1.20309  0.00620988
        1270     1.07314     1.20299  0.00620584
        1271      1.0717     1.20288  0.00620181
        1272     1.07029     1.20278  0.00619781
        1273     1.06891     1.20268  0.00619384
        1274     1.06755     1.20257  0.00618988
        1275     1.06623     1.20246  0.00618595
        1276     1.06495     1.20235  0.00618204
        1277      1.0637     1.20225  0.00617815
        1278      1.0625     1.20214  0.00617429
        1279     1.06134     1.20203  0.00617044
        1280     1.06023     1.20192  0.00616662
        1281     1.05916      1.2018  0.00616281
        1282     1.05815     1.20169  0.00615902
        1283      1.0572     1.20158  0.00615525
        1284      1.0563     1.20147   0.0061515
        1285     1.05546     1.20135  0.00614776
        1286     1.05468     1.20124  0.00614403
        1287     1.05397     1.20112  0.00614033
        1288     1.05332     1.20101  0.00613663
        1289     1.05274     1.20089  0.00613295
        1290     1.05223     1.20078  0.00612928
        1291     1.05178     1.20066  0.00612562
        1292     1.05141     1.20055  0.00612196
        1293     1.05112     1.20043  0.00611832
        1294     1.05089     1.20032  0.00611468
        1295     1.05074      1.2002  0.00611105
        1296     1.05066     1.20009  0.00610743
        1297     1.05066     1.19997   0.0061038
        1298     1.05073     1.19986  0.00610018
        1299     1.05087     1.19974  0.00609657
        1300     1.05109     1.19963  0.00609295
        1301     1.05138     1.19951  0.00608933
        1302     1.05175      1.1994  0.00608571
        1303     1.05218     1.19929  0.00608209
        1304     1.05269     1.19917  0.00607846
        1305     1.05326     1.19906  0.00607483
        1306      1.0539     1.19895   0.0060712
        1307     1.05461     1.19884  0.00606756
        1308     1.05538     1.19873  0.00606391
        1309     1.05621     1.19862  0.00606026
        1310     1.05711     1.19851  0.00605659
        1311     1.05806     1.19841  0.00605292
        1312     1.05907      1.1983  0.00604924
        1313     1.06013      1.1982  0.00604555
        1314     1.06124     1.19809  0.00604184
        1315      1.0624     1.19799  0.00603813
        1316      1.0636     1.19789  0.00603441
        1317     1.06485     1.19779  0.00603067
        1318     1.06613     1.19769  0.00602692
        1319     1.06745     1.19759  0.00602316
        1320     1.06881     1.19749  0.00601939
        1321     1.07019     1.19739   0.0060156
        1322     1.07161      1.1973   0.0060118
        1323     1.07305      1.1972  0.00600799
        1324     1.07451     1.19711  0.00600417
        1325       1.076     1.19702  0.00600033
        1326      1.0775     1.19693  0.00599649
        1327     1.07902     1.19684  0.00599263
        1328     1.08055     1.19675  0.00598875
        1329     1.08208     1.19667  0.00598487
        1330     1.08363     1.19658  0.00598097
        1331     1.08518      1.1965  0.00597706
        1332     1.08673     1.19642  0.00597315
        1333     1.08828     1.19633  0.00596921
        1334     1.08983     1.19625  0.00596527
        1335     1.09137     1.19618  0.00596132
        1336      1.0929      1.1961  0.00595736
        1337     1.09443     1.19602  0.00595339
        1338     1.09595     1.19595  0.00594941
        1339     1.09745     1.19587  0.00594542
        1340     1.09895      1.1958  0.00594143
        1341     1.10042     1.19573  0.00593742
        1342     1.10188     1.19566  0.00593341
        1343     1.10331     1.19559  0.00592939
        1344     1.10473     1.19552  0.00592536
        1345     1.10613     1.19546  0.00592133
        1346      1.1075     1.19539  0.00591729
        1347     1.10885     1.19533  0.00591325
        1348     1.11017     1.19527   0.0059092
        1349     1.11147      1.1952  0.00590514
        1350     1.11274     1.19514  0.00590109
        1351     1.11398     1.19508  0.00589702
        1352     1.11519     1.19502  0.00589296
        1353     1.11637     1.19496  0.00588889
        1354     1.11753     1.19491  0.00588482
        1355     1.11865     1.19485  0.00588074
        1356     1.11974      1.1948  0.00587667
        1357     1.12079     1.19474  0.00587259
        1358     1.12182     1.19469  0.00586851
        1359     1.12281     1.19463  0.00586443
        1360     1.12377     1.19458  0.00586035
        1361      1.1247     1.19453  0.00585627
        1362      1.1256     1.19448  0.00585219
        1363     1.12646     1.19443  0.00584811
        1364     1.12729     1.19438  0.00584403
        1365     1.12809     1.19433  0.00583995
        1366     1.12886     1.19429  0.00583587
        1367     1.12959     1.19424  0.00583179
        1368     1.13029     1.19419  0.00582772
        1369     1.13097     1.19414  0.00582364
        1370     1.13161      1.1941  0.00581957
        1371     1.13222     1.19405   0.0058155
        1372      1.1328     1.19401  0.00581143
        1373     1.13336     1.19397  0.00580737
        1374     1.13388     1.19392  0.00580331
        1375     1.13438     1.19388  0.00579925
        1376     1.13484     1.19384  0.00579519
        1377     1.13529     1.19379  0.00579114
        1378      1.1357     1.19375  0.00578709
        1379     1.13609     1.19371  0.00578305
        1380     1.13645     1.19367    0.005779
        1381     1.13679     1.19363  0.00577497
        1382      1.1371     1.19359  0.00577093
        1383     1.13739     1.19354   0.0057669
        1384     1.13765      1.1935  0.00576288
        1385     1.13789     1.19346  0.00575886
        1386      1.1381     1.19342  0.00575484
        1387      1.1383     1.19338  0.00575083
        1388     1.13846     1.19334  0.00574682
        1389     1.13861     1.19331  0.00574282
        1390     1.13873     1.19327  0.00573882
        1391     1.13883     1.19323  0.00573483
        1392      1.1389     1.19319  0.00573084
        1393     1.13895     1.19315  0.00572686
        1394     1.13897     1.19311  0.00572288
        1395     1.13898     1.19307  0.00571891
        1396     1.13895     1.19303  0.00571495
        1397      1.1389     1.19299  0.00571099
        1398     1.13883     1.19296  0.00570703
        1399     1.13873     1.19292  0.00570309
        1400      1.1386     1.19288  0.00569914
        1401     1.13845     1.19284  0.00569521
        1402     1.13827      1.1928  0.00569128
        1403     1.13807     1.19276  0.00568736
        1404     1.13783     1.19272  0.00568344
        1405     1.13757     1.19268  0.00567953
        1406     1.13728     1.19264  0.00567563
        1407     1.13696      1.1926  0.00567173
        1408      1.1366     1.19256  0.00566784
        1409     1.13622     1.19252  0.00566396
        1410     1.13581     1.19248  0.00566009
        1411     1.13536     1.19244  0.00565622
        1412     1.13489      1.1924  0.00565236
        1413     1.13438     1.19236  0.00564851
        1414     1.13384     1.19232  0.00564467
        1415     1.13326     1.19228  0.00564083
        1416     1.13265     1.19224  0.00563701
        1417     1.13202     1.19219  0.00563319
        1418     1.13134     1.19215  0.00562938
        1419     1.13064     1.19211  0.00562558
        1420      1.1299     1.19206  0.00562179
        1421     1.12913     1.19202  0.00561801
        1422     1.12833     1.19197  0.00561423
        1423     1.12749     1.19193  0.00561047
        1424     1.12663     1.19188  0.00560672
        1425     1.12573     1.19184  0.00560298
        1426     1.12481     1.19179  0.00559925
        1427     1.12385     1.19174  0.00559552
        1428     1.12287     1.19169  0.00559181
        1429     1.12186     1.19165  0.00558811
        1430     1.12082      1.1916  0.00558443
        1431     1.11976     1.19155  0.00558075
        1432     1.11868     1.19149  0.00557708
        1433     1.11757     1.19144  0.00557343
        1434     1.11644     1.19139  0.00556979
        1435     1.11529     1.19134  0.00556616
        1436     1.11412     1.19128  0.00556254
        1437     1.11294     1.19123  0.00555894
        1438     1.11174     1.19117  0.00555535
        1439     1.11053     1.19112  0.00555177
        1440      1.1093     1.19106  0.00554821
        1441     1.10807       1.191  0.00554465
        1442     1.10683     1.19095  0.00554112
        1443     1.10558     1.19089  0.00553759
        1444     1.10434     1.19083  0.00553408
        1445     1.10309     1.19077  0.00553059
        1446     1.10184      1.1907   0.0055271
        1447      1.1006     1.19064  0.00552363
        1448     1.09936     1.19058  0.00552018
        1449     1.09813     1.19051  0.00551674
        1450     1.09692     1.19045  0.00551331
        1451     1.09572     1.19038   0.0055099
        1452     1.09453     1.19032   0.0055065
        1453     1.09336     1.19025  0.00550311
        1454     1.09221     1.19018  0.00549974
        1455     1.09109     1.19012  0.00549638
        1456     1.08999     1.19005  0.00549304
        1457     1.08892     1.18998  0.00548971
        1458     1.08788     1.18991  0.00548639
        1459     1.08688     1.18984  0.00548308
        1460     1.08591     1.18977  0.00547979
        1461     1.08498     1.18969  0.00547651
        1462     1.08408     1.18962  0.00547324
        1463     1.08323     1.18955  0.00546998
        1464     1.08242     1.18948  0.00546673
        1465     1.08166      1.1894   0.0054635
        1466     1.08094     1.18933  0.00546027
        1467     1.08028     1.18925  0.00545705
        1468     1.07966     1.18918  0.00545385
        1469      1.0791     1.18911  0.00545065
        1470     1.07859     1.18903  0.00544746
        1471     1.07814     1.18895  0.00544428
        1472     1.07774     1.18888   0.0054411
        1473     1.07741      1.1888  0.00543794
        1474     1.07713     1.18873  0.00543478
        1475     1.07691     1.18865  0.00543162
        1476     1.07675     1.18858  0.00542847
        1477     1.07665      1.1885  0.00542532
        1478     1.07661     1.18842  0.00542218
        1479     1.07664     1.18835  0.00541904
        1480     1.07672     1.18827   0.0054159
        1481     1.07687      1.1882  0.00541277
        1482     1.07707     1.18812  0.00540964
        1483     1.07734     1.18805   0.0054065
        1484     1.07767     1.18797  0.00540337
        1485     1.07806      1.1879  0.00540024
        1486      1.0785     1.18783  0.00539711
        1487       1.079     1.18775  0.00539398
        1488     1.07956     1.18768  0.00539084
        1489     1.08017     1.18761   0.0053877
        1490     1.08083     1.18754  0.00538456
        1491     1.08154     1.18747  0.00538142
        1492      1.0823      1.1874  0.00537828
        1493     1.08311     1.18733  0.00537513
        1494     1.08396     1.18726  0.00537198
        1495     1.08485     1.18719  0.00536882
        1496     1.08579     1.18712  0.00536566
        1497     1.08675     1.18705  0.00536249
        1498     1.08776     1.18699  0.00535932
        1499     1.08879     1.18692  0.00535615
        1500     1.08985     1.18686  0.00535297
        1501     1.09093     1.18679  0.00534978
        1502     1.09204     1.18673  0.00534659
        1503     1.09317     1.18667   0.0053434
        1504     1.09431     1.18661   0.0053402
        1505     1.09546     1.18655  0.00533699
        1506     1.09662     1.18649  0.00533378
        1507     1.09778     1.18643  0.00533057
        1508     1.09895     1.18637  0.00532735
        1509     1.10012     1.18631  0.00532413
        1510     1.10128     1.18626   0.0053209
        1511     1.10243      1.1862  0.00531767
        1512     1.10357     1.18615  0.00531443
        1513      1.1047     1.18609  0.00531119
        1514      1.1058     1.18604  0.00530795
        1515     1.10689     1.18599   0.0053047
        1516     1.10794     1.18593  0.00530145
        1517     1.10897     1.18588   0.0052982
        1518     1.10997     1.18583  0.00529494
        1519     1.11094     1.18578  0.00529169
        1520     1.11186     1.18574  0.00528843
        1521     1.11275     1.18569  0.00528517
        1522      1.1136     1.18564  0.00528191
        1523      1.1144     1.18559  0.00527865
        1524     1.11515     1.18555  0.00527539
        1525     1.11585      1.1855  0.00527213
        1526      1.1165     1.18546  0.00526887
        1527     1.11709     1.18541  0.00526561
        1528     1.11763     1.18537  0.00526235
        1529     1.11811     1.18532  0.00525909
        1530     1.11853     1.18528  0.00525583
        1531      1.1189     1.18524  0.00525258
        1532      1.1192     1.18519  0.00524933
        1533     1.11944     1.18515  0.00524608
        1534     1.11962     1.18511  0.00524283
        1535     1.11973     1.18507  0.00523959
        1536     1.11979     1.18502  0.00523635
        1537     1.11978     1.18498  0.00523312
        1538     1.11971     1.18494  0.00522989
        1539     1.11958      1.1849  0.00522666
        1540     1.11938     1.18485  0.00522344
        1541     1.11913     1.18481  0.00522022
        1542     1.11882     1.18477  0.00521701
        1543     1.11845     1.18472  0.00521381
        1544     1.11802     1.18468  0.00521061
        1545     1.11754     1.18464  0.00520742
        1546     1.11701     1.18459  0.00520424
        1547     1.11643     1.18455  0.00520106
        1548      1.1158     1.18451  0.00519789
        1549     1.11512     1.18446  0.00519472
        1550      1.1144     1.18442  0.00519157
        1551     1.11364     1.18437  0.00518842
        1552     1.11284     1.18432  0.00518529
        1553       1.112     1.18428  0.00518216
        1554     1.11114     1.18423  0.00517903
        1555     1.11024     1.18418  0.00517592
        1556     1.10931     1.18413  0.00517282
        1557     1.10836     1.18409  0.00516973
        1558     1.10739     1.18404  0.00516664
        1559      1.1064     1.18399  0.00516357
        1560     1.10539     1.18394   0.0051605
        1561     1.10437     1.18389  0.00515745
        1562     1.10334     1.18383  0.00515441
        1563      1.1023     1.18378  0.00515137
        1564     1.10125     1.18373  0.00514835
        1565      1.1002     1.18368  0.00514534
        1566     1.09914     1.18362  0.00514233
        1567     1.09809     1.18357  0.00513934
        1568     1.09703     1.18351  0.00513636
        1569     1.09597     1.18346  0.00513339
        1570     1.09492      1.1834  0.00513043
        1571     1.09387     1.18334  0.00512748
        1572     1.09283     1.18328  0.00512454
        1573     1.09179     1.18323  0.00512161
        1574     1.09076     1.18317   0.0051187
        1575     1.08973     1.18311  0.00511579
        1576     1.08871     1.18305   0.0051129
        1577      1.0877     1.18299  0.00511001
        1578     1.08669     1.18293  0.00510714
        1579     1.08569     1.18287  0.00510427
        1580     1.08469      1.1828  0.00510142
        1581      1.0837     1.18274  0.00509858
        1582     1.08272     1.18268  0.00509575
        1583     1.08173     1.18261  0.00509293
        1584     1.08076     1.18255  0.00509012
        1585     1.07978     1.18248  0.00508732
        1586     1.07881     1.18242  0.00508453
        1587     1.07784     1.18235  0.00508176
        1588     1.07686     1.18229  0.00507899
        1589     1.07589     1.18222  0.00507624
        1590     1.07492     1.18215  0.00507349
        1591     1.07395     1.18208  0.00507076
        1592     1.07298     1.18202  0.00506804
        1593       1.072     1.18195  0.00506533
        1594     1.07103     1.18188  0.00506263
        1595     1.07005     1.18181  0.00505994
        1596     1.06907     1.18174  0.00505726
        1597     1.06808     1.18167  0.00505459
        1598      1.0671     1.18159  0.00505194
        1599     1.06611     1.18152   0.0050493
        1600     1.06512     1.18145  0.00504666
        1601     1.06413     1.18138  0.00504404
        1602     1.06314      1.1813  0.00504143
        1603     1.06214     1.18123  0.00503884
        1604     1.06115     1.18115  0.00503625
        1605     1.06016     1.18108  0.00503368
        1606     1.05917       1.181  0.00503112
        1607     1.05819     1.18092  0.00502857
        1608      1.0572     1.18085  0.00502603
        1609     1.05623     1.18077   0.0050235
        1610     1.05526     1.18069  0.00502099
        1611     1.05429     1.18061  0.00501848
        1612     1.05334     1.18054  0.00501599
        1613     1.05239     1.18046  0.00501351
        1614     1.05145     1.18038  0.00501104
        1615     1.05052      1.1803  0.00500858
        1616     1.04961     1.18021  0.00500614
        1617     1.04871     1.18013   0.0050037
        1618     1.04782     1.18005  0.00500128
        1619     1.04695     1.17997  0.00499886
        1620     1.04609     1.17989  0.00499646
        1621     1.04525      1.1798  0.00499407
        1622     1.04442     1.17972  0.00499169
        1623     1.04361     1.17964  0.00498932
        1624     1.04282     1.17955  0.00498695
        1625     1.04204     1.17947   0.0049846
        1626     1.04128     1.17938  0.00498226
        1627     1.04054      1.1793  0.00497993
        1628     1.03981     1.17921  0.00497761
        1629      1.0391     1.17913   0.0049753
        1630     1.03841     1.17904  0.00497299
        1631     1.03773     1.17895   0.0049707
        1632     1.03707     1.17887  0.00496841
        1633     1.03642     1.17878  0.00496614
        1634     1.03578     1.17869  0.00496387
        1635     1.03515      1.1786  0.00496161
        1636     1.03453     1.17851  0.00495936
        1637     1.03393     1.17843  0.00495711
        1638     1.03333     1.17834  0.00495488
        1639     1.03274     1.17825  0.00495265
        1640     1.03216     1.17816  0.00495043
        1641     1.03158     1.17807  0.00494822
        1642     1.03101     1.17798  0.00494602
        1643     1.03043     1.17789  0.00494382
        1644     1.02986      1.1778  0.00494164
        1645     1.02929     1.17771  0.00493946
        1646     1.02872     1.17762  0.00493729
        1647     1.02814     1.17753  0.00493512
        1648     1.02756     1.17744  0.00493297
        1649     1.02697     1.17735  0.00493082
        1650     1.02638     1.17726  0.00492868
        1651     1.02578     1.17716  0.00492655
        1652     1.02518     1.17707  0.00492442
        1653     1.02456     1.17698  0.00492231
        1654     1.02394     1.17689   0.0049202
        1655     1.02331     1.17679  0.00491811
        1656     1.02267      1.1767  0.00491602
        1657     1.02202     1.17661  0.00491394
        1658     1.02137     1.17651  0.00491186
        1659     1.02071     1.17642   0.0049098
        1660     1.02004     1.17633  0.00490775
        1661     1.01937     1.17623   0.0049057
        1662     1.01869     1.17614  0.00490367
        1663     1.01801     1.17604  0.00490164
        1664     1.01733     1.17595  0.00489962
        1665     1.01666     1.17585  0.00489761
        1666     1.01598     1.17575  0.00489561
        1667     1.01532     1.17566  0.00489362
        1668     1.01466     1.17556  0.00489164
        1669     1.01402     1.17547  0.00488967
        1670     1.01339     1.17537   0.0048877
        1671     1.01278     1.17527  0.00488574
        1672     1.01219     1.17517   0.0048838
        1673     1.01163     1.17508  0.00488185
        1674      1.0111     1.17498  0.00487992
        1675     1.01061     1.17488  0.00487799
        1676     1.01015     1.17478  0.00487607
        1677     1.00974     1.17468  0.00487416
        1678     1.00937     1.17458  0.00487225
        1679     1.00906     1.17449  0.00487035
        1680      1.0088     1.17439  0.00486844
        1681     1.00861     1.17429  0.00486655
        1682     1.00848     1.17419  0.00486465
        1683     1.00842     1.17409  0.00486276
        1684     1.00843     1.17399  0.00486087
        1685     1.00852     1.17389  0.00485897
        1686     1.00869      1.1738  0.00485708
        1687     1.00895      1.1737  0.00485518
        1688     1.00929      1.1736  0.00485328
        1689     1.00972      1.1735  0.00485138
        1690     1.01024     1.17341  0.00484947
        1691     1.01086     1.17331  0.00484756
        1692     1.01157     1.17322  0.00484563
        1693     1.01237     1.17312   0.0048437
        1694     1.01327     1.17303  0.00484176
        1695     1.01426     1.17293  0.00483981
        1696     1.01534     1.17284  0.00483785
        1697     1.01651     1.17275  0.00483588
        1698     1.01777     1.17266  0.00483389
        1699     1.01912     1.17257  0.00483189
        1700     1.02054     1.17248  0.00482987
        1701     1.02205     1.17239  0.00482784
        1702     1.02363      1.1723   0.0048258
        1703     1.02528     1.17222  0.00482374
        1704     1.02699     1.17213  0.00482166
        1705     1.02877     1.17205  0.00481956
        1706     1.03059     1.17196  0.00481745
        1707     1.03246     1.17188  0.00481532
        1708     1.03437      1.1718  0.00481318
        1709     1.03632     1.17172  0.00481101
        1710     1.03829     1.17164  0.00480883
        1711     1.04028     1.17157  0.00480664
        1712     1.04229     1.17149  0.00480442
        1713      1.0443     1.17142  0.00480219
        1714     1.04632     1.17134  0.00479994
        1715     1.04832     1.17127  0.00479768
        1716     1.05032      1.1712   0.0047954
        1717      1.0523     1.17113  0.00479311
        1718     1.05425     1.17106   0.0047908
        1719     1.05617       1.171  0.00478848
        1720     1.05806     1.17093  0.00478615
        1721     1.05991     1.17087   0.0047838
        1722      1.0617      1.1708  0.00478144
        1723     1.06345     1.17074  0.00477907
        1724     1.06515     1.17068  0.00477669
        1725     1.06679     1.17062   0.0047743
        1726     1.06836     1.17056  0.00477191
        1727     1.06987      1.1705   0.0047695
        1728     1.07131     1.17045  0.00476708
        1729     1.07268     1.17039  0.00476466
        1730     1.07398     1.17033  0.00476223
        1731     1.07521     1.17028   0.0047598
        1732     1.07636     1.17022  0.00475736
        1733     1.07743     1.17017  0.00475492
        1734     1.07842     1.17012  0.00475247
        1735     1.07934     1.17007  0.00475002
        1736     1.08017     1.17001  0.00474756
        1737     1.08093     1.16996  0.00474511
        1738     1.08161     1.16991  0.00474265
        1739     1.08221     1.16986  0.00474019
        1740     1.08273     1.16981  0.00473773
        1741     1.08317     1.16976  0.00473527
        1742     1.08355     1.16971  0.00473281
        1743     1.08384     1.16966  0.00473035
        1744     1.08407     1.16961  0.00472789
        1745     1.08422     1.16956  0.00472544
        1746     1.08431     1.16952  0.00472298
        1747     1.08432     1.16947  0.00472053
        1748     1.08428     1.16942  0.00471808
        1749     1.08417     1.16937  0.00471564
        1750       1.084     1.16932   0.0047132
        1751     1.08377     1.16927  0.00471076
        1752     1.08349     1.16922  0.00470832
        1753     1.08316     1.16917  0.00470589
        1754     1.08277     1.16912  0.00470347
        1755     1.08234     1.16907  0.00470105
        1756     1.08187     1.16902  0.00469863
        1757     1.08136     1.16898  0.00469622
        1758     1.08081     1.16892  0.00469382
        1759     1.08022     1.16887  0.00469142
        1760     1.07961     1.16882  0.00468903
        1761     1.07897     1.16877  0.00468665
        1762      1.0783     1.16872  0.00468427
        1763     1.07761     1.16867   0.0046819
        1764     1.07691     1.16862  0.00467953
        1765     1.07619     1.16857  0.00467717
        1766     1.07546     1.16851  0.00467482
        1767     1.07472     1.16846  0.00467248
        1768     1.07398     1.16841  0.00467014
        1769     1.07323     1.16835  0.00466781
        1770     1.07248      1.1683  0.00466549
        1771     1.07174     1.16824  0.00466317
        1772     1.07101     1.16819  0.00466086
        1773     1.07028     1.16813  0.00465856
        1774     1.06957     1.16808  0.00465627
        1775     1.06887     1.16802  0.00465398
        1776     1.06819     1.16797   0.0046517
        1777     1.06754     1.16791  0.00464942
        1778      1.0669     1.16785  0.00464715
        1779     1.06629      1.1678  0.00464489
        1780     1.06571     1.16774  0.00464264
        1781     1.06516     1.16768  0.00464039
        1782     1.06464     1.16762  0.00463814
        1783     1.06415     1.16756  0.00463591
        1784     1.06371     1.16751  0.00463367
        1785      1.0633     1.16745  0.00463144
        1786     1.06293     1.16739  0.00462922
        1787      1.0626     1.16733    0.004627
        1788     1.06231     1.16727  0.00462479
        1789     1.06207     1.16721  0.00462258
        1790     1.06188     1.16715  0.00462037
        1791     1.06173      1.1671  0.00461816
        1792     1.06163     1.16704  0.00461596
        1793     1.06157     1.16698  0.00461376
        1794     1.06157     1.16692  0.00461156
        1795     1.06161     1.16686  0.00460937
        1796      1.0617      1.1668  0.00460717
        1797     1.06184     1.16674  0.00460498
        1798     1.06204     1.16669  0.00460279
        1799     1.06228     1.16663  0.00460059
        1800     1.06257     1.16657   0.0045984
        1801     1.06291     1.16651  0.00459621
        1802      1.0633     1.16645  0.00459401
        1803     1.06373      1.1664  0.00459182
        1804     1.06422     1.16634  0.00458962
        1805     1.06475     1.16628  0.00458743
        1806     1.06533     1.16623  0.00458523
        1807     1.06595     1.16617  0.00458302
        1808     1.06662     1.16612  0.00458082
        1809     1.06734     1.16606  0.00457861
        1810     1.06809     1.16601   0.0045764
        1811     1.06889     1.16596  0.00457419
        1812     1.06973      1.1659  0.00457197
        1813     1.07061     1.16585  0.00456976
        1814     1.07152      1.1658  0.00456753
        1815     1.07248     1.16575   0.0045653
        1816     1.07347      1.1657  0.00456307
        1817     1.07449     1.16565  0.00456084
        1818     1.07554      1.1656   0.0045586
        1819     1.07663     1.16555  0.00455636
        1820     1.07774      1.1655  0.00455411
        1821     1.07889     1.16545  0.00455185
        1822     1.08006      1.1654   0.0045496
        1823     1.08126     1.16536  0.00454734
        1824     1.08248     1.16531  0.00454507
        1825     1.08372     1.16527   0.0045428
        1826     1.08498     1.16522  0.00454052
        1827     1.08627     1.16518  0.00453824
        1828     1.08757     1.16514  0.00453596
        1829     1.08889      1.1651  0.00453367
        1830     1.09022     1.16506  0.00453138
        1831     1.09157     1.16502  0.00452908
        1832     1.09293     1.16498  0.00452678
        1833     1.09431     1.16494  0.00452448
        1834     1.09569      1.1649  0.00452217
        1835     1.09708     1.16486  0.00451985
        1836     1.09848     1.16483  0.00451754
        1837     1.09989     1.16479  0.00451521
        1838      1.1013     1.16476  0.00451289
        1839     1.10271     1.16472  0.00451056
        1840     1.10413     1.16469  0.00450823
        1841     1.10555     1.16466   0.0045059
        1842     1.10698     1.16463  0.00450356
        1843      1.1084      1.1646  0.00450122
        1844     1.10982     1.16457  0.00449888
        1845     1.11124     1.16454  0.00449653
        1846     1.11266     1.16451  0.00449418
        1847     1.11407     1.16448  0.00449183
        1848     1.11548     1.16446  0.00448948
        1849     1.11689     1.16443  0.00448713
        1850     1.11829     1.16441  0.00448477
        1851     1.11968     1.16438  0.00448241
        1852     1.12107     1.16436  0.00448005
        1853     1.12245     1.16434  0.00447769
        1854     1.12382     1.16431  0.00447533
        1855     1.12519     1.16429  0.00447297
        1856     1.12654     1.16427   0.0044706
        1857     1.12789     1.16425  0.00446824
        1858     1.12922     1.16423  0.00446587
        1859     1.13055     1.16422  0.00446351
        1860     1.13187      1.1642  0.00446114
        1861     1.13317     1.16418  0.00445878
        1862     1.13447     1.16417  0.00445641
        1863     1.13575     1.16415  0.00445404
        1864     1.13703     1.16414  0.00445168
        1865     1.13829     1.16412  0.00444931
        1866     1.13954     1.16411  0.00444695
        1867     1.14078      1.1641  0.00444458
        1868     1.14201     1.16408  0.00444222
        1869     1.14322     1.16407  0.00443986
        1870     1.14443     1.16406   0.0044375
        1871     1.14563     1.16405  0.00443513
        1872     1.14681     1.16404  0.00443278
        1873     1.14798     1.16404  0.00443042
        1874     1.14915     1.16403  0.00442806
        1875      1.1503     1.16402   0.0044257
        1876     1.15144     1.16401  0.00442335
        1877     1.15258     1.16401    0.004421
        1878      1.1537       1.164  0.00441865
        1879     1.15482       1.164   0.0044163
        1880     1.15592     1.16399  0.00441395
        1881     1.15702     1.16399  0.00441161
        1882      1.1581     1.16399  0.00440926
        1883     1.15918     1.16398  0.00440692
        1884     1.16026     1.16398  0.00440458
        1885     1.16132     1.16398  0.00440225
        1886     1.16238     1.16398  0.00439991
        1887     1.16343     1.16398  0.00439758
        1888     1.16447     1.16398  0.00439525
        1889     1.16551     1.16398  0.00439293
        1890     1.16655     1.16398   0.0043906
        1891     1.16757     1.16398  0.00438828
        1892      1.1686     1.16399  0.00438596
        1893     1.16961     1.16399  0.00438365
        1894     1.17063     1.16399  0.00438133
        1895     1.17163       1.164  0.00437902
        1896     1.17264       1.164  0.00437671
        1897     1.17363     1.16401  0.00437441
        1898     1.17462     1.16401  0.00437211
        1899     1.17561     1.16402  0.00436981
        1900     1.17659     1.16402  0.00436752
        1901     1.17757     1.16403  0.00436522
        1902     1.17854     1.16404  0.00436294
        1903      1.1795     1.16405  0.00436065
        1904     1.18046     1.16406  0.00435837
        1905      1.1814     1.16406  0.00435609
        1906     1.18234     1.16407  0.00435382
        1907     1.18326     1.16408  0.00435154
        1908     1.18417     1.16409  0.00434928
        1909     1.18508     1.16411  0.00434701
        1910     1.18596     1.16412  0.00434475
        1911     1.18683     1.16413  0.00434249
        1912     1.18768     1.16414  0.00434024
        1913     1.18852     1.16415  0.00433799
        1914     1.18933     1.16417  0.00433574
        1915     1.19012     1.16418   0.0043335
        1916     1.19089     1.16419  0.00433126
        1917     1.19163     1.16421  0.00432903
        1918     1.19235     1.16422  0.00432679
        1919     1.19303     1.16424  0.00432457
        1920     1.19368     1.16425  0.00432234
        1921      1.1943     1.16427  0.00432012
        1922     1.19488     1.16429   0.0043179
        1923     1.19542      1.1643  0.00431568
        1924     1.19592     1.16432  0.00431347
        1925     1.19638     1.16433  0.00431126
        1926     1.19679     1.16435  0.00430906
        1927     1.19716     1.16437  0.00430686
        1928     1.19748     1.16439  0.00430466
        1929     1.19775      1.1644  0.00430246
        1930     1.19797     1.16442  0.00430027
        1931     1.19814     1.16444  0.00429807
        1932     1.19825     1.16446  0.00429589
        1933      1.1983     1.16447   0.0042937
        1934      1.1983     1.16449  0.00429151
        1935     1.19823     1.16451  0.00428933
        1936     1.19811     1.16453  0.00428715
        1937     1.19793     1.16454  0.00428497
        1938     1.19769     1.16456   0.0042828
        1939     1.19739     1.16458  0.00428062
        1940     1.19702     1.16459  0.00427845
        1941     1.19659     1.16461  0.00427627
        1942      1.1961     1.16463   0.0042741
        1943     1.19555     1.16464  0.00427193
        1944     1.19494     1.16466  0.00426976
        1945     1.19427     1.16467   0.0042676
        1946     1.19354     1.16469  0.00426543
        1947     1.19275      1.1647  0.00426326
        1948      1.1919     1.16472   0.0042611
        1949       1.191     1.16473  0.00425893
        1950     1.19004     1.16474  0.00425677
        1951     1.18903     1.16475   0.0042546
        1952     1.18797     1.16477  0.00425244
        1953     1.18686     1.16478  0.00425028
        1954     1.18571     1.16479  0.00424812
        1955     1.18451      1.1648  0.00424596
        1956     1.18327     1.16481   0.0042438
        1957     1.18199     1.16482  0.00424164
        1958     1.18068     1.16482  0.00423948
        1959     1.17933     1.16483  0.00423732
        1960     1.17796     1.16484  0.00423516
        1961     1.17656     1.16485  0.00423301
        1962     1.17514     1.16485  0.00423085
        1963      1.1737     1.16485   0.0042287
        1964     1.17225     1.16486  0.00422655
        1965     1.17078     1.16486   0.0042244
        1966      1.1693     1.16486  0.00422225
        1967     1.16782     1.16487   0.0042201
        1968     1.16634     1.16487  0.00421796
        1969     1.16485     1.16487  0.00421582
        1970     1.16338     1.16487  0.00421368
        1971     1.16191     1.16486  0.00421154
        1972     1.16045     1.16486  0.00420941
        1973     1.15901     1.16486  0.00420727
        1974     1.15759     1.16485  0.00420514
        1975     1.15618     1.16485  0.00420302
        1976      1.1548     1.16485  0.00420089
        1977     1.15345     1.16484  0.00419877
        1978     1.15213     1.16483  0.00419665
        1979     1.15083     1.16483  0.00419454
        1980     1.14957     1.16482  0.00419243
        1981     1.14834     1.16481  0.00419032
        1982     1.14715      1.1648  0.00418822
        1983     1.14599     1.16479  0.00418611
        1984     1.14487     1.16478  0.00418402
        1985     1.14379     1.16477  0.00418192
        1986     1.14276     1.16476  0.00417983
        1987     1.14176     1.16475  0.00417774
        1988      1.1408     1.16474  0.00417566
        1989     1.13988     1.16472  0.00417358
        1990     1.13901     1.16471   0.0041715
        1991     1.13817      1.1647  0.00416943
        1992     1.13737     1.16468  0.00416736
        1993     1.13661     1.16467  0.00416529
        1994     1.13589     1.16466  0.00416323
        1995      1.1352     1.16464  0.00416116
        1996     1.13455     1.16463  0.00415911
        1997     1.13394     1.16461  0.00415705
        1998     1.13336     1.16459    0.004155
        1999      1.1328     1.16458  0.00415295
        2000     1.13228     1.16456  0.00415091
