           1     -8.4524     -8.4524           0
           2    -8.31158    -8.38199   0.0497898
           3    -8.17609    -8.31336   0.0651311
           4    -7.99652    -8.23415    0.084212
           5    -7.93752    -8.17482   0.0857571
           6    -7.89509     -8.1282   0.0831773
           7    -7.81935    -8.08408   0.0821679
           8     -7.7621    -8.04383   0.0811574
           9    -7.76482    -8.01283    0.077836
          10    -7.79188    -7.99074   0.0731213
          11    -7.75478    -7.96929   0.0695492
          12     -7.6974    -7.94663   0.0673429
          13    -7.70085    -7.92772   0.0647621
          14    -7.72959    -7.91357   0.0616632
          15    -7.73575    -7.90172   0.0586808
          16    -7.70109    -7.88918    0.056337
          17    -7.77755    -7.88261   0.0534044
          18    -7.81688    -7.87896   0.0505622
          19    -7.74433    -7.87187    0.048395
          20    -7.66979    -7.86177   0.0470182
          21    -7.65386    -7.85187   0.0458097
          22    -7.64508    -7.84247   0.0446814
          23    -7.58059    -7.83108   0.0441657
          24    -7.61023    -7.82188   0.0432734
          25    -7.61783    -7.81372   0.0423052
          26    -7.65599    -7.80765   0.0411107
          27    -7.58138    -7.79927   0.0404333
          28    -7.56611    -7.79094   0.0398375
          29     -7.5134    -7.78137   0.0395966
          30    -7.42585    -7.76952   0.0400109
          31    -7.49293     -7.7606   0.0397026
          32    -7.55594     -7.7542   0.0389736
          33    -7.56729    -7.74854    0.038202
          34     -7.6273    -7.74497   0.0372444
          35    -7.69476    -7.74354   0.0362079
          36      -7.641    -7.74069    0.035314
          37    -7.58534    -7.73649   0.0346083
          38    -7.64997    -7.73422   0.0337724
          39    -7.61316    -7.73111   0.0330487
          40    -7.63327    -7.72867   0.0323129
          41    -7.69099    -7.72775   0.0315379
          42    -7.75723    -7.72845   0.0307948
          43    -7.62551    -7.72606   0.0301715
          44    -7.64103    -7.72412   0.0295476
          45    -7.57852    -7.72089   0.0290676
          46    -7.58483    -7.71793   0.0285858
          47    -7.58263    -7.71505   0.0281222
          48     -7.6683    -7.71408   0.0275532
          49       -7.64    -7.71256   0.0270323
          50    -7.62537    -7.71082   0.0265478
          51    -7.58688    -7.70839   0.0261383
          52    -7.55241    -7.70539   0.0258072
          53     -7.6421     -7.7042   0.0253479
          54    -7.59323    -7.70214   0.0249616
          55    -7.61411    -7.70054    0.024559
          56    -7.58937    -7.69856   0.0242006
          57    -7.57306    -7.69635    0.023876
          58    -7.52347    -7.69337   0.0236496
          59    -7.62288    -7.69218   0.0232789
          60    -7.66661    -7.69175   0.0228949
          61    -7.69441     -7.6918   0.0225196
          62    -7.69698    -7.69188   0.0221565
          63    -7.54909    -7.68961   0.0219204
          64    -7.56575    -7.68768   0.0216632
          65    -7.59193    -7.68621     0.02138
          66    -7.69405    -7.68632   0.0210563
          67    -7.67305    -7.68613    0.020743
          68    -7.65372    -7.68565   0.0204434
          69    -7.61481    -7.68462   0.0201729
          70    -7.60523    -7.68349   0.0199166
          71    -7.57504    -7.68196   0.0196946
          72    -7.65515    -7.68159   0.0194245
          73    -7.65192    -7.68118   0.0191627
          74    -7.63634    -7.68058   0.0189133
          75     -7.6292    -7.67989   0.0186736
          76    -7.56208    -7.67834   0.0184921
          77    -7.54203    -7.67657   0.0183365
          78    -7.46982    -7.67392    0.018292
          79    -7.51265    -7.67188    0.018174
          80    -7.51648    -7.66994   0.0180503
          81    -7.53322    -7.66825   0.0179062
          82    -7.53324     -7.6666   0.0177634
          83    -7.55785    -7.66529   0.0175976
          84    -7.55839    -7.66402   0.0174341
          85    -7.51217    -7.66223   0.0173203
          86    -7.50415    -7.66039   0.0172161
          87    -7.45269    -7.65801    0.017183
          88    -7.47688    -7.65595   0.0171105
          89    -7.50096    -7.65421   0.0170067
          90    -7.50093     -7.6525   0.0169028
          91    -7.54479    -7.65132   0.0167584
          92    -7.52318    -7.64993    0.016634
          93    -7.60843    -7.64948   0.0164612
          94    -7.56999    -7.64864   0.0163077
          95    -7.52137     -7.6473    0.016191
          96    -7.48394    -7.64559   0.0161115
          97    -7.56902    -7.64481   0.0159648
          98    -7.57916    -7.64414   0.0158159
          99    -7.59699    -7.64366   0.0156633
         100    -7.58378    -7.64306   0.0155181
         101    -7.59011    -7.64254   0.0153733
         102    -7.54603    -7.64159   0.0152517
         103    -7.43198    -7.63955   0.0152388
         104    -7.47394    -7.63796   0.0151752
         105    -7.40343    -7.63573   0.0151942
         106    -7.37785     -7.6333   0.0152444
         107    -7.42419    -7.63134   0.0152267
         108    -7.42349    -7.62942   0.0152068
         109     -7.4366    -7.62765   0.0151698
         110    -7.38637    -7.62545   0.0151897
         111    -7.38945    -7.62333   0.0152009
         112    -7.38751    -7.62122   0.0152103
         113    -7.49055    -7.62007   0.0151196
         114    -7.52583    -7.61924   0.0150096
         115    -7.42651    -7.61756   0.0149723
         116    -7.49013    -7.61647   0.0148835
         117    -7.47853    -7.61529   0.0148029
         118    -7.51801    -7.61446   0.0147004
         119     -7.5771    -7.61415   0.0145802
         120    -7.48818     -7.6131   0.0144964
         121    -7.50806    -7.61223   0.0144026
         122    -7.55522    -7.61176   0.0142921
         123    -7.51529    -7.61098   0.0141974
         124    -7.51243    -7.61018   0.0141052
         125    -7.49947     -7.6093   0.0140201
         126    -7.52156     -7.6086   0.0139261
         127    -7.41514    -7.60708   0.0138995
         128    -7.50293    -7.60627   0.0138147
         129     -7.5525    -7.60585   0.0137139
         130    -7.54098    -7.60535   0.0136175
         131    -7.51816    -7.60468   0.0135298
         132    -7.41287    -7.60323   0.0135051
         133    -7.56127    -7.60292   0.0134073
         134    -7.59376    -7.60285   0.0133074
         135      -7.505    -7.60212   0.0132285
         136    -7.54377    -7.60169   0.0131382
         137     -7.5452    -7.60128   0.0130488
         138    -7.59137    -7.60121   0.0129544
         139    -7.63846    -7.60148    0.012864
         140    -7.60197    -7.60148   0.0127721
         141    -7.58823    -7.60139   0.0126819
         142    -7.60346     -7.6014   0.0125926
         143    -7.56473    -7.60114   0.0125071
         144    -7.59611    -7.60111   0.0124203
         145    -7.58528      -7.601   0.0123352
         146     -7.5536    -7.60068   0.0122549
         147    -7.61617    -7.60078    0.012172
         148     -7.4878    -7.60002   0.0121137
         149    -7.44152    -7.59895    0.012079
         150    -7.46221    -7.59804   0.0120328
         151    -7.34037    -7.59634   0.0120735
         152    -7.32318    -7.59454   0.0121271
         153    -7.34014    -7.59288   0.0121613
         154    -7.38027     -7.5915   0.0121604
         155    -7.38804    -7.59018   0.0121526
         156    -7.43012    -7.58916    0.012118
         157    -7.41465    -7.58805   0.0120917
         158    -7.44741    -7.58716   0.0120478
         159    -7.47321    -7.58644   0.0119934
         160    -7.48951    -7.58583   0.0119337
         161    -7.57007    -7.58573     0.01186
         162    -7.52501    -7.58536   0.0117927
         163    -7.52175    -7.58497   0.0117268
         164    -7.53201    -7.58465   0.0116597
         165    -7.52231    -7.58427   0.0115952
         166     -7.5164    -7.58386   0.0115325
         167    -7.42515    -7.58291   0.0115026
         168    -7.52286    -7.58255   0.0114397
         169    -7.55462    -7.58239   0.0113732
         170    -7.55169    -7.58221   0.0113077
         171    -7.59737     -7.5823   0.0112419
         172    -7.65496    -7.58272   0.0111845
         173    -7.68733    -7.58332   0.0111362
         174    -7.72485    -7.58414   0.0111018
         175    -7.73438    -7.58499   0.0110715
         176    -7.70677    -7.58569   0.0110302
         177    -7.67267    -7.58618   0.0109789
         178    -7.65526    -7.58657    0.010924
         179    -7.68554    -7.58712    0.010877
         180    -7.67845    -7.58763   0.0108284
         181     -7.7397    -7.58847   0.0108011
         182    -7.68545      -7.589   0.0107549
         183    -7.75155    -7.58989   0.0107328
         184    -7.78475    -7.59095   0.0107266
         185    -7.80161    -7.59209   0.0107288
         186    -7.79505    -7.59318   0.0107265
         187    -7.72996    -7.59391   0.0106941
         188    -7.65982    -7.59426   0.0106429
         189    -7.66697    -7.59464   0.0105936
         190    -7.72033     -7.5953   0.0105584
         191    -7.73003    -7.59601   0.0105267
         192    -7.68532    -7.59648   0.0104821
         193    -7.71196    -7.59707   0.0104449
         194     -7.5634     -7.5969   0.0103925
         195    -7.53858     -7.5966   0.0103435
         196    -7.63952    -7.59682   0.0102931
         197    -7.64058    -7.59704   0.0102432
         198    -7.68961    -7.59751   0.0102021
         199     -7.5769    -7.59741   0.0101514
         200    -7.52987    -7.59707   0.0101062
         201    -7.47199    -7.59645   0.0100751
         202    -7.49769    -7.59596   0.0100371
         203    -7.48586    -7.59541   0.0100023
         204    -7.62462    -7.59556  0.00995428
         205    -7.57617    -7.59546  0.00990617
         206    -7.53966    -7.59519  0.00986179
         207    -7.53224    -7.59489  0.00981883
         208    -7.64621    -7.59514  0.00977473
         209    -7.64683    -7.59538  0.00973109
         210    -7.60507    -7.59543  0.00968486
         211    -7.54076    -7.59517  0.00964242
         212     -7.5565    -7.59499  0.00959866
         213    -7.45312    -7.59432  0.00957668
         214    -7.57699    -7.59424  0.00953227
         215    -7.57279    -7.59414  0.00948846
         216    -7.54715    -7.59392  0.00944702
         217    -7.65049    -7.59418  0.00940708
         218    -7.63635    -7.59438  0.00936592
         219    -7.66088    -7.59468  0.00932808
         220    -7.65174    -7.59494  0.00928928
         221    -7.69256    -7.59538  0.00925774
         222    -7.67018    -7.59572  0.00922217
         223    -7.63871    -7.59591  0.00918283
         224    -7.67277    -7.59625  0.00914824
         225    -7.61208    -7.59633  0.00910786
         226    -7.59224    -7.59631  0.00906757
         227    -7.57744    -7.59622  0.00902801
         228    -7.57357    -7.59612  0.00898896
         229    -7.47337    -7.59559  0.00896568
         230    -7.46344    -7.59501  0.00894508
         231    -7.55055    -7.59482  0.00890843
         232    -7.58091    -7.59476  0.00887023
         233    -7.57207    -7.59466   0.0088327
         234    -7.58621    -7.59463  0.00879503
         235    -7.54694    -7.59443  0.00875994
         236    -7.47197    -7.59391  0.00873818
         237    -7.49956    -7.59351  0.00871037
         238    -7.50262    -7.59313  0.00868214
         239    -7.52606    -7.59285  0.00865035
         240    -7.48956    -7.59242    0.008625
         241    -7.43846    -7.59178  0.00861284
         242    -7.41639    -7.59105  0.00860769
         243    -7.42859    -7.59038  0.00859819
         244    -7.47654    -7.58992   0.0085756
         245    -7.45635    -7.58937  0.00855791
         246    -7.43668    -7.58875   0.0085456
         247    -7.52733     -7.5885  0.00851462
         248    -7.56619    -7.58841  0.00848076
         249    -7.53668     -7.5882  0.00844925
         250    -7.56758    -7.58812  0.00841585
         251    -7.51563    -7.58783  0.00838728
         252    -7.60122    -7.58789  0.00835416
         253    -7.68238    -7.58826  0.00832949
         254    -7.64758    -7.58849  0.00829997
         255    -7.61176    -7.58858  0.00826792
         256     -7.5247    -7.58833  0.00823939
         257    -7.58041     -7.5883  0.00820739
         258    -7.59238    -7.58832  0.00817559
         259    -7.54404    -7.58815  0.00814581
         260    -7.48151    -7.58774   0.0081248
         261    -7.50373    -7.58742  0.00810004
         262    -7.57359    -7.58736   0.0080693
         263    -7.62884    -7.58752  0.00804016
         264    -7.51926    -7.58726  0.00801386
         265    -7.44631    -7.58673  0.00800125
         266    -7.45655    -7.58624  0.00798612
         267    -7.53298    -7.58604  0.00795871
         268    -7.50749    -7.58575   0.0079344
         269    -7.52264    -7.58551  0.00790838
         270    -7.44659      -7.585   0.0078958
         271    -7.51144    -7.58473  0.00787133
         272    -7.59228    -7.58476  0.00784244
         273    -7.60041    -7.58481  0.00781393
         274     -7.6242    -7.58496  0.00778673
         275    -7.63928    -7.58516  0.00776092
         276    -7.60009    -7.58521  0.00773299
         277    -7.54058    -7.58505  0.00770675
         278    -7.60397    -7.58512  0.00767933
         279    -7.61958    -7.58524   0.0076528
         280    -7.60185     -7.5853   0.0076257
         281    -7.58037    -7.58528  0.00759858
         282    -7.57521    -7.58525  0.00757172
         283    -7.64078    -7.58544  0.00754751
         284    -7.61535    -7.58555  0.00752167
         285    -7.60828    -7.58563   0.0074957
         286     -7.5878    -7.58563  0.00746949
         287    -7.57231    -7.58559  0.00744361
         288    -7.50393     -7.5853  0.00742316
         289    -7.47486    -7.58492  0.00740731
         290    -7.64145    -7.58512  0.00738433
         291    -7.58644    -7.58512  0.00735895
         292     -7.5939    -7.58515  0.00733381
         293    -7.62466    -7.58529  0.00731002
         294    -7.55537    -7.58519  0.00728587
         295    -7.50423    -7.58491  0.00726634
         296    -7.55955    -7.58483  0.00724229
         297    -7.42614    -7.58429  0.00723759
         298    -7.42698    -7.58376  0.00723253
         299      -7.434    -7.58326  0.00722566
         300    -7.48851    -7.58295  0.00720848
         301    -7.41942     -7.5824  0.00720497
         302    -7.45453    -7.58198  0.00719354
         303    -7.49855     -7.5817  0.00717507
         304    -7.53393    -7.58155  0.00715319
         305     -7.5592    -7.58147  0.00713011
         306    -7.55864     -7.5814   0.0071072
         307    -7.52641    -7.58122  0.00708631
         308    -7.55215    -7.58113  0.00706393
         309     -7.5503    -7.58103  0.00704177
         310    -7.62126    -7.58116  0.00702025
         311     -7.6524    -7.58138  0.00700142
         312     -7.6249    -7.58152  0.00698036
         313    -7.64256    -7.58172  0.00696079
         314    -7.61907    -7.58184  0.00693963
         315    -7.57757    -7.58182  0.00691762
         316    -7.55165    -7.58173  0.00689638
         317    -7.61953    -7.58185  0.00687566
         318    -7.69457     -7.5822  0.00686317
         319    -7.67264    -7.58249  0.00684751
         320    -7.59027    -7.58251  0.00682615
         321    -7.66087    -7.58275  0.00680925
         322    -7.59864     -7.5828  0.00678828
         323    -7.58246     -7.5828  0.00676727
         324    -7.60598    -7.58287  0.00674676
         325    -7.60663    -7.58295   0.0067264
         326    -7.59339    -7.58298  0.00670584
         327    -7.56668    -7.58293  0.00668552
         328    -7.63833     -7.5831  0.00666727
         329    -7.56405    -7.58304  0.00664725
         330    -7.58269    -7.58304  0.00662711
         331    -7.55387    -7.58295  0.00660767
         332    -7.56438     -7.5829  0.00658801
         333    -7.56242    -7.58283  0.00656851
         334    -7.64998    -7.58304  0.00655192
         335    -7.64002    -7.58321  0.00653457
         336    -7.64271    -7.58338  0.00651752
         337    -7.63054    -7.58352  0.00649968
         338    -7.65172    -7.58372  0.00648358
         339     -7.6696    -7.58398  0.00646941
         340    -7.60723    -7.58405  0.00645074
         341    -7.58943    -7.58406  0.00643184
         342    -7.64396    -7.58424  0.00641542
         343    -7.56844    -7.58419  0.00639688
         344    -7.56881    -7.58415  0.00637844
         345    -7.56828     -7.5841  0.00636012
         346    -7.61374    -7.58419  0.00634231
         347    -7.64063    -7.58435  0.00632612
         348    -7.57791    -7.58433  0.00630797
         349    -7.65408    -7.58453  0.00629306
         350    -7.72143    -7.58492  0.00628723
         351    -7.69937    -7.58525  0.00627776
         352    -7.68486    -7.58553   0.0062663
         353    -7.69181    -7.58583  0.00625578
         354    -7.63471    -7.58597  0.00623963
         355    -7.70725    -7.58631   0.0062314
         356    -7.73798    -7.58674  0.00622845
         357    -7.76038    -7.58722  0.00622996
         358    -7.74712    -7.58767  0.00622855
         359    -7.71602    -7.58803  0.00622145
         360    -7.65963    -7.58823  0.00620735
         361    -7.70566    -7.58855  0.00619867
         362    -7.80318    -7.58914  0.00620984
         363    -7.76592    -7.58963   0.0062118
         364    -7.72899    -7.59001  0.00620652
         365    -7.71026    -7.59034  0.00619825
         366     -7.6692    -7.59056  0.00618506
         367    -7.59742    -7.59058  0.00616824
         368    -7.58708    -7.59057  0.00615148
         369    -7.59948    -7.59059  0.00613486
         370    -7.61269    -7.59065  0.00611857
         371    -7.66119    -7.59084  0.00610503
         372    -7.68711     -7.5911   0.0060941
         373    -7.68068    -7.59134  0.00608249
         374    -7.68721     -7.5916  0.00607163
         375      -7.705     -7.5919  0.00606296
         376    -7.74697    -7.59231  0.00606085
         377    -7.66739    -7.59251  0.00604804
         378    -7.63332    -7.59262  0.00603301
         379    -7.58317    -7.59259  0.00601714
         380    -7.54984    -7.59248  0.00600236
         381    -7.57429    -7.59243  0.00598679
         382    -7.55704    -7.59234  0.00597184
         383    -7.51279    -7.59213  0.00595986
         384    -7.58728    -7.59212  0.00594435
         385    -7.59285    -7.59212  0.00592891
         386    -7.54199    -7.59199  0.00591497
         387     -7.5564     -7.5919   0.0059004
         388    -7.52706    -7.59173  0.00588756
         389    -7.48812    -7.59147  0.00587845
         390    -7.46319    -7.59114  0.00587257
         391    -7.41546    -7.59069  0.00587471
         392    -7.38427    -7.59016  0.00588328
         393    -7.41536    -7.58972   0.0058851
         394    -7.46554     -7.5894   0.0058786
         395    -7.52703    -7.58925  0.00586584
         396    -7.46589    -7.58893  0.00585929
         397    -7.47743    -7.58865  0.00585126
         398    -7.48153    -7.58838  0.00584274
         399    -7.56163    -7.58832  0.00582848
         400    -7.62251     -7.5884  0.00581454
         401     -7.5702    -7.58836  0.00580022
         402    -7.57187    -7.58832  0.00578593
         403    -7.55489    -7.58823  0.00577217
         404    -7.65945    -7.58841  0.00576057
         405    -7.60259    -7.58844  0.00574646
         406    -7.62449    -7.58853  0.00573299
         407    -7.57286    -7.58849  0.00571903
         408    -7.56889    -7.58845  0.00570522
         409    -7.54621    -7.58834   0.0056922
         410    -7.52008    -7.58818  0.00568075
         411      -7.562    -7.58811  0.00566729
         412    -7.60333    -7.58815  0.00565365
         413    -7.64941     -7.5883  0.00564191
         414    -7.63464    -7.58841  0.00562939
         415    -7.71826    -7.58872  0.00562452
         416    -7.63558    -7.58884  0.00561212
         417    -7.64251    -7.58896  0.00560014
         418    -7.53273    -7.58883  0.00558836
         419    -7.53614     -7.5887  0.00557644
         420    -7.51656    -7.58853   0.0055658
         421    -7.57356     -7.5885   0.0055527
         422    -7.56372    -7.58844  0.00553985
         423    -7.57935    -7.58842  0.00552679
         424    -7.62672    -7.58851   0.0055145
         425    -7.57108    -7.58847  0.00550167
         426    -7.56006     -7.5884  0.00548916
         427    -7.62747    -7.58849  0.00547707
         428    -7.50323    -7.58829   0.0054679
         429    -7.52485    -7.58814  0.00545715
         430    -7.45609    -7.58784  0.00545309
         431    -7.50633    -7.58765  0.00544372
         432    -7.53577    -7.58753  0.00543244
         433    -7.52114    -7.58737  0.00542206
         434    -7.54529    -7.58728  0.00541043
         435    -7.56451    -7.58722  0.00539825
         436    -7.45781    -7.58693  0.00539402
         437    -7.42958    -7.58657  0.00539368
         438    -7.38727    -7.58611  0.00540053
         439    -7.43942    -7.58578  0.00539855
         440    -7.53447    -7.58566  0.00538754
         441    -7.53301    -7.58554  0.00537665
         442    -7.57474    -7.58552  0.00536454
         443    -7.53137     -7.5854  0.00535382
         444    -7.53169    -7.58527  0.00534313
         445    -7.48784    -7.58506  0.00533561
         446    -7.55588    -7.58499  0.00532405
         447    -7.43923    -7.58466  0.00532211
         448    -7.48183    -7.58443  0.00531518
         449    -7.46487    -7.58417  0.00531001
         450    -7.46044    -7.58389  0.00530532
         451    -7.45214     -7.5836   0.0053016
         452    -7.59883    -7.58364  0.00528997
         453    -7.54426    -7.58355  0.00527901
         454    -7.60195    -7.58359  0.00526754
         455    -7.56862    -7.58356  0.00525606
         456    -7.52688    -7.58343  0.00524601
         457    -7.54407    -7.58335  0.00523523
         458    -7.55643    -7.58329  0.00522413
         459    -7.57372    -7.58327  0.00521279
         460    -7.55682    -7.58321  0.00520178
         461    -7.52382    -7.58308  0.00519209
         462    -7.56793    -7.58305  0.00518096
         463     -7.5381    -7.58295  0.00517067
         464    -7.57796    -7.58294  0.00515954
         465    -7.56188    -7.58289  0.00514865
         466    -7.58402     -7.5829   0.0051376
         467    -7.59181    -7.58292  0.00512663
         468    -7.56858    -7.58288  0.00511577
         469     -7.6224    -7.58297  0.00510555
         470    -7.62651    -7.58306  0.00509553
         471    -7.57997    -7.58305  0.00508472
         472     -7.5714    -7.58303  0.00507401
         473    -7.49272    -7.58284  0.00506687
         474      -7.529    -7.58273  0.00505745
         475    -7.47758     -7.5825  0.00505165
         476    -7.52602    -7.58239  0.00504243
         477    -7.55031    -7.58232  0.00503231
         478    -7.46643    -7.58208  0.00502761
         479    -7.53081    -7.58197  0.00501826
         480    -7.46826    -7.58173  0.00501339
         481    -7.48703    -7.58154  0.00500683
         482    -7.54342    -7.58146  0.00499707
         483    -7.51007    -7.58131  0.00498891
         484    -7.45616    -7.58105   0.0049853
         485    -7.44945    -7.58078   0.0049824
         486    -7.48141    -7.58057  0.00497634
         487    -7.44814     -7.5803  0.00497354
         488    -7.43618    -7.58001  0.00497211
         489    -7.46794    -7.57978  0.00496722
         490    -7.41157    -7.57943  0.00496894
         491    -7.41385     -7.5791  0.00497025
         492    -7.46542    -7.57887  0.00496551
         493    -7.43891    -7.57858  0.00496355
         494    -7.42524    -7.57827   0.0049632
         495    -7.39525     -7.5779  0.00496692
         496    -7.39766    -7.57754  0.00497019
         497    -7.46498    -7.57731  0.00496534
         498    -7.52661    -7.57721  0.00495642
         499    -7.51687    -7.57709  0.00494796
         500    -7.42163    -7.57678  0.00494782
         501    -7.42276    -7.57647  0.00494749
         502    -7.45982    -7.57624  0.00494308
         503    -7.45503      -7.576  0.00493913
         504    -7.39968    -7.57565   0.0049417
         505    -7.37081    -7.57524  0.00494853
         506    -7.37462    -7.57485  0.00495461
         507    -7.41151    -7.57452   0.0049553
         508    -7.41633    -7.57421  0.00495532
         509    -7.46924    -7.57401  0.00494988
         510    -7.40821    -7.57368  0.00495084
         511    -7.36099    -7.57326  0.00495861
         512    -7.30954    -7.57275  0.00497561
         513    -7.36199    -7.57234  0.00498284
         514    -7.37208    -7.57195  0.00498836
         515    -7.39064     -7.5716  0.00499108
         516    -7.47255     -7.5714   0.0049851
         517    -7.45077    -7.57117  0.00498091
         518    -7.47769    -7.57099  0.00497456
         519    -7.36515    -7.57059  0.00498076
         520    -7.37075    -7.57021  0.00498599
         521    -7.51767    -7.57011  0.00497744
         522    -7.46807    -7.56991  0.00497174
         523    -7.45965     -7.5697   0.0049667
         524     -7.3672    -7.56932  0.00497224
         525    -7.45043    -7.56909  0.00496792
         526    -7.47988    -7.56892  0.00496137
         527    -7.59596    -7.56897  0.00495222
         528    -7.58908    -7.56901  0.00494299
         529    -7.61155    -7.56909   0.0049343
         530    -7.62464     -7.5692   0.0049261
         531    -7.59893    -7.56925  0.00491714
         532    -7.50033    -7.56912  0.00490961
         533    -7.47318    -7.56894  0.00490369
         534    -7.52153    -7.56885  0.00489532
         535    -7.51366    -7.56875  0.00488725
         536    -7.42075    -7.56847  0.00488593
         537     -7.4724    -7.56829   0.0048801
         538    -7.57578    -7.56831  0.00487105
         539    -7.57267    -7.56832  0.00486202
         540    -7.63099    -7.56843   0.0048544
         541    -7.54824     -7.5684  0.00484557
         542    -7.53759    -7.56834  0.00483697
         543    -7.45771    -7.56813  0.00483235
         544    -7.44549    -7.56791  0.00482872
         545    -7.44407    -7.56768  0.00482521
         546    -7.47526    -7.56751  0.00481934
         547    -7.43159    -7.56726  0.00481693
         548     -7.4692    -7.56709  0.00481146
         549    -7.42837    -7.56683  0.00480933
         550     -7.3995    -7.56653   0.0048102
         551    -7.44663    -7.56631  0.00480638
         552    -7.46309    -7.56612  0.00480131
         553    -7.46909    -7.56595  0.00479584
         554     -7.4305     -7.5657  0.00479341
         555    -7.37241    -7.56536  0.00479741
         556    -7.35715    -7.56498  0.00480337
         557    -7.40149    -7.56469  0.00480371
         558    -7.47165    -7.56452  0.00479799
         559    -7.45736    -7.56433  0.00479324
         560    -7.48333    -7.56418  0.00478686
         561    -7.54087    -7.56414  0.00477851
         562     -7.5798    -7.56417  0.00477008
         563    -7.58476    -7.56421  0.00476175
         564    -7.56727    -7.56421  0.00475331
         565    -7.51111    -7.56412  0.00474583
         566    -7.52586    -7.56405  0.00473793
         567    -7.53111    -7.56399  0.00472993
         568     -7.5093     -7.5639  0.00472258
         569    -7.51382    -7.56381   0.0047151
         570    -7.50922    -7.56371   0.0047078
         571    -7.46343    -7.56354  0.00470283
         572    -7.52561    -7.56347  0.00469507
         573     -7.4734    -7.56331  0.00468951
         574    -7.54032    -7.56327  0.00468151
         575    -7.52868    -7.56321  0.00467376
         576    -7.51159    -7.56312   0.0046665
         577    -7.46485    -7.56295  0.00466152
         578     -7.4232    -7.56271  0.00465972
         579    -7.34787    -7.56234  0.00466643
         580    -7.38786    -7.56204  0.00466807
         581    -7.39267    -7.56175  0.00466913
         582    -7.49764    -7.56164   0.0046624
         583     -7.5051    -7.56154  0.00465541
         584    -7.48585    -7.56141  0.00464925
         585    -7.54755    -7.56139  0.00464136
         586    -7.59053    -7.56144   0.0046337
         587    -7.56435    -7.56144  0.00462581
         588    -7.50034    -7.56134  0.00461911
         589    -7.46369    -7.56117  0.00461425
         590    -7.40821    -7.56091   0.0046137
         591     -7.4248    -7.56068  0.00461164
         592    -7.29505    -7.56023  0.00462563
         593    -7.43558    -7.56002   0.0046226
         594     -7.4565    -7.55985  0.00461811
         595    -7.46035    -7.55968  0.00461337
         596    -7.40168    -7.55942  0.00461324
         597    -7.34879    -7.55907  0.00461899
         598    -7.32186    -7.55867  0.00462826
         599    -7.39067    -7.55839  0.00462903
         600    -7.37721    -7.55809  0.00463115
         601    -7.35567    -7.55775  0.00463568
         602     -7.3345    -7.55738  0.00464278
         603    -7.30387    -7.55696  0.00465408
         604    -7.33029    -7.55658  0.00466148
         605    -7.33187    -7.55621  0.00466855
         606    -7.37259    -7.55591  0.00467067
         607    -7.47487    -7.55577  0.00466488
         608    -7.41472    -7.55554  0.00466298
         609    -7.40536     -7.5553  0.00466183
         610    -7.39308    -7.55503  0.00466177
         611    -7.44551    -7.55485  0.00465759
         612    -7.49148    -7.55475  0.00465113
         613    -7.39081    -7.55448  0.00465122
         614    -7.43765    -7.55429  0.00464754
         615    -7.49773     -7.5542  0.00464089
         616    -7.56931    -7.55422  0.00463342
         617    -7.63057    -7.55435  0.00462756
         618    -7.61602    -7.55445  0.00462115
         619    -7.51322    -7.55438  0.00461417
         620    -7.55145    -7.55437  0.00460673
         621    -7.60289    -7.55445  0.00459997
         622    -7.58583     -7.5545  0.00459285
         623    -7.57438    -7.55454  0.00458559
         624    -7.47903    -7.55441  0.00457984
         625    -7.45203    -7.55425  0.00457544
         626    -7.56013    -7.55426  0.00456814
         627    -7.53792    -7.55423  0.00456093
         628    -7.46645    -7.55409  0.00455581
         629    -7.42338    -7.55389   0.0045533
         630    -7.37992    -7.55361  0.00455444
         631    -7.38434    -7.55334  0.00455511
         632    -7.47544    -7.55322  0.00454957
         633    -7.56587    -7.55324  0.00454243
         634    -7.55828    -7.55325  0.00453527
         635    -7.55624    -7.55325  0.00452813
         636    -7.57077    -7.55328   0.0045211
         637     -7.5052     -7.5532  0.00451463
         638    -7.45511    -7.55305  0.00451017
         639    -7.51654    -7.55299  0.00450347
         640     -7.5162    -7.55293   0.0044968
         641    -7.56121    -7.55295  0.00448981
         642    -7.58997    -7.55301  0.00448318
         643    -7.61758    -7.55311  0.00447734
         644    -7.63784    -7.55324  0.00447232
         645    -7.65297    -7.55339  0.00446806
         646    -7.63468    -7.55352  0.00446291
         647    -7.56103    -7.55353  0.00445603
         648    -7.47764    -7.55341  0.00445069
         649    -7.50328    -7.55333   0.0044445
         650    -7.45746    -7.55319  0.00444011
         651    -7.41991    -7.55298  0.00443801
         652     -7.4934    -7.55289  0.00443214
         653    -7.53951    -7.55287   0.0044254
         654    -7.54799    -7.55286  0.00441864
         655    -7.50616    -7.55279  0.00441247
         656    -7.52447    -7.55275  0.00440596
         657    -7.54353    -7.55273  0.00439927
         658    -7.63649    -7.55286  0.00439443
         659    -7.54658    -7.55285  0.00438777
         660    -7.53537    -7.55283   0.0043812
         661    -7.47356    -7.55271  0.00437621
         662    -7.44611    -7.55255  0.00437257
         663    -7.37144    -7.55227  0.00437449
         664     -7.3153    -7.55192  0.00438244
         665    -7.36964    -7.55164  0.00438441
         666     -7.4296    -7.55146  0.00438166
         667    -7.49896    -7.55138   0.0043758
         668     -7.4719    -7.55126  0.00437086
         669     -7.4266    -7.55107   0.0043683
         670    -7.45748    -7.55093  0.00436401
         671    -7.42639    -7.55075  0.00436145
         672    -7.36023    -7.55047  0.00436417
         673     -7.3933    -7.55023  0.00436393
         674     -7.4304    -7.55005  0.00436107
         675    -7.37879     -7.5498  0.00436199
         676       -7.34    -7.54949  0.00436656
         677    -7.40866    -7.54928  0.00436506
         678    -7.39499    -7.54905  0.00436455
         679    -7.45616    -7.54892  0.00436027
         680     -7.4357    -7.54875  0.00435703
         681    -7.48205    -7.54865  0.00435174
         682    -7.49878    -7.54858  0.00434597
         683    -7.47595    -7.54847  0.00434091
         684    -7.41073    -7.54827  0.00433923
         685      -7.453    -7.54813  0.00433512
         686    -7.53407    -7.54811  0.00432885
         687    -7.49999    -7.54804  0.00432312
         688    -7.48224    -7.54795  0.00431789
         689    -7.47582    -7.54784   0.0043129
         690    -7.47474    -7.54774  0.00430795
         691     -7.4357    -7.54757  0.00430476
         692    -7.50781    -7.54752  0.00429892
         693    -7.48336    -7.54742  0.00429372
         694    -7.45924     -7.5473  0.00428941
         695    -7.42546    -7.54712  0.00428682
         696    -7.43374    -7.54696  0.00428375
         697    -7.54308    -7.54695  0.00427761
         698    -7.57674      -7.547   0.0042717
         699    -7.58676    -7.54705  0.00426596
         700    -7.48768    -7.54697  0.00426071
         701    -7.42752     -7.5468  0.00425804
         702    -7.45175    -7.54666  0.00425413
         703    -7.47118    -7.54655  0.00424943
         704    -7.40404    -7.54635  0.00424821
         705    -7.51073     -7.5463  0.00424249
         706     -7.5277    -7.54628  0.00423656
         707    -7.48018    -7.54618   0.0042316
         708    -7.48324    -7.54609  0.00422656
         709    -7.53812    -7.54608  0.00422061
         710    -7.53381    -7.54606   0.0042147
         711    -7.48423    -7.54598  0.00420967
         712     -7.5119    -7.54593  0.00420403
         713    -7.47595    -7.54583  0.00419928
         714    -7.45067     -7.5457  0.00419551
         715    -7.39214    -7.54548  0.00419514
         716    -7.29425    -7.54513  0.00420393
         717    -7.35425    -7.54487  0.00420649
         718    -7.41265    -7.54468  0.00420466
         719    -7.43084    -7.54452  0.00420179
         720    -7.31747    -7.54421  0.00420777
         721    -7.30541    -7.54388  0.00421495
         722    -7.39524    -7.54367  0.00421414
         723    -7.47121    -7.54357   0.0042095
         724    -7.41789     -7.5434  0.00420726
         725      -7.373    -7.54316  0.00420802
         726    -7.36769    -7.54292  0.00420916
         727    -7.38663    -7.54271  0.00420885
         728    -7.41822    -7.54253  0.00420655
         729     -7.4678    -7.54243  0.00420202
         730    -7.46703    -7.54233  0.00419754
         731    -7.52546    -7.54231  0.00419186
         732    -7.56768    -7.54234  0.00418628
         733    -7.53864    -7.54234  0.00418057
         734    -7.51445     -7.5423  0.00417504
         735    -7.40659    -7.54211  0.00417345
         736    -7.43133    -7.54196  0.00417049
         737    -7.42495     -7.5418  0.00416785
         738     -7.4521    -7.54168  0.00416398
         739    -7.53562    -7.54167  0.00415835
         740    -7.53252    -7.54166  0.00415275
         741     -7.5696     -7.5417  0.00414731
         742    -7.57218    -7.54174  0.00414193
         743     -7.5392    -7.54174  0.00413636
         744    -7.53149    -7.54172  0.00413082
         745    -7.49527    -7.54166  0.00412574
         746    -7.54174    -7.54166  0.00412021
         747    -7.61673    -7.54176  0.00411592
         748      -7.626    -7.54187  0.00411196
         749    -7.71854    -7.54211  0.00411323
         750    -7.68624     -7.5423  0.00411223
         751    -7.68521    -7.54249  0.00411116
         752     -7.6449    -7.54263  0.00410795
         753    -7.64373    -7.54276  0.00410468
         754    -7.62954    -7.54288  0.00410085
         755    -7.65475    -7.54303   0.0040981
         756    -7.55282    -7.54304   0.0040927
         757    -7.49873    -7.54298  0.00408771
         758    -7.51412    -7.54294  0.00408249
         759    -7.51779    -7.54291  0.00407725
         760    -7.50288    -7.54286  0.00407223
         761    -7.47387    -7.54277  0.00406788
         762    -7.53852    -7.54276  0.00406255
         763    -7.56272    -7.54279  0.00405731
         764    -7.52276    -7.54276  0.00405208
         765    -7.48498    -7.54268  0.00404749
         766    -7.46917    -7.54259  0.00404334
         767    -7.57864    -7.54264  0.00403835
         768     -7.5826    -7.54269  0.00403342
         769    -7.59385    -7.54275  0.00402873
         770    -7.57662     -7.5428  0.00402373
         771    -7.56943    -7.54283  0.00401866
         772    -7.58127    -7.54288  0.00401377
         773    -7.55207    -7.54289  0.00400859
         774    -7.60697    -7.54298  0.00400427
         775    -7.53764    -7.54297  0.00399911
         776    -7.50566    -7.54292  0.00399424
         777    -7.57805    -7.54297  0.00398936
         778    -7.68255    -7.54315  0.00398826
         779    -7.62868    -7.54326  0.00398465
         780    -7.62786    -7.54337  0.00398102
         781    -7.60369    -7.54344  0.00397667
         782    -7.49735    -7.54338  0.00397202
         783     -7.4527    -7.54327  0.00396864
         784    -7.47664    -7.54318  0.00396449
         785    -7.48446    -7.54311  0.00396014
         786     -7.4928    -7.54304  0.00395562
         787    -7.48556    -7.54297  0.00395127
         788    -7.50159    -7.54292   0.0039466
         789    -7.58479    -7.54297  0.00394196
         790    -7.45777    -7.54286  0.00393844
         791    -7.45703    -7.54276  0.00393496
         792    -7.36394    -7.54253  0.00393646
         793    -7.33489    -7.54227   0.0039402
         794    -7.37055    -7.54205  0.00394116
         795    -7.29299    -7.54174  0.00394864
         796    -7.31698    -7.54146  0.00395376
         797    -7.28578    -7.54113  0.00396179
         798    -7.45107    -7.54102  0.00395844
         799    -7.44207     -7.5409  0.00395542
         800    -7.44003    -7.54077  0.00395248
         801    -7.44666    -7.54065   0.0039493
         802     -7.4788    -7.54058  0.00394512
         803    -7.50082    -7.54053  0.00394052
         804    -7.53485    -7.54052  0.00393563
         805    -7.55544    -7.54054  0.00393078
         806    -7.59549    -7.54061   0.0039265
         807    -7.56305    -7.54064  0.00392173
         808    -7.56019    -7.54066  0.00391695
         809    -7.61337    -7.54075  0.00391314
         810    -7.58606    -7.54081  0.00390871
         811     -7.5912    -7.54087  0.00390438
         812    -7.59618    -7.54094  0.00390017
         813    -7.65215    -7.54107  0.00389777
         814    -7.60886    -7.54116  0.00389387
         815    -7.66855    -7.54131  0.00389223
         816    -7.66593    -7.54146  0.00389045
         817    -7.64931     -7.5416  0.00388793
         818    -7.65775    -7.54174  0.00388577
         819     -7.6522    -7.54187  0.00388336
         820    -7.56881    -7.54191  0.00387877
         821    -7.62698    -7.54201  0.00387543
         822    -7.59719    -7.54208  0.00387129
         823    -7.64855    -7.54221  0.00386875
         824    -7.61756     -7.5423  0.00386514
         825    -7.64336    -7.54242  0.00386239
         826    -7.66913    -7.54257  0.00386076
         827    -7.66575    -7.54272  0.00385896
         828    -7.68158    -7.54289  0.00385795
         829    -7.77074    -7.54317  0.00386307
         830    -7.73935     -7.5434  0.00386564
         831    -7.76059    -7.54366  0.00386981
         832    -7.74097     -7.5439  0.00387242
         833    -7.77972    -7.54418  0.00387811
         834    -7.72113     -7.5444  0.00387926
         835    -7.70324    -7.54459  0.00387927
         836    -7.72232     -7.5448  0.00388045
         837    -7.61519    -7.54488  0.00387673
         838    -7.63371    -7.54499  0.00387355
         839    -7.47333     -7.5449  0.00386988
         840    -7.50035    -7.54485  0.00386563
         841    -7.52425    -7.54483  0.00386111
         842    -7.51088    -7.54479  0.00385674
         843    -7.51559    -7.54475  0.00385232
         844    -7.53057    -7.54473  0.00384779
         845    -7.56015    -7.54475  0.00384328
         846    -7.47274    -7.54467  0.00383968
         847    -7.45887    -7.54457  0.00383648
         848    -7.51706    -7.54453   0.0038321
         849    -7.53008    -7.54452  0.00382762
         850    -7.50441    -7.54447  0.00382341
         851    -7.47751    -7.54439  0.00381973
         852    -7.52837    -7.54437  0.00381529
         853    -7.57255     -7.5444  0.00381096
         854    -7.46101    -7.54431  0.00380775
         855    -7.47943    -7.54423  0.00380405
         856    -7.45137    -7.54412  0.00380115
         857    -7.46735    -7.54403  0.00379777
         858    -7.44621    -7.54392  0.00379506
         859    -7.40756    -7.54376  0.00379396
         860    -7.45459    -7.54366  0.00379096
         861    -7.47426    -7.54358  0.00378742
         862    -7.51303    -7.54354  0.00378319
         863    -7.47331    -7.54346  0.00377968
         864    -7.43249    -7.54333  0.00377749
         865    -7.52102     -7.5433  0.00377321
         866    -7.59658    -7.54337  0.00376935
         867    -7.52494    -7.54334  0.00376506
         868    -7.54499    -7.54335  0.00376073
         869    -7.50514     -7.5433  0.00375666
         870    -7.55134    -7.54331  0.00375235
         871    -7.52871     -7.5433  0.00374808
         872    -7.52672    -7.54328  0.00374383
         873    -7.50151    -7.54323  0.00373985
         874    -7.50246    -7.54318  0.00373586
         875    -7.40784    -7.54303  0.00373479
         876     -7.3949    -7.54286  0.00373435
         877    -7.39363    -7.54269  0.00373397
         878    -7.48655    -7.54262  0.00373026
         879    -7.48369    -7.54256  0.00372662
         880    -7.38366    -7.54238  0.00372676
         881    -7.46504    -7.54229  0.00372356
         882    -7.44017    -7.54217  0.00372114
         883    -7.50271    -7.54213  0.00371719
         884    -7.49838    -7.54208  0.00371332
         885    -7.42457    -7.54195   0.0037115
         886    -7.41288     -7.5418  0.00371017
         887    -7.40176    -7.54164  0.00370934
         888    -7.48313    -7.54158  0.00370575
         889     -7.5174    -7.54155  0.00370168
         890    -7.51477    -7.54152  0.00369764
         891    -7.44138    -7.54141   0.0036952
         892    -7.53371     -7.5414  0.00369107
         893    -7.47249    -7.54132  0.00368774
         894    -7.50695    -7.54128  0.00368382
         895    -7.55162    -7.54129  0.00367972
         896    -7.48314    -7.54123  0.00367618
         897    -7.47635    -7.54116   0.0036728
         898    -7.52881    -7.54114  0.00366873
         899    -7.62131    -7.54123  0.00366574
         900     -7.5839    -7.54128  0.00366197
         901    -7.58032    -7.54132  0.00365816
         902    -7.54955    -7.54133  0.00365412
         903     -7.5234    -7.54131  0.00365012
         904    -7.46931    -7.54123  0.00364696
         905    -7.53493    -7.54123  0.00364293
         906    -7.60829     -7.5413  0.00363966
         907    -7.55502    -7.54131  0.00363568
         908    -7.49306    -7.54126  0.00363207
         909    -7.50154    -7.54122  0.00362833
         910    -7.58665    -7.54127  0.00362469
         911    -7.51308    -7.54124  0.00362084
         912    -7.46218    -7.54115  0.00361791
         913    -7.44265    -7.54104  0.00361556
         914     -7.4856    -7.54098  0.00361211
         915      -7.573    -7.54102  0.00360833
         916     -7.6977    -7.54119  0.00360844
         917    -7.63651    -7.54129    0.003606
         918     -7.5922    -7.54135   0.0036025
         919    -7.54002    -7.54135  0.00359858
         920    -7.58453    -7.54139  0.00359498
         921    -7.61651    -7.54147    0.003592
         922    -7.59742    -7.54153  0.00358862
         923     -7.6722    -7.54168  0.00358752
         924    -7.68243    -7.54183  0.00358687
         925    -7.64636    -7.54194  0.00358477
         926    -7.62805    -7.54203  0.00358211
         927    -7.56295    -7.54206  0.00357831
         928    -7.61941    -7.54214  0.00357543
         929    -7.59656     -7.5422  0.00357206
         930    -7.57769    -7.54224  0.00356842
         931    -7.66887    -7.54237  0.00356718
         932    -7.74025    -7.54259  0.00356967
         933    -7.76387    -7.54282  0.00357371
         934    -7.71479    -7.54301  0.00357462
         935    -7.63214     -7.5431  0.00357207
         936    -7.64178    -7.54321  0.00356981
         937    -7.56723    -7.54323  0.00356609
         938    -7.49895    -7.54319   0.0035626
         939    -7.38181    -7.54301  0.00356295
         940    -7.45231    -7.54292  0.00356047
         941    -7.51074    -7.54288  0.00355685
         942    -7.49729    -7.54284   0.0035534
         943    -7.47966    -7.54277  0.00355027
         944    -7.52854    -7.54275  0.00354654
         945    -7.54217    -7.54275  0.00354278
         946    -7.54987    -7.54276  0.00353905
         947    -7.51557    -7.54273  0.00353543
         948    -7.47663    -7.54266  0.00353238
         949    -7.39682    -7.54251    0.003532
         950    -7.36234    -7.54232  0.00353337
         951    -7.30362    -7.54207  0.00353856
         952    -7.37825     -7.5419  0.00353903
         953    -7.38212    -7.54173  0.00353928
         954    -7.45403    -7.54164  0.00353677
         955    -7.46064    -7.54155  0.00353408
         956    -7.56014    -7.54157  0.00353044
         957    -7.47568     -7.5415  0.00352742
         958    -7.50185    -7.54146  0.00352398
         959    -7.53049    -7.54145  0.00352032
         960    -7.56854    -7.54148  0.00351677
         961    -7.53229    -7.54147  0.00351312
         962    -7.56047    -7.54149  0.00350953
         963    -7.45529     -7.5414  0.00350702
         964    -7.38529    -7.54124  0.00350712
         965    -7.42236    -7.54111  0.00350565
         966    -7.37999    -7.54095  0.00350599
         967    -7.42758    -7.54083  0.00350432
         968    -7.53998    -7.54083   0.0035007
         969    -7.48902    -7.54077   0.0034975
         970    -7.49339    -7.54073  0.00349423
         971    -7.40006    -7.54058  0.00349363
         972    -7.43045    -7.54047  0.00349188
         973    -7.49263    -7.54042  0.00348863
         974    -7.49182    -7.54037  0.00348541
         975    -7.47519     -7.5403  0.00348248
         976    -7.46207    -7.54022  0.00347983
         977     -7.4823    -7.54016  0.00347677
         978    -7.51348    -7.54013  0.00347332
         979     -7.5632    -7.54016  0.00346986
         980     -7.5406    -7.54016  0.00346632
         981    -7.66393    -7.54028  0.00346508
         982    -7.61008    -7.54036  0.00346228
         983    -7.59873    -7.54042  0.00345927
         984    -7.60357    -7.54048  0.00345635
         985    -7.59907    -7.54054  0.00345335
         986    -7.61202    -7.54061  0.00345061
         987    -7.59644    -7.54067  0.00344757
         988    -7.55221    -7.54068   0.0034441
         989    -7.59628    -7.54074  0.00344108
         990    -7.61281    -7.54081  0.00343838
         991    -7.59638    -7.54086  0.00343536
         992    -7.58276    -7.54091  0.00343216
         993    -7.57972    -7.54095  0.00342893
         994    -7.57779    -7.54098  0.00342568
         995    -7.61638    -7.54106  0.00342307
         996    -7.63011    -7.54115   0.0034208
         997    -7.64175    -7.54125  0.00341886
         998    -7.64399    -7.54135  0.00341698
         999    -7.59569    -7.54141    0.003414
        1000    -7.50901    -7.54137  0.00341073
