                 0                 0                 0
        0.00461329                 0                 0
        0.00922657                 0                 0
         0.0138399                 0                 0
         0.0184531                 0                 0
         0.0230664                 0                 0
         0.0276797                 0                 0
          0.032293                 0                 0
         0.0369063                 0                 0
         0.0415196                 0                 0
         0.0461329                 0                 0
         0.0507461                 0                 0
         0.0553594                 0                 0
         0.0599727                 0                 0
          0.064586                 0                 0
         0.0691993                 0                 0
         0.0738126                 0                 0
         0.0784259                 0                 0
         0.0830391                 0                 0
         0.0876524                 0                 0
         0.0922657                 0                 0
          0.096879                 0                 0
          0.101492                 0                 0
          0.106106                 0                 0
          0.110719                 0                 0
          0.115332                 0                 0
          0.119945                 0                 0
          0.124559                 0                 0
          0.129172                 0                 0
          0.133785                 0                 0
          0.138399                 0                 0
          0.143012                 0                 0
          0.147625                 0                 0
          0.152238                 0                 0
          0.156852                 0                 0
          0.161465                 0                 0
          0.166078                 0                 0
          0.170692                 0                 0
          0.175305                 0                 0
          0.179918                 0                 0
          0.184531                 0                 0
          0.189145                 0                 0
          0.193758                 0                 0
          0.198371                 0                 0
          0.202985                 0                 0
          0.207598                 0                 0
          0.212211                 0                 0
          0.216824                 0                 0
          0.221438                 0                 0
          0.226051                 0                 0
          0.230664                 0                 0
          0.235278                 0                 0
          0.239891                 0                 0
          0.244504                 0                 0
          0.249117                 0                 0
          0.253731                 0                 0
          0.258344                 0                 0
          0.262957                 0                 0
          0.267571                 0                 0
          0.272184                 0                 0
          0.276797                 0                 0
           0.28141                 0                 0
          0.286024                 0                 0
          0.290637                 0                 0
           0.29525                 0                 0
          0.299864                 0                 0
          0.304477                 0                 0
           0.30909                 0                 0
          0.313703                 0                 0
          0.318317                 0                 0
           0.32293                 0                 0
          0.327543                 0                 0
          0.332157                 0                 0
           0.33677                 0                 0
          0.341383                 0                 0
          0.345996                 0                 0
           0.35061                 0                 0
          0.355223                 0                 0
          0.359836                 0                 0
           0.36445                 0                 0
          0.369063                 0                 0
          0.373676                 0                 0
          0.378289                 0                 0
          0.382903                 0                 0
          0.387516                 0                 0
          0.392129                 0                 0
          0.396743                 0                 0
          0.401356                 0                 0
          0.405969                 0                 0
          0.410582                 0                 0
          0.415196                 0                 0
          0.419809                 0                 0
          0.424422                 0                 0
          0.429036                 0                 0
          0.433649                 0                 0
          0.438262                 0                 0
          0.442875                 0                 0
          0.447489                 0                 0
          0.452102                 0                 0
          0.456715                 0                 0
          0.461329                 0                 0
          0.465942                 0                 0
          0.470555                 0                 0
          0.475168                 0                 0
          0.479782                 0                 0
          0.484395                 0                 0
          0.489008                 0                 0
          0.493622                 0                 0
          0.498235                 0                 0
          0.502848                 0                 0
          0.507461                 0                 0
          0.512075                 0                 0
          0.516688                 0                 0
          0.521301                 0                 0
          0.525915                 0                 0
          0.530528                 0                 0
          0.535141                 0                 0
          0.539754                 0                 0
          0.544368                 0                 0
          0.548981                 0                 0
          0.553594                 0                 0
          0.558208                 0                 0
          0.562821                 0                 0
          0.567434                 0                 0
          0.572047                 0                 0
          0.576661                 0                 0
          0.581274                 0                 0
          0.585887                 0                 0
          0.590501                 0                 0
          0.595114                 0                 0
          0.599727                 0                 0
           0.60434                 0                 0
          0.608954                 0                 0
          0.613567                 0                 0
           0.61818                 0                 0
          0.622794                 0                 0
          0.627407                 0                 0
           0.63202                 0                 0
          0.636633                 0                 0
          0.641247                 0                 0
           0.64586                 0                 0
          0.650473                 0                 0
          0.655087                 0                 0
            0.6597                 0                 0
          0.664313                 0                 0
          0.668926                 0                 0
           0.67354                 0                 0
          0.678153                 0                 0
          0.682766                 0                 0
           0.68738                 0                 0
          0.691993                 0                 0
          0.696606                 0                 0
          0.701219                 0                 0
          0.705833                 0                 0
          0.710446                 0                 0
          0.715059                 0                 0
          0.719673                 0                 0
          0.724286                 0                 0
          0.728899                 0                 0
          0.733512                 0                 0
          0.738126                 0                 0
          0.742739                 0                 0
          0.747352                 0                 0
          0.751966                 0                 0
          0.756579                 0                 0
          0.761192                 0                 0
          0.765805                 0                 0
          0.770419                 0                 0
          0.775032                 0                 0
          0.779645                 0                 0
          0.784259                 0                 0
          0.788872                 0                 0
          0.793485                 0                 0
          0.798098                 0                 0
          0.802712                 0                 0
          0.807325                 0                 0
          0.811938                 0                 0
          0.816552                 0                 0
          0.821165                 0                 0
          0.825778                 0                 0
          0.830391                 0                 0
          0.835005                 0                 0
          0.839618                 0                 0
          0.844231                 0                 0
          0.848845                 0                 0
          0.853458                 0                 0
          0.858071                 0                 0
          0.862684                 0                 0
          0.867298                 0                 0
          0.871911                 0                 0
          0.876524                 0                 0
          0.881138                 0                 0
          0.885751       6.44389e-05       2.69174e-05
          0.890364       0.000145771       7.35654e-05
          0.894977       0.000261499       5.77031e-05
          0.899591       0.000597989       0.000113792
          0.904204        0.00118384       0.000138057
          0.908817        0.00230003       0.000137875
          0.913431        0.00449322       0.000312743
          0.918044        0.00766238       0.000331528
          0.922657         0.0151892       0.000620146
           0.92727          0.024247       0.000632758
          0.931884         0.0401799       0.000731725
          0.936497         0.0637152        0.00102035
           0.94111         0.0947016        0.00101968
          0.945724          0.137159        0.00213728
          0.950337          0.197136        0.00204636
           0.95495          0.273319        0.00267669
          0.959563          0.367181        0.00295358
          0.964177          0.485203        0.00332382
           0.96879          0.631125        0.00374619
          0.973403           0.78649        0.00376749
          0.978017          0.987596        0.00517997
           0.98263           1.19436        0.00185178
          0.987243           1.42895        0.00541473
          0.991856           1.68182        0.00487189
           0.99647           1.95601        0.00437987
           1.00108           2.23404        0.00689283
            1.0057           2.51607        0.00642486
           1.01031           2.81596        0.00840094
           1.01492           3.08301         0.0077906
           1.01954           3.37048        0.00826892
           1.02415           3.62905        0.00712147
           1.02876           3.87682        0.00872682
           1.03338           4.11606        0.00642555
           1.03799           4.32951        0.00686814
            1.0426           4.49871        0.00926154
           1.04722            4.6331        0.00971719
           1.05183           4.76422        0.00866409
           1.05644            4.8339        0.00611176
           1.06106           4.90018        0.00763177
           1.06567           4.92628        0.00566947
           1.07028           4.93254        0.00756507
            1.0749           4.88498        0.00968828
           1.07951           4.81129         0.0103205
           1.08412           4.75045        0.00797042
           1.08874           4.63749        0.00774459
           1.09335             4.514        0.00640527
           1.09796           4.36859        0.00778239
           1.10258           4.20047        0.00949149
           1.10719           4.04506        0.00773343
            1.1118           3.85107        0.00849914
           1.11642           3.66389        0.00904206
           1.12103           3.48622        0.00850681
           1.12564           3.27816        0.00628183
           1.13026           3.08037        0.00623157
           1.13487           2.88268        0.00434997
           1.13948           2.69157        0.00368035
           1.14409           2.50757        0.00478588
           1.14871            2.3207        0.00457958
           1.15332            2.1403        0.00573989
           1.15793           1.97097        0.00565409
           1.16255           1.81179        0.00508569
           1.16716           1.66084        0.00408966
           1.17177           1.51166        0.00614971
           1.17639           1.37556        0.00455875
             1.181            1.2458        0.00402871
           1.18561           1.12547        0.00390953
           1.19023           1.01352        0.00310663
           1.19484          0.911001        0.00376687
           1.19945          0.812717        0.00447643
           1.20407          0.725645        0.00251354
           1.20868          0.652963        0.00301824
           1.21329          0.578148        0.00227351
           1.21791          0.507354        0.00182588
           1.22252          0.448826        0.00221145
           1.22713          0.398951        0.00212379
           1.23175          0.348397        0.00242537
           1.23636          0.306515        0.00196184
           1.24097          0.264627        0.00209898
           1.24559           0.23646        0.00127909
            1.2502          0.204159        0.00177289
           1.25481          0.177641        0.00165264
           1.25943          0.153232        0.00156606
           1.26404          0.133701        0.00148934
           1.26865          0.115245        0.00120078
           1.27327          0.100656        0.00128301
           1.27788         0.0873162        0.00133491
           1.28249         0.0754532         0.0011875
           1.28711         0.0662072        0.00112037
           1.29172         0.0596748       0.000840399
           1.29633         0.0529536        0.00103918
           1.30095         0.0480656       0.000816911
           1.30556         0.0452273       0.000578241
           1.31017         0.0419513       0.000908658
           1.31479         0.0397705       0.000699623
            1.3194         0.0412014       0.000978762
           1.32401         0.0417365       0.000825038
           1.32863          0.043165       0.000868997
           1.33324          0.045985       0.000624981
           1.33785         0.0499659        0.00083451
           1.34247         0.0543086        0.00108365
           1.34708         0.0599944       0.000809952
           1.35169          0.068916       0.000994132
           1.35631         0.0752414       0.000684878
           1.36092          0.083347        0.00120844
           1.36553         0.0948146        0.00113522
           1.37015           0.10576        0.00112936
           1.37476          0.118315         0.0010924
           1.37937          0.130737        0.00125919
           1.38399           0.14799        0.00149686
            1.3886          0.164749        0.00114433
           1.39321          0.181794         0.0016924
           1.39783           0.20314        0.00189518
           1.40244          0.222988        0.00162772
           1.40705          0.248132        0.00115954
           1.41167          0.273121        0.00155788
           1.41628          0.300855        0.00186257
           1.42089          0.327603        0.00170022
           1.42551          0.357836        0.00218195
           1.43012          0.387195        0.00150466
           1.43473          0.418659        0.00196288
           1.43935          0.454985        0.00211856
           1.44396          0.488864        0.00215232
           1.44857           0.52109         0.0016178
           1.45319          0.558494        0.00163866
            1.4578          0.594929        0.00237388
           1.46241          0.632106        0.00188753
           1.46702          0.664135        0.00281353
           1.47164          0.698908        0.00193654
           1.47625          0.730904         0.0018095
           1.48086          0.767136        0.00301102
           1.48548          0.799353        0.00239531
           1.49009           0.82855        0.00219082
            1.4947          0.855047        0.00271883
           1.49932          0.879016          0.002594
           1.50393          0.902344        0.00347522
           1.50854          0.924372        0.00232161
           1.51316          0.934564        0.00337297
           1.51777          0.948641         0.0031814
           1.52238          0.962984        0.00222657
             1.527          0.971763        0.00236089
           1.53161          0.968148        0.00260471
           1.53622          0.971365        0.00287025
           1.54084          0.969182        0.00331896
           1.54545          0.956385        0.00320925
           1.55006           0.94728        0.00300656
           1.55468          0.929981        0.00206518
           1.55929          0.908912        0.00251212
            1.5639          0.892639        0.00201077
           1.56852          0.866669        0.00306333
           1.57313          0.838882        0.00205415
           1.57774          0.808081         0.0022241
           1.58236          0.774093        0.00263701
           1.58697          0.744225        0.00193745
           1.59158          0.710009        0.00206319
            1.5962          0.676777        0.00182639
           1.60081          0.644147        0.00273674
           1.60542          0.602653        0.00211273
           1.61004          0.572802        0.00166306
           1.61465          0.534152        0.00151497
           1.61926          0.499286        0.00186665
           1.62388          0.464526        0.00144989
           1.62849          0.432575        0.00155668
            1.6331          0.400825         0.0017816
           1.63772          0.371813        0.00167645
           1.64233          0.342723        0.00144013
           1.64694          0.313736        0.00139992
           1.65156          0.293998        0.00145256
           1.65617          0.270236        0.00146522
           1.66078          0.250254        0.00150082
            1.6654          0.234053        0.00158562
           1.67001          0.218267        0.00159766
           1.67462          0.206476        0.00156088
           1.67924          0.199018        0.00126968
           1.68385          0.193382        0.00146089
           1.68846          0.188171        0.00156114
           1.69308          0.191384        0.00164223
           1.69769          0.193977        0.00145704
            1.7023          0.202333        0.00183609
           1.70692          0.215198        0.00150981
           1.71153          0.229915        0.00169774
           1.71614          0.250228        0.00193192
           1.72076          0.277974        0.00189798
           1.72537          0.307695        0.00210022
           1.72998          0.342338        0.00183476
            1.7346            0.3836        0.00217292
           1.73921          0.429596        0.00216212
           1.74382          0.480771        0.00258076
           1.74844          0.537121        0.00231866
           1.75305          0.600168        0.00244594
           1.75766          0.670987         0.0019306
           1.76228          0.743591        0.00280867
           1.76689          0.827539        0.00254201
            1.7715          0.909067        0.00238816
           1.77612           1.00176        0.00187208
           1.78073           1.09674         0.0023266
           1.78534           1.19129        0.00197869
           1.78995           1.29474        0.00243878
           1.79457           1.40417        0.00282572
           1.79918           1.51125        0.00288204
           1.80379           1.61629        0.00180074
           1.80841           1.72791        0.00378803
           1.81302           1.83313        0.00237649
           1.81763           1.94005        0.00344525
           1.82225           2.04617        0.00325764
           1.82686           2.14198        0.00288219
           1.83147           2.23933         0.0031076
           1.83609           2.33041        0.00304134
            1.8407           2.41197        0.00377186
           1.84531           2.48688        0.00410525
           1.84993           2.54229        0.00457723
           1.85454           2.59948        0.00299297
           1.85915           2.65469         0.0038349
           1.86377           2.68552        0.00431834
           1.86838           2.71293        0.00418476
           1.87299           2.71946        0.00405482
           1.87761           2.72186        0.00429743
           1.88222           2.71145        0.00453117
           1.88683           2.68976        0.00464003
           1.89145           2.65632        0.00562118
           1.89606           2.61651        0.00329482
           1.90067           2.56365        0.00426901
           1.90529           2.49994        0.00534119
            1.9099           2.43323         0.0035712
           1.91451           2.35592        0.00452049
           1.91913           2.27573        0.00287294
           1.92374           2.18102        0.00366929
           1.92835           2.09292        0.00397563
           1.93297             2.002        0.00251579
           1.93758            1.8949        0.00357359
           1.94219           1.79206        0.00307581
           1.94681            1.6882        0.00255228
           1.95142           1.58482        0.00215727
           1.95603             1.486        0.00309172
           1.96065           1.38662        0.00251531
           1.96526           1.29168        0.00181002
           1.96987           1.19754        0.00227044
           1.97449           1.10444        0.00180168
            1.9791           1.02436        0.00170392
           1.98371          0.941879        0.00229482
           1.98833          0.868237        0.00211246
           1.99294          0.801269        0.00205849
           1.99755          0.734653        0.00255874
           2.00217          0.674765        0.00217658
           2.00678          0.623901        0.00246215
           2.01139          0.578006        0.00232255
           2.01601          0.538263        0.00190881
           2.02062          0.504744        0.00216091
           2.02523          0.478401        0.00240238
           2.02985          0.456486        0.00295986
           2.03446          0.440241        0.00208175
           2.03907          0.431914        0.00197895
           2.04369          0.427787        0.00221226
            2.0483          0.428418        0.00155342
           2.05291          0.434723          0.001442
           2.05753          0.443042        0.00185178
           2.06214           0.45738        0.00194228
           2.06675           0.47574        0.00179817
           2.07137          0.500325        0.00155146
           2.07598          0.527023        0.00167855
           2.08059          0.555942        0.00194897
           2.08521          0.587294        0.00182322
           2.08982          0.618109        0.00162304
           2.09443          0.652234        0.00142971
           2.09905          0.685922        0.00156327
           2.10366          0.720141         0.0015079
           2.10827          0.756269        0.00156156
           2.11288          0.792478        0.00148218
            2.1175          0.828271        0.00194622
           2.12211          0.857947        0.00161469
           2.12672           0.89012        0.00164649
           2.13134          0.922139        0.00172973
           2.13595          0.944864        0.00230819
           2.14056          0.968731         0.0014933
           2.14518          0.984059        0.00189996
           2.14979           1.00752        0.00174303
            2.1544           1.01389        0.00194992
           2.15902           1.02782        0.00219642
           2.16363           1.03224        0.00234864
           2.16824           1.03301        0.00209766
           2.17286           1.03149        0.00200779
           2.17747           1.02414        0.00170158
           2.18208            1.0131        0.00212966
            2.1867           1.00226        0.00171693
           2.19131          0.986456        0.00186012
           2.19592          0.963717        0.00152572
           2.20054          0.903461        0.00170137
           2.20515          0.885201        0.00148011
           2.20976          0.861703        0.00169194
           2.21438          0.837717         0.0018327
           2.21899          0.804328        0.00169631
            2.2236          0.781521        0.00189259
           2.22822          0.756589        0.00121837
           2.23283          0.727759        0.00157974
           2.23744          0.702522        0.00180539
           2.24206          0.678126        0.00149242
           2.24667           0.65315        0.00180182
           2.25128          0.633437        0.00152538
            2.2559          0.611352        0.00187749
           2.26051          0.593053        0.00170949
           2.26512          0.582584         0.0016006
           2.26974          0.570428        0.00175697
           2.27435          0.560786        0.00136382
           2.27896          0.558663        0.00204639
           2.28358            0.5588         0.0018447
           2.28819          0.563886        0.00175715
            2.2928          0.573551        0.00227351
           2.29742          0.584624        0.00227087
           2.30203          0.597642        0.00201406
