           1   -0.283075   -0.283075           0
           2   -0.316668   -0.299871   0.0118769
           3   -0.361449   -0.320397   0.0185355
           4   -0.346272   -0.326866    0.014988
           5   -0.402786    -0.34205   0.0181166
           6   -0.413561   -0.353969   0.0186092
           7   -0.419507   -0.363331   0.0181539
           8   -0.405082    -0.36855   0.0166179
           9   -0.441533   -0.376659   0.0166327
          10   -0.468023   -0.385796   0.0172977
          11   -0.460744   -0.392609   0.0170143
          12   -0.396056   -0.392896   0.0155988
          13   -0.414266    -0.39454   0.0144853
          14    -0.48587   -0.401064   0.0148471
          15   -0.422705   -0.402506   0.0139272
          16   -0.471549   -0.406822    0.013709
          17   -0.408195   -0.406902   0.0129028
          18   -0.308798   -0.401452   0.0132873
          19   -0.393574   -0.401038   0.0125945
          20   -0.441244   -0.403048   0.0121241
          21   -0.396617   -0.402742   0.0115506
          22    -0.46666   -0.405647   0.0113852
          23   -0.407323    -0.40572   0.0108904
          24   -0.481719   -0.408886   0.0108873
          25   -0.419477    -0.40931     0.01046
          26   -0.368043   -0.407723   0.0101774
          27   -0.359195   -0.405926  0.00995792
          28   -0.403242    -0.40583  0.00960274
          29   -0.413053   -0.406079  0.00927484
          30   -0.430869   -0.406905  0.00900242
          31   -0.406035   -0.406877  0.00871206
          32   -0.469446   -0.408832  0.00865645
          33    -0.42451   -0.409307  0.00840716
          34   -0.454566   -0.410639   0.0082646
          35    -0.41544   -0.410776   0.0080296
          36   -0.403518   -0.410574  0.00780909
          37    -0.36465   -0.409333  0.00769604
          38   -0.429715   -0.409869  0.00751218
          39   -0.447322    -0.41083  0.00738069
          40   -0.396294   -0.410466  0.00720511
          41   -0.370998   -0.409504  0.00709339
          42    -0.39742   -0.409216  0.00693034
          43   -0.408719   -0.409204  0.00676918
          44   -0.414659   -0.409328  0.00661647
          45   -0.407263   -0.409282  0.00646959
          46   -0.415429   -0.409416  0.00633033
          47    -0.47753   -0.410865  0.00635937
          48   -0.457979   -0.411847  0.00630217
          49   -0.449803   -0.412621  0.00622098
          50   -0.422789   -0.412825  0.00609988
          51   -0.451377   -0.413581  0.00602693
          52   -0.402313   -0.413364  0.00591493
          53   -0.425817   -0.413599  0.00580799
          54   -0.418876   -0.413697  0.00570126
          55   -0.418974   -0.413793   0.0055984
          56   -0.387206   -0.413318  0.00551853
          57   -0.343684   -0.412096  0.00555529
          58   -0.373774   -0.411436  0.00549866
          59   -0.362878   -0.410613   0.0054667
          60   -0.380202   -0.410106  0.00539904
          61   -0.395831   -0.409872   0.0053156
          62   -0.398895   -0.409695  0.00523281
          63   -0.401973   -0.409572  0.00515118
          64   -0.389915   -0.409265  0.00507984
          65   -0.425278   -0.409511  0.00500766
          66   -0.411415    -0.40954  0.00493187
          67   -0.428703   -0.409826  0.00486655
          68   -0.362125   -0.409125  0.00484527
          69    -0.39675   -0.408945  0.00477837
          70   -0.347168   -0.408063  0.00479091
          71   -0.353399   -0.407293   0.0047849
          72    -0.41806   -0.407442  0.00472078
          73   -0.400801   -0.407351  0.00465699
          74   -0.383207   -0.407025  0.00460547
          75   -0.342929   -0.406171  0.00462268
          76   -0.401477   -0.406109  0.00456227
          77   -0.358102   -0.405485  0.00454542
          78   -0.429861   -0.405798  0.00449787
          79   -0.485617   -0.406808    0.004553
          80   -0.488291   -0.407827  0.00460861
          81   -0.481798    -0.40874  0.00464131
          82   -0.432624   -0.409031  0.00459384
          83   -0.352145   -0.408346  0.00458934
          84   -0.371161   -0.407903    0.004556
          85   -0.453151   -0.408436  0.00453339
          86   -0.495473   -0.409448  0.00459226
          87   -0.495004   -0.410431  0.00464358
          88    -0.46132   -0.411009  0.00462668
          89   -0.444872    -0.41139  0.00459031
          90   -0.478945    -0.41214  0.00460027
          91   -0.507474   -0.413188  0.00466748
          92   -0.483199   -0.413949  0.00467837
          93   -0.470321   -0.414555  0.00466717
          94   -0.419726    -0.41461  0.00461784
          95   -0.413658     -0.4146  0.00456924
          96   -0.420498   -0.414662  0.00452206
          97   -0.421903   -0.414736  0.00447606
          98   -0.425022   -0.414841  0.00443161
          99   -0.436879   -0.415064  0.00439244
         100   -0.415153   -0.415065  0.00434851
         101   -0.382084   -0.414738   0.0043177
         102    -0.40739   -0.414666  0.00427597
         103   -0.375169   -0.414283  0.00425162
         104   -0.399257   -0.414138  0.00421319
         105   -0.383427   -0.413846  0.00418321
         106   -0.375323   -0.413482   0.0041595
         107   -0.362965    -0.41301  0.00414733
         108   -0.362993   -0.412547  0.00413471
         109    -0.44298   -0.412826  0.00410619
         110   -0.414295    -0.41284  0.00406888
         111   -0.413209   -0.412843  0.00403223
         112   -0.371512   -0.412474  0.00401308
         113   -0.436884    -0.41269  0.00398337
         114   -0.373009   -0.412342  0.00396361
         115   -0.362353   -0.411907  0.00395291
         116   -0.339159    -0.41128  0.00396827
         117   -0.432283    -0.41146  0.00393841
         118   -0.466912   -0.411929  0.00393297
         119   -0.493673   -0.412616  0.00395945
         120   -0.438533   -0.412832  0.00393234
         121   -0.420834   -0.412898   0.0039004
         122    -0.39051   -0.412715  0.00387274
         123   -0.442649   -0.412958   0.0038489
         124   -0.454795   -0.413296  0.00383262
         125   -0.458167   -0.413655  0.00381873
         126    -0.39966   -0.413544  0.00379004
         127    -0.37526   -0.413242  0.00377216
         128   -0.393256   -0.413086  0.00374592
         129    -0.31275   -0.412308  0.00379678
         130   -0.383404   -0.412086  0.00377408
         131   -0.353864   -0.411641  0.00377135
         132   -0.350245   -0.411176  0.00377135
         133   -0.354094   -0.410747  0.00376733
         134   -0.429337   -0.410886  0.00374177
         135   -0.360835   -0.410515  0.00373238
         136   -0.367918   -0.410202  0.00371805
         137   -0.358496   -0.409824  0.00371002
         138   -0.369655   -0.409533  0.00369454
         139   -0.379103   -0.409314  0.00367444
         140   -0.401479   -0.409259  0.00364862
         141   -0.389662    -0.40912  0.00362539
         142   -0.463466   -0.409502     0.00362
         143   -0.435749   -0.409686  0.00359934
         144   -0.430483    -0.40983  0.00357724
         145   -0.414718   -0.409864  0.00355273
         146   -0.399888   -0.409796  0.00352905
         147   -0.413319    -0.40982  0.00350512
         148   -0.396987   -0.409733  0.00348251
         149   -0.428004   -0.409855   0.0034613
         150   -0.391713   -0.409735  0.00344034
         151   -0.378994   -0.409531  0.00342357
         152   -0.386952   -0.409382  0.00340427
         153    -0.42393   -0.409477  0.00338335
         154   -0.395477   -0.409387   0.0033626
         155   -0.425452    -0.40949   0.0033425
         156   -0.408003   -0.409481  0.00332109
         157   -0.406626   -0.409462  0.00329998
         158   -0.448335   -0.409709  0.00328826
         159   -0.398659   -0.409639  0.00326831
         160   -0.422642    -0.40972  0.00324889
         161    -0.48821   -0.410208  0.00326509
         162   -0.454539   -0.410481  0.00325638
         163   -0.368546   -0.410224  0.00324655
         164   -0.378075   -0.410028  0.00323266
         165   -0.365243   -0.409757  0.00322445
         166   -0.354927   -0.409426   0.0032219
         167   -0.382268   -0.409264   0.0032067
         168   -0.398567     -0.4092  0.00318825
         169   -0.297599    -0.40854  0.00323705
         170   -0.437022   -0.408707  0.00322234
         171   -0.409561   -0.408712   0.0032035
         172   -0.379785   -0.408544  0.00318929
         173   -0.396862   -0.408477  0.00317157
         174   -0.416153   -0.408521  0.00315365
         175   -0.335054   -0.408101  0.00316344
         176   -0.351652    -0.40778  0.00316169
         177   -0.393297   -0.407698  0.00314488
         178   -0.421117   -0.407774  0.00312812
         179   -0.517257   -0.408385  0.00316988
         180   -0.446425   -0.408597   0.0031593
         181   -0.469554   -0.408934  0.00315975
         182   -0.426843   -0.409032  0.00314392
         183   -0.456903   -0.409293   0.0031376
         184   -0.489875   -0.409731  0.00315097
         185   -0.385532   -0.409601  0.00313665
         186   -0.381759   -0.409451  0.00312335
         187   -0.410986   -0.409459  0.00310666
         188   -0.382669   -0.409317   0.0030934
         189   -0.433936   -0.409447  0.00307978
         190   -0.447975    -0.40965  0.00307024
         191   -0.452614   -0.409875  0.00306239
         192   -0.459855   -0.410135  0.00305749
         193   -0.442637   -0.410303  0.00304628
         194   -0.373844   -0.410115  0.00303637
         195   -0.456414   -0.410353  0.00303006
         196    -0.42665   -0.410436  0.00301575
         197   -0.347111   -0.410115  0.00301752
         198   -0.323309   -0.409676  0.00303396
         199   -0.337177   -0.409312  0.00304051
         200   -0.365205   -0.409091  0.00303329
         201   -0.319326   -0.408645   0.0030509
         202   -0.361549   -0.408412  0.00304469
         203   -0.418268    -0.40846  0.00303008
         204   -0.437194   -0.408601   0.0030185
         205   -0.509518   -0.409093  0.00304365
         206   -0.499889   -0.409534  0.00306063
         207   -0.470096   -0.409827  0.00305979
         208   -0.513346   -0.410324  0.00308529
         209   -0.490913    -0.41071  0.00309453
         210     -0.4982   -0.411126  0.00310771
         211   -0.534744   -0.411712  0.00314772
         212   -0.548618   -0.412358  0.00319843
         213   -0.459593    -0.41258   0.0031911
         214    -0.50431   -0.413009  0.00320485
         215    -0.43612   -0.413116  0.00319174
         216    -0.35044   -0.412826  0.00319013
         217   -0.346682   -0.412521  0.00318995
         218   -0.311716   -0.412059  0.00320866
         219   -0.362404   -0.411832  0.00320201
         220   -0.402869   -0.411791  0.00318772
         221   -0.363041   -0.411571  0.00318091
         222   -0.337872   -0.411239  0.00318386
         223   -0.374934   -0.411076  0.00317374
         224   -0.402355   -0.411037  0.00315981
         225   -0.383083   -0.410913  0.00314821
         226   -0.406546   -0.410893  0.00313434
         227   -0.456247   -0.411093   0.0031269
         228   -0.433549   -0.411192  0.00311473
         229   -0.443075   -0.411331  0.00310424
         230   -0.507645    -0.41175  0.00311886
         231   -0.423919   -0.411802   0.0031058
         232   -0.430336   -0.411882  0.00309344
         233   -0.393885   -0.411805  0.00308113
         234   -0.406363   -0.411782  0.00306805
         235   -0.444175   -0.411919  0.00305809
         236   -0.429425   -0.411994  0.00304603
         237   -0.485677   -0.412305  0.00304901
         238   -0.445526   -0.412444  0.00303939
         239   -0.434025   -0.412534  0.00302801
         240   -0.480768   -0.412819  0.00302871
         241   -0.391616   -0.412731  0.00301742
         242   -0.361331   -0.412518  0.00301242
         243   -0.304684   -0.412075  0.00303253
         244   -0.320131   -0.411698  0.00304343
         245   -0.426149   -0.411757  0.00303158
         246   -0.431952   -0.411839  0.00302036
         247   -0.441646    -0.41196  0.00301055
         248   -0.480699   -0.412237  0.00301114
         249   -0.431891   -0.412316  0.00300008
         250   -0.401627   -0.412273  0.00298838
         251   -0.436656    -0.41237  0.00297806
         252   -0.436047   -0.412464  0.00296772
         253   -0.431924   -0.412541  0.00295699
         254   -0.363886   -0.412349  0.00295154
         255    -0.33821   -0.412059  0.00295425
         256   -0.310232   -0.411661  0.00296937
         257   -0.373509   -0.411512  0.00296153
         258   -0.344729   -0.411254  0.00296134
         259   -0.370983   -0.411098  0.00295398
         260   -0.318763   -0.410743  0.00296389
         261   -0.374378   -0.410604  0.00295581
         262   -0.403167   -0.410575  0.00294466
         263   -0.388248    -0.41049  0.00293469
         264   -0.374266   -0.410353  0.00292678
         265   -0.350656   -0.410128  0.00292439
         266   -0.388953   -0.410048  0.00291448
         267   -0.414758   -0.410066  0.00290362
         268   -0.413089   -0.410077  0.00289281
         269   -0.369314   -0.409926  0.00288602
         270   -0.392331    -0.40986  0.00287607
         271   -0.394333   -0.409803  0.00286602
         272    -0.46151   -0.409993  0.00286178
         273   -0.466706   -0.410201  0.00285883
         274   -0.495547   -0.410512  0.00286532
         275   -0.552841    -0.41103  0.00290126
         276   -0.505478   -0.411372  0.00291086
         277   -0.417222   -0.411393  0.00290043
         278   -0.493694   -0.411689  0.00290507
         279   -0.476217   -0.411921  0.00290385
         280   -0.458142   -0.412086  0.00289816
         281   -0.443081   -0.412196  0.00288995
         282   -0.367634   -0.412038  0.00288402
         283   -0.436999   -0.412126  0.00287518
         284   -0.427992   -0.412182  0.00286559
         285   -0.458015   -0.412343  0.00286005
         286   -0.465203   -0.412528  0.00285601
         287   -0.392295   -0.412457  0.00284693
         288   -0.340684   -0.412208  0.00284793
         289   -0.381503   -0.412102  0.00284006
         290   -0.403959   -0.412074  0.00283041
         291   -0.433849   -0.412149  0.00282167
         292   -0.347444   -0.411927  0.00282069
         293   -0.392891   -0.411862  0.00281181
         294    -0.42054   -0.411892  0.00280241
         295   -0.334975   -0.411631  0.00280501
         296   -0.378966    -0.41152   0.0027977
         297   -0.414688   -0.411531   0.0027883
         298   -0.360245   -0.411359  0.00278425
         299   -0.361174   -0.411191  0.00277999
         300   -0.370051   -0.411054  0.00277411
         301   -0.391559   -0.410989  0.00276565
         302   -0.454517   -0.411133  0.00276024
         303   -0.407564   -0.411122  0.00275116
         304   -0.355063   -0.410937  0.00274828
         305     -0.3365   -0.410693  0.00275009
         306   -0.351635     -0.4105  0.00274786
         307   -0.384985   -0.410417  0.00274017
         308   -0.354848   -0.410237  0.00273721
         309   -0.341831   -0.410015  0.00273728
         310   -0.447213   -0.410135  0.00273108
         311   -0.414521   -0.410149  0.00272234
         312   -0.463229   -0.410319  0.00271892
         313   -0.515229   -0.410655  0.00273082
         314   -0.507787   -0.410964  0.00273959
         315   -0.479851   -0.411183   0.0027396
         316   -0.531665   -0.411564  0.00275734
         317   -0.503427   -0.411854  0.00276382
         318   -0.409964   -0.411848  0.00275514
         319   -0.395017   -0.411795  0.00274701
         320   -0.489629   -0.412038  0.00274917
         321   -0.472331   -0.412226  0.00274702
         322   -0.488623   -0.412463  0.00274871
         323   -0.512615   -0.412773  0.00275763
         324   -0.505924   -0.413061  0.00276407
         325   -0.517526   -0.413382  0.00277419
         326   -0.501622   -0.413653  0.00277885
         327   -0.525655   -0.413996  0.00279139
         328   -0.577759   -0.414495  0.00282717
         329   -0.540668   -0.414878  0.00284447
         330   -0.501733   -0.415141    0.002848
         331   -0.534903   -0.415503  0.00286229
         332   -0.587212   -0.416021  0.00290002
         333   -0.561868   -0.416458   0.0029242
         334   -0.533469   -0.416809  0.00293635
         335    -0.55323   -0.417216  0.00295569
         336   -0.535173   -0.417567  0.00296767
         337   -0.425145    -0.41759  0.00295895
         338   -0.464044   -0.417727  0.00295338
         339   -0.468893   -0.417878  0.00294853
         340   -0.502902   -0.418128  0.00295044
         341   -0.393999   -0.418057  0.00294264
         342   -0.370317   -0.417918  0.00293734
         343   -0.388089   -0.417831  0.00293006
         344   -0.401036   -0.417782  0.00292195
         345    -0.39281    -0.41771  0.00291438
         346   -0.433468   -0.417755  0.00290631
         347   -0.365887   -0.417606  0.00290178
         348   -0.367477   -0.417462  0.00289701
         349   -0.461956   -0.417589  0.00289152
         350   -0.470683   -0.417741  0.00288723
         351   -0.510017   -0.418004  0.00289095
         352   -0.507033   -0.418257  0.00289378
         353   -0.511381    -0.41852  0.00289758
         354   -0.465862   -0.418654  0.00289248
         355   -0.479176   -0.418825  0.00288935
         356    -0.49133   -0.419028  0.00288841
         357   -0.433034   -0.419067  0.00288058
         358   -0.395636   -0.419002  0.00287328
         359   -0.362774   -0.418845  0.00286954
         360   -0.355776    -0.41867  0.00286691
         361   -0.335745    -0.41844  0.00286816
         362   -0.335709   -0.418212  0.00286933
         363   -0.318305   -0.417937  0.00287459
         364   -0.325756   -0.417683  0.00287783
         365   -0.409408   -0.417661  0.00287003
         366   -0.402939   -0.417621  0.00286247
         367   -0.376322   -0.417508  0.00285688
         368   -0.394743   -0.417446  0.00284979
         369   -0.429925    -0.41748  0.00284227
         370   -0.429442   -0.417512  0.00283477
         371   -0.356445   -0.417348   0.0028319
         372     -0.3988   -0.417298  0.00282473
         373   -0.374628   -0.417183  0.00281947
         374   -0.433687   -0.417228  0.00281228
         375   -0.442039   -0.417294  0.00280556
         376   -0.429381   -0.417326  0.00279828
         377   -0.360994   -0.417176  0.00279485
         378   -0.417796   -0.417178  0.00278745
         379   -0.352614   -0.417008   0.0027853
         380   -0.371703   -0.416889  0.00278052
         381   -0.338175   -0.416682  0.00278089
         382    -0.38888   -0.416609  0.00277456
         383   -0.367253    -0.41648   0.0027703
         384   -0.419943   -0.416489   0.0027631
         385    -0.48658   -0.416671  0.00276192
         386   -0.503948   -0.416897    0.002764
         387   -0.443424   -0.416966  0.00275771
         388   -0.470706   -0.417105  0.00275408
         389   -0.470304   -0.417241  0.00275039
         390   -0.383291   -0.417154  0.00274472
         391   -0.480022   -0.417315   0.0027424
         392   -0.515028   -0.417564  0.00274671
         393   -0.468462   -0.417694  0.00274278
         394    -0.40409   -0.417659  0.00273603
         395   -0.379688   -0.417563  0.00273079
         396   -0.294904   -0.417253  0.00274141
         397   -0.364903   -0.417122  0.00273767
         398   -0.375299   -0.417016  0.00273281
         399   -0.338791    -0.41682  0.00273298
         400    -0.36673   -0.416695  0.00272902
         401   -0.438174   -0.416749  0.00272274
         402   -0.355972   -0.416598  0.00272016
         403   -0.355629   -0.416446  0.00271761
         404   -0.427645   -0.416474  0.00271103
         405   -0.417295   -0.416476  0.00270434
         406   -0.432367   -0.416515  0.00269796
         407   -0.472703   -0.416653  0.00269486
         408   -0.511732   -0.416886  0.00269831
         409   -0.420432   -0.416895  0.00269173
         410   -0.411898   -0.416883  0.00268519
         411   -0.408558   -0.416862  0.00267873
         412   -0.414898   -0.416858  0.00267223
         413   -0.504698    -0.41707  0.00267422
         414    -0.35712   -0.416926  0.00267167
         415   -0.395726   -0.416875  0.00266572
         416   -0.359772   -0.416737  0.00266285
         417   -0.374004   -0.416635  0.00265843
         418   -0.374614   -0.416534  0.00265397
         419   -0.346283   -0.416367  0.00265293
         420   -0.300577   -0.416091   0.0026609
         421   -0.418797   -0.416097  0.00265459
         422   -0.395402   -0.416048  0.00264875
         423   -0.468357   -0.416172  0.00264537
         424   -0.453281   -0.416259  0.00264058
         425   -0.399878   -0.416221  0.00263465
         426   -0.403602   -0.416191  0.00262863
         427    -0.36289   -0.416066  0.00262544
         428   -0.391004   -0.416008  0.00261996
         429   -0.446852    -0.41608  0.00261484
         430   -0.376171   -0.415987   0.0026104
         431   -0.454974   -0.416077  0.00260591
         432   -0.385776   -0.416007  0.00260082
         433   -0.380294   -0.415925  0.00259612
         434   -0.386928   -0.415858    0.002591
         435   -0.376673   -0.415768  0.00258661
         436    -0.38623     -0.4157  0.00258156
         437   -0.429543   -0.415732  0.00257585
         438   -0.430509   -0.415766  0.00257019
         439   -0.452639    -0.41585  0.00256571
         440   -0.452428   -0.415933  0.00256122
         441   -0.459392   -0.416031  0.00255731
         442   -0.356862   -0.415897  0.00255503
         443   -0.373315   -0.415801  0.00255107
         444   -0.346514   -0.415645  0.00255009
         445   -0.371212   -0.415545  0.00254631
         446   -0.384485   -0.415476  0.00254156
         447   -0.356087   -0.415343  0.00253934
         448   -0.503683    -0.41554  0.00254132
         449    -0.42744   -0.415567   0.0025358
         450   -0.417154    -0.41557  0.00253016
         451   -0.397453    -0.41553  0.00252487
         452   -0.384241   -0.415461  0.00252023
         453   -0.329118    -0.41527  0.00252187
         454     -0.3694   -0.415169  0.00251834
         455   -0.355118   -0.415037  0.00251626
         456   -0.395258   -0.414994  0.00251111
         457   -0.352928   -0.414858  0.00250929
         458   -0.423865   -0.414878  0.00250389
         459   -0.443078   -0.414939  0.00249919
         460     -0.4469   -0.415008  0.00249472
         461   -0.410799   -0.414999  0.00248932
         462   -0.378744   -0.414921  0.00248517
         463   -0.410995   -0.414912  0.00247982
         464   -0.369338   -0.414814  0.00247642
         465   -0.443692   -0.414876  0.00247187
         466   -0.371224   -0.414783  0.00246834
         467   -0.404914   -0.414761  0.00246315
         468    -0.43354   -0.414802  0.00245821
         469   -0.471669   -0.414923  0.00245596
         470    -0.41047   -0.414913  0.00245075
         471   -0.351497   -0.414779  0.00244924
         472   -0.350507   -0.414643  0.00244784
         473   -0.327163   -0.414458  0.00244964
         474    -0.34699   -0.414315   0.0024486
         475   -0.354929    -0.41419  0.00244664
         476   -0.430634   -0.414225  0.00244174
         477   -0.475766   -0.414354  0.00244003
         478   -0.382809   -0.414288  0.00243581
         479   -0.398516   -0.414255  0.00243095
         480   -0.426266    -0.41428  0.00242602
         481   -0.431628   -0.414316  0.00242124
         482   -0.393665   -0.414273   0.0024166
         483   -0.379258   -0.414201  0.00241268
         484   -0.404668   -0.414181  0.00240778
         485   -0.395395   -0.414142  0.00240312
         486   -0.382887   -0.414078  0.00239904
         487   -0.410469    -0.41407  0.00239412
         488   -0.401219   -0.414044  0.00238936
         489   -0.383019   -0.413981  0.00238532
         490   -0.363698   -0.413878  0.00238266
         491   -0.353254   -0.413755    0.002381
         492   -0.298816   -0.413521   0.0023876
         493    -0.37176   -0.413436  0.00238425
         494   -0.395104   -0.413399  0.00237972
         495   -0.335095   -0.413241  0.00238016
         496   -0.380352   -0.413175  0.00237629
         497   -0.430314   -0.413209  0.00237175
         498   -0.412243   -0.413207  0.00236699
         499    -0.39999   -0.413181   0.0023624
         500   -0.388864   -0.413132  0.00235817
         501   -0.380564   -0.413067  0.00235436
         502   -0.418626   -0.413078   0.0023497
         503   -0.434674   -0.413121  0.00234542
         504   -0.426039   -0.413147  0.00234091
         505   -0.407922   -0.413136  0.00233629
         506   -0.475845    -0.41326  0.00233496
         507   -0.416993   -0.413268  0.00233037
         508   -0.452322   -0.413345  0.00232705
         509   -0.449574   -0.413416  0.00232356
         510    -0.44641    -0.41348  0.00231991
         511   -0.433028   -0.413519  0.00231568
         512   -0.368598   -0.413431  0.00231282
         513   -0.397024   -0.413399  0.00230854
         514   -0.356267   -0.413288  0.00230672
         515   -0.342305    -0.41315  0.00230635
         516   -0.333983   -0.412997  0.00230698
         517   -0.345226   -0.412865  0.00230624
         518   -0.364652   -0.412772  0.00230367
         519   -0.373479   -0.412697  0.00230047
         520   -0.374327   -0.412623  0.00229723
         521    -0.44947   -0.412694  0.00229391
         522   -0.457949    -0.41278  0.00229115
         523   -0.478924   -0.412907  0.00229026
         524   -0.401992   -0.412886  0.00228598
         525   -0.489467   -0.413032  0.00228628
         526   -0.446339   -0.413095  0.00228281
         527   -0.477566   -0.413217  0.00228175
         528   -0.490991   -0.413365  0.00228218
         529   -0.459469   -0.413452  0.00227953
         530   -0.477678   -0.413573  0.00227845
         531    -0.48776   -0.413713  0.00227844
         532   -0.437423   -0.413757  0.00227459
         533    -0.47631   -0.413875  0.00227335
         534    -0.44758   -0.413938  0.00226997
         535   -0.393205   -0.413899  0.00226605
         536   -0.367726   -0.413813  0.00226346
         537   -0.356052   -0.413705   0.0022618
         538   -0.373183    -0.41363  0.00225885
         539   -0.358724   -0.413528  0.00225696
         540   -0.384541   -0.413475  0.00225342
         541    -0.41456   -0.413477  0.00224925
         542   -0.416914   -0.413483  0.00224511
         543   -0.331051   -0.413331   0.0022461
         544   -0.382896   -0.413275  0.00224267
         545    -0.41567    -0.41328  0.00223856
         546   -0.383683   -0.413225  0.00223512
         547   -0.440672   -0.413276  0.00223159
         548   -0.459355    -0.41336   0.0022291
         549   -0.401943   -0.413339  0.00222514
         550   -0.447936   -0.413402  0.00222198
         551   -0.386543   -0.413353  0.00221849
         552   -0.412449   -0.413351  0.00221447
         553   -0.395281   -0.413319   0.0022107
         554   -0.361115   -0.413224  0.00220872
         555   -0.401467   -0.413203  0.00220484
         556   -0.387013   -0.413156  0.00220138
         557   -0.373849   -0.413086  0.00219856
         558   -0.416902   -0.413092  0.00219463
         559   -0.459814   -0.413176  0.00219229
         560   -0.412059   -0.413174  0.00218838
         561   -0.427531     -0.4132  0.00218463
         562    -0.43611    -0.41324  0.00218112
         563   -0.388125   -0.413196   0.0021777
         564   -0.427032    -0.41322  0.00217398
         565   -0.455031   -0.413294  0.00217139
         566   -0.461117   -0.413379   0.0021692
         567   -0.444227   -0.413433  0.00216606
         568   -0.439512   -0.413479  0.00216273
         569   -0.441283   -0.413528  0.00215948
         570   -0.421933   -0.413543  0.00215574
         571   -0.480911   -0.413661  0.00215519
         572   -0.497009   -0.413806  0.00215634
         573   -0.424412   -0.413825  0.00215266
         574    -0.40934   -0.413817  0.00214893
         575   -0.398296    -0.41379  0.00214536
         576   -0.392269   -0.413753  0.00214196
         577   -0.376213   -0.413688  0.00213923
         578   -0.381521   -0.413632  0.00213626
         579   -0.441409    -0.41368  0.00213311
         580   -0.399195   -0.413655  0.00212957
         581   -0.457697   -0.413731  0.00212726
         582    -0.50853   -0.413894  0.00212983
         583   -0.396982   -0.413865  0.00212637
         584   -0.394973   -0.413832  0.00212298
         585    -0.46758   -0.413924  0.00212134
         586   -0.424293   -0.413942  0.00211779
         587   -0.428048   -0.413966  0.00211432
         588   -0.394041   -0.413932  0.00211099
         589   -0.377943   -0.413871  0.00210829
         590   -0.446028   -0.413925  0.00210543
         591   -0.515287   -0.414097  0.00210884
         592   -0.466553   -0.414186  0.00210714
         593   -0.480001   -0.414297   0.0021065
         594   -0.484552   -0.414415  0.00210627
         595   -0.437275   -0.414453  0.00210309
         596   -0.414094   -0.414453  0.00209956
         597   -0.391112   -0.414414   0.0020964
         598   -0.432567   -0.414444  0.00209312
         599   -0.466178    -0.41453   0.0020914
         600   -0.456835   -0.414601  0.00208911
         601   -0.375424   -0.414536  0.00208665
         602   -0.390395   -0.414496  0.00208357
         603    -0.35667     -0.4144  0.00208232
         604   -0.445448   -0.414451   0.0020795
         605   -0.423935   -0.414467  0.00207613
         606   -0.496994   -0.414603  0.00207716
         607   -0.503763    -0.41475  0.00207893
         608   -0.453515   -0.414814  0.00207648
         609   -0.412248   -0.414809  0.00207308
         610   -0.462466   -0.414887  0.00207115
         611   -0.449257   -0.414944  0.00206853
         612   -0.492546    -0.41507  0.00206903
         613   -0.409812   -0.415062  0.00206567
         614   -0.431871   -0.415089  0.00206249
         615   -0.417247   -0.415093  0.00205914
         616   -0.324219   -0.414945  0.00206107
         617   -0.340268   -0.414824  0.00206128
         618    -0.39024   -0.414784  0.00205833
         619   -0.400818   -0.414762  0.00205513
         620   -0.401899   -0.414741  0.00205192
         621   -0.399678   -0.414717  0.00204876
         622   -0.392072    -0.41468  0.00204579
         623   -0.376878    -0.41462  0.00204341
         624    -0.34291   -0.414505  0.00204336
         625   -0.417896    -0.41451   0.0020401
         626   -0.466681   -0.414594  0.00203854
         627    -0.41273   -0.414591  0.00203529
         628   -0.391665   -0.414554  0.00203238
         629   -0.417761   -0.414559  0.00202915
         630   -0.319895   -0.414409  0.00203149
         631   -0.314259    -0.41425  0.00203446
         632   -0.445059   -0.414299  0.00203182
         633   -0.480025   -0.414403  0.00203127
         634   -0.413615   -0.414402  0.00202806
         635   -0.375392    -0.41434   0.0020258
         636   -0.373841   -0.414277  0.00202361
         637   -0.407048   -0.414265  0.00202047
         638   -0.362937   -0.414185   0.0020189
         639   -0.449309    -0.41424  0.00201649
         640   -0.443027   -0.414285  0.00201384
         641   -0.401229   -0.414264   0.0020108
         642   -0.433019   -0.414294  0.00200788
         643   -0.353095   -0.414198  0.00200702
         644   -0.440253   -0.414239  0.00200431
         645   -0.357509   -0.414151  0.00200313
         646   -0.322061   -0.414008  0.00200509
         647   -0.344921   -0.413902  0.00200484
         648   -0.417324   -0.413907  0.00200175
         649   -0.387305   -0.413866  0.00199908
         650   -0.357278   -0.413779   0.0019979
         651   -0.336067   -0.413659   0.0019984
         652   -0.386267   -0.413617  0.00199577
         653    -0.44498   -0.413665  0.00199329
         654   -0.369301   -0.413598   0.0019914
         655   -0.326602   -0.413465  0.00199279
         656   -0.403545    -0.41345   0.0019898
         657   -0.416809   -0.413455  0.00198678
         658   -0.480481   -0.413557  0.00198637
         659   -0.482526   -0.413661  0.00198611
         660   -0.478088   -0.413759   0.0019855
         661   -0.440998     -0.4138  0.00198293
         662   -0.421758   -0.413812  0.00197997
         663   -0.329502   -0.413685  0.00198106
         664   -0.443682    -0.41373  0.00197859
         665   -0.419691   -0.413739  0.00197564
         666   -0.390899   -0.413705  0.00197297
         667   -0.375659   -0.413648  0.00197083
         668   -0.428294    -0.41367  0.00196801
         669   -0.362101   -0.413593  0.00196657
         670   -0.400882   -0.413574  0.00196373
         671   -0.411229    -0.41357  0.00196081
         672   -0.466477   -0.413649  0.00195947
         673   -0.510994   -0.413793  0.00196189
         674   -0.426327   -0.413812  0.00195906
         675   -0.456715   -0.413876  0.00195719
         676   -0.451892   -0.413932  0.00195511
         677   -0.382907   -0.413886  0.00195276
         678   -0.455405   -0.413947  0.00195083
         679   -0.474289   -0.414036  0.00194998
         680   -0.534435   -0.414213  0.00195514
         681   -0.535778   -0.414392   0.0019604
         682   -0.438967   -0.414428  0.00195786
         683   -0.433412   -0.414456  0.00195519
         684   -0.488002   -0.414563  0.00195528
         685   -0.501601    -0.41469  0.00195655
         686   -0.432888   -0.414717  0.00195388
         687   -0.423261   -0.414729  0.00195108
         688   -0.386578   -0.414688  0.00194867
         689   -0.372017   -0.414626  0.00194683
         690   -0.376925   -0.414572  0.00194477
         691   -0.336385   -0.414458  0.00194524
         692   -0.354629   -0.414372  0.00194435
         693    -0.33944   -0.414264  0.00194455
         694   -0.349498   -0.414171  0.00194399
         695   -0.447757   -0.414219  0.00194179
         696   -0.387699   -0.414181  0.00193938
         697   -0.378311   -0.414129  0.00193728
         698    -0.32417      -0.414  0.00193878
         699   -0.373472   -0.413942  0.00193688
         700   -0.454142      -0.414  0.00193496
         701   -0.418595   -0.414006  0.00193221
         702   -0.453559   -0.414063  0.00193028
         703   -0.419072    -0.41407  0.00192755
         704   -0.429582   -0.414092  0.00192494
         705   -0.382771   -0.414048  0.00192272
         706   -0.384205   -0.414005  0.00192046
         707   -0.406529   -0.413995  0.00191777
         708   -0.377015   -0.413942  0.00191577
         709   -0.419843   -0.413951  0.00191309
         710   -0.468749   -0.414028  0.00191195
         711   -0.436464   -0.414059  0.00190952
         712    -0.39002   -0.414026  0.00190714
         713   -0.423743   -0.414039  0.00190451
         714   -0.385723      -0.414  0.00190226
         715   -0.347791   -0.413907  0.00190185
         716   -0.492799   -0.414017  0.00190238
         717   -0.441324   -0.414055  0.00190011
         718   -0.445644   -0.414099  0.00189797
         719   -0.479816   -0.414191  0.00189753
         720   -0.480645   -0.414283  0.00189714
         721   -0.446831   -0.414328  0.00189505
         722   -0.417252   -0.414332  0.00189243
         723   -0.474589   -0.414416  0.00189164
         724   -0.427937   -0.414434  0.00188912
         725   -0.424676   -0.414448  0.00188657
         726   -0.329055   -0.414331  0.00188764
         727   -0.300285   -0.414174  0.00189155
         728   -0.379569   -0.414126  0.00188955
         729   -0.314851    -0.41399  0.00189185
         730   -0.405238   -0.413978   0.0018893
         731    -0.48237   -0.414072  0.00188903
         732    -0.42561   -0.414088  0.00188652
         733   -0.399495   -0.414068  0.00188405
         734   -0.461379   -0.414132  0.00188258
         735   -0.465482   -0.414202  0.00188132
         736   -0.463359   -0.414269  0.00187995
         737   -0.492884   -0.414375  0.00188042
         738   -0.464311   -0.414443  0.00187909
         739    -0.43738   -0.414474   0.0018768
         740   -0.401477   -0.414457  0.00187435
         741   -0.395686   -0.414431  0.00187199
         742   -0.362326   -0.414361  0.00187078
         743   -0.369617   -0.414301  0.00186923
         744    -0.38759   -0.414265  0.00186707
         745   -0.375435   -0.414213  0.00186529
         746    -0.30836   -0.414071  0.00186818
         747   -0.368681    -0.41401  0.00186666
         748   -0.376951   -0.413961  0.00186483
         749   -0.455129   -0.414015  0.00186315
         750   -0.420558   -0.414024  0.00186068
         751   -0.400261   -0.414006  0.00185829
         752   -0.416356   -0.414009  0.00185583
         753   -0.387535   -0.413974  0.00185369
         754    -0.34721   -0.413885  0.00185335
         755   -0.320849   -0.413762  0.00185499
         756   -0.449308   -0.413809  0.00185313
         757   -0.455764   -0.413865  0.00185151
         758   -0.421118   -0.413874  0.00184909
         759   -0.409856   -0.413869  0.00184666
         760   -0.392941   -0.413841  0.00184444
         761   -0.435083   -0.413869  0.00184223
         762   -0.461133   -0.413931  0.00184085
         763   -0.414644   -0.413932  0.00183844
         764   -0.409879   -0.413927  0.00183604
         765   -0.373443   -0.413874   0.0018344
         766   -0.328721   -0.413763  0.00183537
         767   -0.363951   -0.413698  0.00183413
         768   -0.303674   -0.413555  0.00183733
         769   -0.375141   -0.413505  0.00183562
         770   -0.435644   -0.413533  0.00183346
         771   -0.442188   -0.413571  0.00183146
         772   -0.469579   -0.413643  0.00183052
         773   -0.445441   -0.413684  0.00182862
         774   -0.478243   -0.413768  0.00182815
         775   -0.481243   -0.413855  0.00182787
         776    -0.51913    -0.41399  0.00183054
         777    -0.45022   -0.414037  0.00182878
         778   -0.415636   -0.414039  0.00182643
         779   -0.416173   -0.414042  0.00182409
         780   -0.420407    -0.41405  0.00182177
         781   -0.389892   -0.414019   0.0018197
         782   -0.375571    -0.41397  0.00181803
         783   -0.310743   -0.413838  0.00182048
         784   -0.334418   -0.413737  0.00182098
         785   -0.342218   -0.413646  0.00182094
         786   -0.379286   -0.413602  0.00181914
         787   -0.454379   -0.413654  0.00181757
         788   -0.395176    -0.41363  0.00181542
         789   -0.415362   -0.413632  0.00181312
         790   -0.370966   -0.413578  0.00181163
         791   -0.357029   -0.413507  0.00181074
         792   -0.342076   -0.413417   0.0018107
         793   -0.408326    -0.41341  0.00180843
         794   -0.429835   -0.413431  0.00180627
         795   -0.432176   -0.413455  0.00180415
         796   -0.423646   -0.413467  0.00180193
         797    -0.38229   -0.413428   0.0018001
         798   -0.400685   -0.413412  0.00179791
         799   -0.465384   -0.413477  0.00179684
         800    -0.38428   -0.413441  0.00179496
         801   -0.374536   -0.413392  0.00179338
         802   -0.422938   -0.413404  0.00179118
         803   -0.351702   -0.413327   0.0017906
         804   -0.392621   -0.413302  0.00178856
         805   -0.367759   -0.413245  0.00178723
         806   -0.367912   -0.413189   0.0017859
         807   -0.418616   -0.413195   0.0017837
         808   -0.377763   -0.413152  0.00178203
         809   -0.422541   -0.413163  0.00177986
         810   -0.376915   -0.413118  0.00177823
         811   -0.456631   -0.413172  0.00177684
         812     -0.4483   -0.413215  0.00177518
         813    -0.43699   -0.413245  0.00177324
         814   -0.503074   -0.413355  0.00177449
         815   -0.431716   -0.413378  0.00177246
         816   -0.444618   -0.413416   0.0017707
         817   -0.376864   -0.413371   0.0017691
         818   -0.393491   -0.413347   0.0017671
         819   -0.331568   -0.413247  0.00176776
         820   -0.432133    -0.41327  0.00176576
         821   -0.456583   -0.413323  0.00176439
         822   -0.405835   -0.413314  0.00176227
         823   -0.432424   -0.413337  0.00176028
         824   -0.451632   -0.413383  0.00175876
         825   -0.375115   -0.413337  0.00175724
         826   -0.407981    -0.41333  0.00175512
         827   -0.419208   -0.413338  0.00175302
         828   -0.485604   -0.413425  0.00175307
         829   -0.431543   -0.413447  0.00175109
         830   -0.462288   -0.413506  0.00174997
         831   -0.456704   -0.413557  0.00174864
         832   -0.414127   -0.413558  0.00174654
         833   -0.425897   -0.413573   0.0017445
         834   -0.511244    -0.41369  0.00174634
         835   -0.454533   -0.413739  0.00174493
         836   -0.425282   -0.413753   0.0017429
         837   -0.453532     -0.4138  0.00174146
         838   -0.382387   -0.413763  0.00173979
         839   -0.339342   -0.413674  0.00173997
         840   -0.373011   -0.413626  0.00173858
         841   -0.373416   -0.413578  0.00173717
         842   -0.390621   -0.413551  0.00173532
         843   -0.418868   -0.413557  0.00173327
         844   -0.382327    -0.41352  0.00173161
         845   -0.341325   -0.413435  0.00173167
         846   -0.372498   -0.413386   0.0017303
         847   -0.367738   -0.413332  0.00172909
         848   -0.399732   -0.413316  0.00172713
         849   -0.368763   -0.413264  0.00172589
         850   -0.391749   -0.413238  0.00172405
         851   -0.457468    -0.41329   0.0017228
         852   -0.403794   -0.413279  0.00172082
         853   -0.408068   -0.413273  0.00171881
         854   -0.405003   -0.413263  0.00171683
         855   -0.401858    -0.41325  0.00171487
         856   -0.397751   -0.413232  0.00171296
         857      -0.404   -0.413221    0.001711
         858   -0.323921   -0.413117  0.00171217
         859   -0.356265   -0.413051  0.00171145
         860   -0.349439   -0.412977  0.00171106
         861   -0.411123   -0.412975  0.00170907
         862   -0.352227   -0.412904  0.00170854
         863   -0.392225    -0.41288  0.00170673
         864   -0.372753   -0.412834  0.00170539
         865   -0.323164    -0.41273  0.00170656
         866   -0.342835    -0.41265   0.0017065
         867   -0.345174   -0.412572  0.00170631
         868   -0.415272   -0.412575  0.00170434
         869   -0.380652   -0.412538  0.00170278
         870   -0.416933   -0.412543  0.00170083
         871   -0.337215   -0.412457  0.00170107
         872   -0.416221   -0.412461  0.00169913
         873   -0.454643   -0.412509  0.00169787
         874   -0.449036   -0.412551  0.00169644
         875   -0.446469    -0.41259  0.00169494
         876    -0.40367    -0.41258  0.00169304
         877   -0.420908   -0.412589  0.00169114
         878   -0.475469   -0.412661  0.00169072
         879   -0.412459   -0.412661   0.0016888
         880   -0.417761   -0.412666  0.00168689
         881   -0.515181   -0.412783  0.00168899
         882   -0.433323   -0.412806  0.00168723
         883   -0.467655   -0.412868  0.00168646
         884   -0.474055   -0.412937  0.00168598
         885   -0.431402   -0.412958   0.0016842
         886   -0.387124   -0.412929  0.00168255
         887   -0.453388   -0.412975  0.00168127
         888   -0.458757   -0.413026  0.00168017
         889    -0.43649   -0.413053  0.00167849
         890   -0.516941   -0.413169  0.00168065
         891   -0.392607   -0.413146  0.00167893
         892   -0.394061   -0.413125  0.00167718
         893   -0.410852   -0.413122   0.0016753
         894   -0.426533   -0.413137   0.0016735
         895   -0.400619   -0.413123  0.00167169
         896   -0.467908   -0.413185  0.00167094
         897   -0.491661   -0.413272  0.00167136
         898   -0.499675   -0.413368  0.00167227
         899   -0.587565   -0.413562   0.0016816
         900   -0.508367   -0.413667  0.00168303
         901   -0.473346   -0.413734  0.00168246
         902   -0.552972   -0.413888  0.00168766
         903   -0.445001   -0.413922  0.00168615
         904   -0.473598   -0.413988  0.00168557
         905   -0.479422   -0.414061  0.00168526
         906   -0.457156   -0.414108  0.00168407
         907    -0.38984   -0.414082  0.00168243
         908    -0.39407   -0.414059  0.00168072
         909   -0.344766   -0.413983   0.0016806
         910   -0.320458    -0.41388  0.00168189
         911   -0.320582   -0.413778  0.00168316
         912   -0.394605   -0.413757  0.00168144
         913   -0.417096   -0.413761  0.00167961
         914   -0.479034   -0.413832  0.00167929
         915   -0.414458   -0.413833  0.00167745
         916    -0.38043   -0.413796  0.00167602
         917   -0.350054   -0.413727  0.00167563
         918   -0.412298   -0.413725  0.00167381
         919   -0.379886   -0.413688  0.00167239
         920   -0.439901   -0.413717  0.00167081
         921    -0.37131   -0.413671  0.00166963
         922   -0.460821   -0.413722  0.00166861
         923   -0.451478   -0.413763   0.0016673
         924   -0.467266   -0.413821   0.0016665
         925   -0.449016   -0.413859  0.00166513
         926   -0.387648   -0.413831  0.00166358
         927   -0.362457   -0.413775   0.0016627
         928   -0.338169   -0.413694  0.00166291
         929   -0.383977   -0.413662  0.00166142
         930   -0.364999   -0.413609  0.00166046
         931   -0.453994   -0.413653  0.00165924
         932   -0.449533   -0.413691  0.00165791
         933   -0.390728   -0.413667  0.00165632
         934   -0.436503   -0.413691  0.00165472
         935   -0.421574     -0.4137  0.00165298
         936   -0.414691   -0.413701  0.00165121
         937   -0.402443   -0.413689  0.00164949
         938   -0.404073   -0.413678  0.00164776
         939   -0.408178   -0.413672  0.00164602
         940   -0.387491   -0.413645   0.0016445
         941   -0.341247   -0.413568  0.00164456
         942   -0.317877   -0.413466  0.00164594
         943   -0.411006   -0.413463   0.0016442
         944   -0.461461   -0.413514  0.00164325
         945   -0.449215   -0.413552  0.00164194
         946   -0.387626   -0.413525  0.00164043
         947   -0.414684   -0.413526   0.0016387
         948   -0.390711   -0.413502  0.00163715
         949   -0.369018   -0.413455   0.0016361
         950   -0.393765   -0.413434   0.0016345
         951   -0.420502   -0.413442   0.0016328
         952   -0.487219   -0.413519  0.00163293
         953   -0.468797   -0.413577  0.00163224
         954   -0.385077   -0.413547   0.0016308
         955   -0.423242   -0.413557  0.00162913
         956   -0.485145   -0.413632  0.00162914
         957     -0.4555   -0.413676  0.00162803
         958   -0.369675    -0.41363  0.00162698
         959   -0.416241   -0.413633  0.00162528
         960   -0.463232   -0.413685  0.00162441
         961   -0.472816   -0.413746  0.00162389
         962   -0.478772   -0.413814   0.0016236
         963   -0.485459   -0.413888  0.00162362
         964   -0.371256   -0.413844  0.00162254
         965   -0.393017   -0.413822    0.001621
         966   -0.454991   -0.413865  0.00161988
         967    -0.45429   -0.413907  0.00161875
         968    -0.40491   -0.413897   0.0016171
         969   -0.442586   -0.413927  0.00161571
         970   -0.400048   -0.413913   0.0016141
         971   -0.375795   -0.413873  0.00161292
         972    -0.42606   -0.413886  0.00161131
         973   -0.459545   -0.413933  0.00161033
         974   -0.442662   -0.413962  0.00160895
         975   -0.460794    -0.41401  0.00160802
         976   -0.459475   -0.414057  0.00160704
         977   -0.378976   -0.414021   0.0016058
         978   -0.346766   -0.413952  0.00160563
         979   -0.348787   -0.413886  0.00160537
         980    -0.36558   -0.413836  0.00160449
         981   -0.335691   -0.413757  0.00160483
         982   -0.354879   -0.413697  0.00160431
         983   -0.370906   -0.413653  0.00160327
         984    -0.38166   -0.413621  0.00160197
         985   -0.406604   -0.413614  0.00160036
         986   -0.476758   -0.413678  0.00160002
         987   -0.445366    -0.41371  0.00159872
         988    -0.39402    -0.41369  0.00159723
         989   -0.391553   -0.413668  0.00159577
         990   -0.428993   -0.413683  0.00159423
         991   -0.439056   -0.413709  0.00159283
         992   -0.460264   -0.413756  0.00159191
         993   -0.420016   -0.413762  0.00159032
         994   -0.446764   -0.413795  0.00158907
         995   -0.456103   -0.413838  0.00158804
         996   -0.477976   -0.413902  0.00158775
         997    -0.45996   -0.413948  0.00158683
         998    -0.47515   -0.414009  0.00158643
         999   -0.430692   -0.414026  0.00158493
        1000    -0.42952   -0.414042  0.00158342
