           1        1.58        1.58           0
           2     1.57985     1.57992 5.38443e-05
           3     1.57939     1.57975 0.000149366
           4     1.57863     1.57947 0.000266211
           5     1.57757     1.57909 0.000401081
           6      1.5762     1.57861 0.000551804
           7     1.57453     1.57802 0.000716834
           8     1.57256     1.57734 0.000894989
           9     1.57029     1.57656  0.00108533
          10     1.56773     1.57568  0.00128704
          11     1.56486     1.57469  0.00149945
          12     1.56169     1.57361  0.00172202
          13     1.55823     1.57243  0.00195418
          14     1.55447     1.57114  0.00219544
          15     1.55042     1.56976  0.00244537
          16     1.54608     1.56828  0.00270361
          17     1.54145      1.5667  0.00296981
          18     1.53653     1.56503  0.00324362
          19     1.53132     1.56325  0.00352479
          20     1.52583     1.56138  0.00381308
          21     1.52004     1.55941  0.00410831
          22     1.51398     1.55735  0.00441025
          23     1.50762     1.55519  0.00471871
          24     1.50099     1.55293  0.00503354
          25     1.49407     1.55057  0.00535458
          26     1.48686     1.54812  0.00568171
          27     1.47938     1.54558  0.00601479
          28     1.47161     1.54293  0.00635366
          29     1.46356      1.5402  0.00669819
          30     1.45524     1.53737  0.00704824
          31     1.44663     1.53444  0.00740369
          32     1.43775     1.53142  0.00776439
          33      1.4286      1.5283   0.0081302
          34     1.41918     1.52509  0.00850096
          35     1.40949     1.52179  0.00887657
          36     1.39953     1.51839  0.00925687
          37     1.38931      1.5149  0.00964172
          38     1.37883     1.51132    0.010031
          39     1.36809     1.50765   0.0104245
          40      1.3571     1.50389   0.0108221
          41     1.34586     1.50003   0.0112235
          42     1.33437     1.49609   0.0116288
          43     1.32264     1.49205   0.0120376
          44     1.31068     1.48793   0.0124498
          45     1.29849     1.48372   0.0128653
          46     1.28606     1.47943   0.0132838
          47     1.27342     1.47504   0.0137052
          48     1.26056     1.47057   0.0141293
          49      1.2475     1.46602   0.0145559
          50     1.23423     1.46139   0.0149849
          51     1.22077     1.45667   0.0154159
          52     1.20712     1.45187   0.0158488
          53     1.19328     1.44699   0.0162835
          54     1.17928     1.44203   0.0167196
          55     1.16511       1.437    0.017157
          56     1.15078     1.43189   0.0175954
          57     1.13631      1.4267   0.0180346
          58      1.1217     1.42144   0.0184745
          59     1.10697     1.41611   0.0189146
          60     1.09211     1.41071   0.0193549
          61     1.07715     1.40524   0.0197949
          62      1.0621     1.39971   0.0202346
          63     1.04695     1.39411   0.0206736
          64     1.03174     1.38845   0.0211117
          65     1.01646     1.38273   0.0215487
          66     1.00114     1.37694   0.0219841
          67    0.985774     1.37111   0.0224178
          68    0.970388     1.36521   0.0228496
          69    0.954991     1.35927    0.023279
          70    0.939596     1.35327   0.0237059
          71    0.924218     1.34723     0.02413
          72    0.908869     1.34114   0.0245509
          73    0.893563     1.33501   0.0249684
          74    0.878315     1.32884   0.0253823
          75    0.863138     1.32263   0.0257922
          76    0.848046     1.31638   0.0261978
          77    0.833054     1.31011    0.026599
          78    0.818176      1.3038   0.0269953
          79    0.803426     1.29747   0.0273865
          80     0.78882     1.29111   0.0277725
          81    0.774369     1.28473   0.0281528
          82    0.760089     1.27833   0.0285272
          83    0.745993     1.27192   0.0288955
          84    0.732095     1.26549   0.0292574
          85    0.718407     1.25905   0.0296127
          86    0.704944     1.25261   0.0299611
          87    0.691716     1.24616   0.0303024
          88    0.678738     1.23972   0.0306364
          89     0.66602     1.23327   0.0309629
          90    0.653574     1.22683   0.0312817
          91    0.641411      1.2204   0.0315925
          92    0.629542     1.21397   0.0318952
          93    0.617977     1.20756   0.0321896
          94    0.606725     1.20117   0.0324756
          95    0.595795      1.1948    0.032753
          96    0.585195     1.18845   0.0330216
          97    0.574933     1.18213   0.0332814
          98    0.565016     1.17583   0.0335322
          99     0.55545     1.16956    0.033774
         100    0.546241     1.16333   0.0340066
         101    0.537394     1.15713   0.0342299
         102    0.528913     1.15097    0.034444
         103    0.520801     1.14485   0.0346487
         104    0.513062     1.13878    0.034844
         105    0.505698     1.13275   0.0350299
         106     0.49871     1.12677   0.0352064
         107      0.4921     1.12084   0.0353735
         108    0.485867     1.11496   0.0355312
         109     0.48001     1.10913   0.0356796
         110     0.47453     1.10336   0.0358186
         111    0.469424     1.09765   0.0359483
         112    0.464689       1.092   0.0360689
         113    0.460323     1.08641   0.0361803
         114    0.456324     1.08088   0.0362826
         115    0.452686     1.07542    0.036376
         116    0.449405     1.07002   0.0364605
         117    0.446475     1.06469   0.0365363
         118    0.443892     1.05943   0.0366035
         119    0.441649     1.05424   0.0366622
         120     0.43974     1.04912   0.0367126
         121    0.438159     1.04407   0.0367548
         122    0.436897      1.0391   0.0367889
         123    0.435948     1.03419   0.0368152
         124    0.435305     1.02936   0.0368337
         125    0.434958     1.02461   0.0368447
         126      0.4349     1.01993   0.0368484
         127    0.435122     1.01532   0.0368448
         128    0.435615     1.01079   0.0368343
         129    0.436371     1.00634   0.0368169
         130    0.437381     1.00196   0.0367929
         131    0.438635    0.997663   0.0367625
         132    0.440125    0.993439   0.0367258
         133     0.44184    0.989292   0.0366831
         134    0.443772    0.985221   0.0366346
         135    0.445913    0.981226   0.0365804
         136    0.448251    0.977307   0.0365207
         137    0.450778    0.973464   0.0364558
         138    0.453485    0.969696   0.0363858
         139    0.456362    0.966003    0.036311
         140      0.4594    0.962384   0.0362315
         141     0.46259     0.95884   0.0361475
         142    0.465925    0.955368   0.0360592
         143    0.469394     0.95197   0.0359668
         144    0.472989    0.948644   0.0358706
         145    0.476703    0.945389   0.0357705
         146    0.480525    0.942205    0.035667
         147    0.484449    0.939091     0.03556
         148    0.488465    0.936046   0.0354498
         149    0.492566     0.93307   0.0353366
         150    0.496745    0.930161   0.0352206
         151    0.500994    0.927319   0.0351018
         152    0.505306    0.924542   0.0349805
         153    0.509674    0.921831   0.0348568
         154     0.51409    0.919183   0.0347309
         155    0.518549    0.916598   0.0346029
         156    0.523043    0.914076   0.0344729
         157    0.527567    0.911614   0.0343411
         158    0.532116    0.909212   0.0342077
         159    0.536682    0.906869   0.0340727
         160    0.541261    0.904584   0.0339363
         161    0.545846    0.902356   0.0337985
         162    0.550434    0.900183   0.0336596
         163    0.555018    0.898066   0.0335197
         164    0.559596    0.896002   0.0333788
         165     0.56416    0.893991    0.033237
         166    0.568709    0.892031   0.0330945
         167    0.573239    0.890122   0.0329513
         168    0.577744    0.888263   0.0328076
         169    0.582221    0.886452   0.0326634
         170    0.586669    0.884689   0.0325189
         171    0.591081    0.882972    0.032374
         172    0.595456      0.8813   0.0322289
         173     0.59979    0.879673   0.0320837
         174     0.60408    0.878089   0.0319383
         175    0.608325    0.876547    0.031793
         176     0.61252    0.875047   0.0316477
         177    0.616665    0.873587   0.0315026
         178    0.620756    0.872167   0.0313576
         179    0.624792    0.870785   0.0312129
         180    0.628771    0.869441   0.0310684
         181     0.63269    0.868132   0.0309243
         182    0.636548     0.86686   0.0307805
         183    0.640343    0.865622   0.0306372
         184    0.644073    0.864418   0.0304944
         185    0.647738    0.863247    0.030352
         186    0.651334    0.862108   0.0302102
         187    0.654862    0.860999    0.030069
         188    0.658318    0.859921   0.0299284
         189    0.661701    0.858872   0.0297884
         190    0.665013    0.857852   0.0296491
         191    0.668252    0.856859   0.0295104
         192    0.671414    0.855894   0.0293725
         193      0.6745    0.854954   0.0292354
         194    0.677508    0.854039    0.029099
         195    0.680436    0.853149   0.0289634
         196    0.683283    0.852282   0.0288286
         197    0.686049    0.851438   0.0286946
         198    0.688733    0.850617   0.0285614
         199    0.691333    0.849816   0.0284291
         200    0.693848    0.849036   0.0282977
         201    0.696279    0.848276   0.0281671
         202    0.698624    0.847535   0.0280374
         203    0.700881    0.846813   0.0279086
         204    0.703051    0.846108   0.0277807
         205    0.705132    0.845421   0.0276537
         206    0.707125    0.844749   0.0275276
         207    0.709028    0.844094   0.0274024
         208    0.710841    0.843453   0.0272781
         209    0.712563    0.842827   0.0271548
         210    0.714194    0.842214   0.0270324
         211    0.715733    0.841615   0.0269109
         212     0.71718    0.841028   0.0267904
         213    0.718534    0.840453   0.0266708
         214    0.719796    0.839889   0.0265521
         215    0.720965    0.839336   0.0264344
         216    0.722041    0.838793   0.0263176
         217    0.723025    0.838259   0.0262017
         218    0.723917    0.837735   0.0260868
         219    0.724717    0.837219   0.0259728
         220    0.725427    0.836711   0.0258597
         221    0.726047     0.83621   0.0257475
         222    0.726577    0.835716   0.0256363
         223    0.727017    0.835229   0.0255259
         224    0.727369    0.834747   0.0254165
         225    0.727635    0.834271    0.025308
         226    0.727814      0.8338   0.0252004
         227    0.727907    0.833333   0.0250937
         228    0.727918    0.832871   0.0249879
         229    0.727846    0.832412    0.024883
         230    0.727694    0.831957    0.024779
         231    0.727464    0.831505   0.0246758
         232    0.727157    0.831055   0.0245736
         233    0.726777    0.830607   0.0244722
         234    0.726326    0.830162   0.0243717
         235    0.725806    0.829718    0.024272
         236    0.725219    0.829275   0.0241732
         237    0.724568    0.828833   0.0240752
         238    0.723857    0.828392   0.0239781
         239    0.723088    0.827951   0.0238818
         240    0.722264    0.827511   0.0237864
         241    0.721388    0.827071   0.0236918
         242    0.720464     0.82663    0.023598
         243    0.719494    0.826189    0.023505
         244    0.718483    0.825748   0.0234128
         245    0.717433    0.825306   0.0233214
         246    0.716351    0.824863   0.0232308
         247    0.715239    0.824419    0.023141
         248    0.714101    0.823974   0.0230519
         249     0.71294    0.823528   0.0229637
         250    0.711761    0.823081   0.0228762
         251    0.710566    0.822633   0.0227894
         252     0.70936    0.822184   0.0227034
         253    0.708146    0.821733   0.0226182
         254    0.706929    0.821281   0.0225336
         255    0.705713    0.820828   0.0224498
         256    0.704502    0.820373   0.0223667
         257    0.703299    0.819918   0.0222843
         258    0.702109    0.819461   0.0222026
         259    0.700934    0.819003   0.0221216
         260    0.699778    0.818545   0.0220413
         261    0.698644    0.818085   0.0219616
         262    0.697536    0.817625   0.0218826
         263    0.696457    0.817165   0.0218043
         264    0.695411    0.816703   0.0217266
         265    0.694401    0.816242   0.0216495
         266    0.693431     0.81578    0.021573
         267    0.692501    0.815319   0.0214972
         268    0.691617    0.814857   0.0214219
         269    0.690779    0.814396   0.0213472
         270    0.689991    0.813935   0.0212731
         271    0.689254    0.813475   0.0211996
         272    0.688572    0.813016   0.0211266
         273    0.687945    0.812558   0.0210542
         274    0.687376    0.812101   0.0209823
         275    0.686867    0.811645    0.020911
         276     0.68642    0.811192   0.0208401
         277    0.686036     0.81074   0.0207698
         278    0.685717     0.81029      0.0207
         279    0.685463    0.809843   0.0206306
         280    0.685274    0.809398   0.0205617
         281    0.685152    0.808956   0.0204933
         282    0.685097    0.808516   0.0204253
         283    0.685109     0.80808   0.0203578
         284    0.685188    0.807648   0.0202907
         285    0.685335    0.807218   0.0202241
         286     0.68555    0.806793   0.0201578
         287    0.685833    0.806371    0.020092
         288    0.686184    0.805954   0.0200266
         289    0.686603    0.805541   0.0199615
         290    0.687088    0.805133   0.0198969
         291    0.687639    0.804729   0.0198326
         292    0.688255     0.80433   0.0197687
         293    0.688937    0.803936   0.0197051
         294    0.689683    0.803548   0.0196419
         295    0.690494    0.803164   0.0195791
         296    0.691366    0.802787   0.0195166
         297      0.6923    0.802415   0.0194544
         298    0.693293    0.802049   0.0193926
         299    0.694343    0.801688   0.0193311
         300     0.69545    0.801334   0.0192699
         301     0.69661    0.800986    0.019209
         302    0.697824    0.800645   0.0191484
         303    0.699088    0.800309   0.0190882
         304    0.700403    0.799981   0.0190282
         305    0.701766    0.799659   0.0189686
         306    0.703175    0.799344   0.0189092
         307    0.704628    0.799035   0.0188501
         308    0.706122    0.798733   0.0187913
         309    0.707656    0.798439   0.0187328
         310    0.709227    0.798151   0.0186746
         311    0.710835     0.79787   0.0186167
         312    0.712477    0.797596    0.018559
         313    0.714151     0.79733   0.0185016
         314    0.715854     0.79707   0.0184445
         315    0.717584    0.796818   0.0183877
         316     0.71934    0.796573   0.0183311
         317    0.721118    0.796335   0.0182749
         318    0.722915    0.796104   0.0182188
         319     0.72473     0.79588   0.0181631
         320    0.726561    0.795663   0.0181076
         321    0.728404    0.795454   0.0180524
         322    0.730257    0.795251   0.0179975
         323    0.732118    0.795056   0.0179429
         324    0.733984    0.794868   0.0178885
         325    0.735853    0.794686   0.0178343
         326    0.737722    0.794511   0.0177805
         327    0.739589    0.794343   0.0177269
         328     0.74145    0.794182   0.0176736
         329    0.743304    0.794027   0.0176206
         330    0.745147    0.793879   0.0175678
         331    0.746978    0.793738   0.0175153
         332    0.748793    0.793602   0.0174631
         333    0.750591    0.793473   0.0174111
         334    0.752368     0.79335   0.0173594
         335    0.754122    0.793233    0.017308
         336    0.755849    0.793122   0.0172568
         337    0.757546    0.793016   0.0172059
         338    0.759211    0.792916   0.0171553
         339    0.760842    0.792821    0.017105
         340    0.762435    0.792732   0.0170549
         341    0.763989    0.792648   0.0170051
         342      0.7655    0.792568   0.0169556
         343    0.766967    0.792494   0.0169063
         344    0.768388    0.792424   0.0168573
         345    0.769761    0.792358   0.0168085
         346    0.771083    0.792296   0.0167601
         347     0.77235    0.792239   0.0167119
         348    0.773563    0.792185   0.0166639
         349    0.774718    0.792135   0.0166163
         350    0.775815    0.792089   0.0165689
         351    0.776852    0.792045   0.0165217
         352    0.777828    0.792005   0.0164748
         353    0.778742    0.791967   0.0164282
         354    0.779593    0.791932   0.0163818
         355    0.780382      0.7919   0.0163357
         356    0.781108    0.791869   0.0162899
         357    0.781769    0.791841   0.0162443
         358    0.782367    0.791815   0.0161989
         359    0.782901     0.79179   0.0161538
         360    0.783373    0.791766   0.0161089
         361    0.783783    0.791744   0.0160643
         362    0.784133    0.791723     0.01602
         363    0.784426    0.791703   0.0159758
         364    0.784661    0.791684    0.015932
         365    0.784842    0.791665   0.0158883
         366     0.78497    0.791647   0.0158449
         367    0.785048    0.791629   0.0158018
         368    0.785077    0.791611   0.0157588
         369    0.785063    0.791593   0.0157161
         370    0.785008    0.791576   0.0156737
         371    0.784916    0.791558   0.0156314
         372     0.78479    0.791539   0.0155894
         373    0.784634    0.791521   0.0155476
         374    0.784453    0.791502   0.0155061
         375     0.78425    0.791483   0.0154647
         376    0.784032    0.791463   0.0154236
         377    0.783802    0.791442   0.0153827
         378    0.783565    0.791422   0.0153421
         379    0.783326      0.7914   0.0153016
         380    0.783091    0.791378   0.0152613
         381    0.782865    0.791356   0.0152213
         382    0.782651    0.791333   0.0151815
         383    0.782456     0.79131   0.0151418
         384    0.782284    0.791287   0.0151024
         385    0.782141    0.791263   0.0150632
         386     0.78203    0.791239   0.0150242
         387    0.781958    0.791215   0.0149854
         388    0.781928    0.791191   0.0149468
         389    0.781945    0.791167   0.0149084
         390    0.782014    0.791144   0.0148702
         391    0.782137    0.791121   0.0148322
         392    0.782319    0.791098   0.0147944
         393    0.782563    0.791077   0.0147567
         394    0.782871    0.791056   0.0147193
         395    0.783247    0.791036    0.014682
         396    0.783692    0.791017    0.014645
         397    0.784209       0.791   0.0146081
         398    0.784797    0.790985   0.0145714
         399    0.785459    0.790971   0.0145349
         400    0.786194    0.790959   0.0144986
         401    0.787003    0.790949   0.0144624
         402    0.787887    0.790941   0.0144264
         403    0.788843    0.790936   0.0143906
         404    0.789872    0.790934    0.014355
         405     0.79097    0.790934   0.0143196
         406    0.792135    0.790937   0.0142843
         407    0.793367    0.790943   0.0142492
         408    0.794662    0.790952   0.0142143
         409    0.796019    0.790964   0.0141795
         410    0.797434     0.79098    0.014145
         411    0.798904    0.790999   0.0141106
         412    0.800424    0.791022   0.0140763
         413    0.801991    0.791049   0.0140423
         414      0.8036    0.791079   0.0140084
         415    0.805247    0.791113   0.0139747
         416     0.80693    0.791151   0.0139411
         417    0.808644    0.791193   0.0139078
         418    0.810386    0.791239   0.0138746
         419     0.81215    0.791289   0.0138415
         420    0.813933    0.791343   0.0138087
         421     0.81573    0.791401    0.013776
         422    0.817537    0.791463   0.0137435
         423    0.819351    0.791529   0.0137112
         424    0.821166    0.791598    0.013679
         425    0.822981    0.791672    0.013647
         426     0.82479     0.79175   0.0136152
         427    0.826591    0.791832   0.0135836
         428    0.828379    0.791917   0.0135521
         429    0.830152    0.792006   0.0135208
         430    0.831907    0.792099   0.0134897
         431    0.833641    0.792195   0.0134587
         432    0.835352    0.792295   0.0134279
         433    0.837037    0.792399   0.0133973
         434    0.838694    0.792505   0.0133669
         435     0.84032    0.792615   0.0133366
         436    0.841912    0.792728   0.0133065
         437     0.84347    0.792844   0.0132766
         438    0.844993    0.792963   0.0132468
         439    0.846477    0.793085   0.0132172
         440    0.847923     0.79321   0.0131877
         441    0.849329    0.793337   0.0131584
         442    0.850694    0.793467   0.0131293
         443    0.852016    0.793599   0.0131003
         444    0.853294    0.793734   0.0130715
         445    0.854527     0.79387   0.0130428
         446    0.855716    0.794009   0.0130143
         447    0.856859    0.794149    0.012986
         448    0.857957    0.794292   0.0129578
         449    0.859007    0.794436   0.0129297
         450     0.86001    0.794582   0.0129018
         451    0.860966    0.794729    0.012874
         452    0.861874    0.794877   0.0128464
         453    0.862734    0.795027   0.0128189
         454    0.863547    0.795178   0.0127916
         455    0.864311     0.79533   0.0127644
         456    0.865027    0.795483   0.0127373
         457    0.865694    0.795637   0.0127104
         458    0.866311    0.795791   0.0126835
         459    0.866881    0.795946   0.0126569
         460    0.867402    0.796101   0.0126303
         461    0.867874    0.796257   0.0126039
         462    0.868299    0.796413   0.0125775
         463    0.868675    0.796569   0.0125513
         464    0.869003    0.796725   0.0125253
         465    0.869281    0.796881   0.0124993
         466    0.869511    0.797037   0.0124734
         467    0.869693    0.797192   0.0124477
         468    0.869826    0.797348   0.0124221
         469    0.869911    0.797502   0.0123966
         470    0.869948    0.797656   0.0123711
         471    0.869936     0.79781   0.0123458
         472    0.869877    0.797963   0.0123206
         473    0.869772    0.798114   0.0122955
         474    0.869619    0.798265   0.0122705
         475    0.869421    0.798415   0.0122456
         476    0.869177    0.798564   0.0122207
         477    0.868888    0.798711    0.012196
         478    0.868552    0.798857   0.0121714
         479    0.868172    0.799002   0.0121468
         480    0.867747    0.799145   0.0121224
         481    0.867278    0.799287    0.012098
         482    0.866767    0.799427   0.0120737
         483    0.866212    0.799565   0.0120495
         484    0.865616    0.799702   0.0120254
         485    0.864979    0.799836   0.0120013
         486    0.864302    0.799969   0.0119774
         487    0.863587    0.800099   0.0119535
         488    0.862834    0.800228   0.0119297
         489    0.862046    0.800354   0.0119059
         490    0.861223    0.800479   0.0118823
         491    0.860366    0.800601   0.0118587
         492    0.859479     0.80072   0.0118352
         493    0.858563    0.800838   0.0118118
         494     0.85762    0.800953   0.0117884
         495     0.85665    0.801065   0.0117652
         496    0.855657    0.801175    0.011742
         497    0.854643    0.801283   0.0117188
         498    0.853612    0.801388   0.0116958
         499    0.852564     0.80149   0.0116728
         500    0.851501     0.80159   0.0116499
         501    0.850426    0.801688    0.011627
         502    0.849343    0.801783   0.0116042
         503    0.848254    0.801875   0.0115815
         504    0.847161    0.801965   0.0115589
         505    0.846067    0.802052   0.0115364
         506    0.844975    0.802137   0.0115139
         507    0.843889     0.80222   0.0114915
         508    0.842814    0.802299   0.0114691
         509    0.841752    0.802377   0.0114468
         510    0.840705    0.802452   0.0114246
         511    0.839675    0.802525   0.0114025
         512    0.838668    0.802596   0.0113805
         513    0.837685    0.802664   0.0113585
         514     0.83673     0.80273   0.0113366
         515    0.835806    0.802794   0.0113147
         516    0.834915    0.802857    0.011293
         517    0.834062    0.802917   0.0112713
         518    0.833248    0.802976   0.0112497
         519    0.832478    0.803032   0.0112282
         520    0.831753    0.803088   0.0112067
         521    0.831077    0.803141   0.0111853
         522    0.830452    0.803194    0.011164
         523    0.829881    0.803245   0.0111428
         524    0.829364    0.803295   0.0111216
         525    0.828906    0.803343   0.0111006
         526    0.828506    0.803391   0.0110796
         527    0.828169    0.803438   0.0110586
         528    0.827896    0.803485   0.0110378
         529    0.827688     0.80353    0.011017
         530    0.827547    0.803576   0.0109963
         531    0.827473    0.803621   0.0109757
         532    0.827469    0.803665   0.0109552
         533    0.827535     0.80371   0.0109347
         534    0.827671    0.803755   0.0109143
         535    0.827879      0.8038    0.010894
         536    0.828158    0.803846   0.0108738
         537     0.82851    0.803892   0.0108536
         538    0.828933    0.803938   0.0108336
         539    0.829427    0.803985   0.0108136
         540    0.829993    0.804034   0.0107937
         541     0.83063    0.804083   0.0107738
         542    0.831337    0.804133   0.0107541
         543    0.832113    0.804185   0.0107344
         544    0.832957    0.804237   0.0107148
         545    0.833867    0.804292   0.0106952
         546    0.834843    0.804348   0.0106758
         547    0.835882    0.804405   0.0106564
         548    0.836983    0.804465   0.0106372
         549    0.838144    0.804526    0.010618
         550    0.839362     0.80459   0.0105988
         551    0.840637    0.804655   0.0105798
         552    0.841965    0.804723   0.0105609
         553    0.843345    0.804792    0.010542
         554    0.844774    0.804865   0.0105232
         555     0.84625    0.804939   0.0105045
         556    0.847772    0.805016   0.0104859
         557    0.849334    0.805096   0.0104674
         558    0.850935    0.805178   0.0104489
         559     0.85257    0.805263   0.0104306
         560    0.854238     0.80535   0.0104123
         561    0.855936     0.80544   0.0103942
         562    0.857661    0.805533   0.0103761
         563    0.859411    0.805629   0.0103581
         564    0.861183    0.805727   0.0103402
         565    0.862972    0.805829   0.0103224
         566    0.864777    0.805933   0.0103047
         567    0.866594     0.80604   0.0102871
         568    0.868422     0.80615   0.0102695
         569    0.870256    0.806262   0.0102521
         570    0.872096    0.806378   0.0102348
         571    0.873939    0.806496   0.0102175
         572     0.87578    0.806617   0.0102004
         573    0.877618    0.806741   0.0101833
         574     0.87945    0.806868   0.0101664
         575    0.881274    0.806997   0.0101495
         576    0.883088    0.807129   0.0101328
         577     0.88489    0.807264   0.0101161
         578    0.886676    0.807402   0.0100995
         579    0.888445    0.807542   0.0100831
         580    0.890197    0.807684   0.0100667
         581    0.891929    0.807829   0.0100504
         582    0.893638    0.807976   0.0100342
         583    0.895324    0.808126   0.0100181
         584    0.896986    0.808278   0.0100021
         585     0.89862    0.808433  0.00998622
         586    0.900226     0.80859  0.00997041
         587    0.901801    0.808748  0.00995469
         588    0.903347    0.808909  0.00993906
         589    0.904863    0.809072  0.00992352
         590    0.906345    0.809237  0.00990807
         591    0.907794    0.809404  0.00989271
         592    0.909209    0.809572  0.00987743
         593    0.910589    0.809743  0.00986224
         594    0.911933    0.809915  0.00984714
         595    0.913241    0.810088  0.00983212
         596    0.914513    0.810264  0.00981719
         597    0.915747     0.81044  0.00980233
         598    0.916943    0.810618  0.00978756
         599    0.918101    0.810798  0.00977286
         600    0.919221    0.810979  0.00975824
         601    0.920302     0.81116   0.0097437
         602    0.921346    0.811343  0.00972924
         603    0.922353    0.811528  0.00971484
         604    0.923321    0.811713  0.00970052
         605     0.92425    0.811899  0.00968627
         606    0.925142    0.812086  0.00967209
         607    0.925997    0.812273  0.00965798
         608    0.926815    0.812462  0.00964393
         609    0.927595    0.812651  0.00962995
         610     0.92834     0.81284  0.00961603
         611    0.929048     0.81303  0.00960217
         612    0.929721    0.813221  0.00958837
         613    0.930357    0.813412  0.00957463
         614    0.930958    0.813604  0.00956095
         615    0.931524    0.813795  0.00954733
         616    0.932055    0.813987  0.00953376
         617    0.932551     0.81418  0.00952025
         618    0.933014    0.814372  0.00950678
         619    0.933442    0.814564  0.00949337
         620    0.933837    0.814757  0.00948001
         621    0.934199    0.814949  0.00946669
         622    0.934528    0.815141  0.00945342
         623    0.934822    0.815333   0.0094402
         624    0.935083    0.815525  0.00942702
         625    0.935311    0.815717  0.00941389
         626    0.935506    0.815908   0.0094008
         627    0.935669    0.816099  0.00938774
         628      0.9358     0.81629  0.00937473
         629    0.935899     0.81648  0.00936175
         630    0.935967     0.81667  0.00934881
         631    0.936003    0.816859  0.00933591
         632    0.936006    0.817047  0.00932304
         633    0.935978    0.817235  0.00931021
         634    0.935917    0.817422   0.0092974
         635    0.935824    0.817609  0.00928463
         636    0.935699    0.817794  0.00927189
         637    0.935542    0.817979  0.00925918
         638    0.935354    0.818163  0.00924649
         639    0.935134    0.818346  0.00923383
         640    0.934882    0.818528   0.0092212
         641    0.934599     0.81871  0.00920859
         642    0.934285     0.81889  0.00919601
         643     0.93394    0.819068  0.00918345
         644    0.933563    0.819246  0.00917091
         645    0.933152    0.819423  0.00915839
         646    0.932708    0.819598  0.00914589
         647     0.93223    0.819772  0.00913341
         648    0.931719    0.819945  0.00912095
         649    0.931175    0.820116  0.00910851
         650    0.930598    0.820286  0.00909608
         651    0.929987    0.820455  0.00908367
         652    0.929342    0.820622  0.00907127
         653    0.928664    0.820787  0.00905889
         654    0.927952    0.820951  0.00904652
         655    0.927206    0.821113  0.00903416
         656    0.926426    0.821274  0.00902182
         657    0.925612    0.821433  0.00900948
         658    0.924763     0.82159  0.00899716
         659     0.92388    0.821745  0.00898484
         660    0.922964    0.821898  0.00897254
         661    0.922013     0.82205  0.00896024
         662    0.921029    0.822199  0.00894796
         663     0.92001    0.822347  0.00893568
         664    0.918958    0.822492   0.0089234
         665    0.917875    0.822636  0.00891114
         666    0.916758    0.822777  0.00889888
         667     0.91561    0.822916  0.00888662
         668    0.914429    0.823053  0.00887438
         669    0.913218    0.823188  0.00886213
         670    0.911977    0.823321   0.0088499
         671    0.910707    0.823451  0.00883767
         672    0.909409    0.823579  0.00882544
         673    0.908083    0.823704  0.00881322
         674    0.906732    0.823828  0.00880101
         675    0.905358    0.823948   0.0087888
         676    0.903961    0.824067  0.00877659
         677    0.902541    0.824183  0.00876439
         678    0.901101    0.824296   0.0087522
         679    0.899642    0.824407  0.00874001
         680    0.898165    0.824516  0.00872783
         681    0.896673    0.824621  0.00871566
         682    0.895165    0.824725   0.0087035
         683    0.893645    0.824826  0.00869134
         684    0.892114    0.824924  0.00867919
         685    0.890574     0.82502  0.00866705
         686    0.889028    0.825113  0.00865491
         687    0.887478    0.825204  0.00864279
         688    0.885925    0.825292  0.00863068
         689    0.884372    0.825378  0.00861858
         690    0.882821    0.825461  0.00860649
         691    0.881273    0.825542  0.00859442
         692     0.87973     0.82562  0.00858235
         693    0.878193    0.825696   0.0085703
         694    0.876665     0.82577  0.00855827
         695    0.875147    0.825841  0.00854625
         696    0.873644    0.825909  0.00853425
         697    0.872155    0.825976  0.00852226
         698    0.870682     0.82604  0.00851029
         699    0.869226    0.826102  0.00849834
         700    0.867788    0.826161  0.00848641
         701     0.86637    0.826219   0.0084745
         702    0.864974    0.826274   0.0084626
         703    0.863599    0.826327  0.00845073
         704    0.862247    0.826378  0.00843888
         705    0.860918    0.826427  0.00842706
         706    0.859615    0.826474  0.00841525
         707    0.858338    0.826519  0.00840347
         708    0.857086    0.826562  0.00839171
         709    0.855861    0.826603  0.00837998
         710    0.854662    0.826643  0.00836827
         711     0.85349    0.826681  0.00835658
         712    0.852345    0.826717  0.00834492
         713    0.851225    0.826751  0.00833329
         714     0.85013    0.826784  0.00832168
         715     0.84906    0.826815   0.0083101
         716    0.848014    0.826845  0.00829855
         717    0.846991    0.826873  0.00828702
         718    0.845989    0.826899  0.00827552
         719    0.845009    0.826925  0.00826405
         720    0.844049    0.826948  0.00825261
         721    0.843109    0.826971  0.00824119
         722    0.842186    0.826992  0.00822981
         723    0.841281    0.827012  0.00821845
         724    0.840391     0.82703  0.00820712
         725    0.839515    0.827047  0.00819581
         726    0.838653    0.827063  0.00818454
         727    0.837799    0.827078   0.0081733
         728    0.836955    0.827092  0.00816208
         729    0.836116    0.827104  0.00815089
         730    0.835284    0.827115  0.00813973
         731    0.834455    0.827125  0.00812861
         732    0.833628    0.827134  0.00811751
         733      0.8328    0.827142  0.00810644
         734    0.831971    0.827148  0.00809539
         735    0.831138    0.827154  0.00808438
         736    0.830301    0.827158   0.0080734
         737    0.829457    0.827161  0.00806244
         738    0.828605    0.827163  0.00805152
         739    0.827743    0.827164  0.00804062
         740    0.826869    0.827164  0.00802976
         741    0.825983    0.827162  0.00801892
         742    0.825084    0.827159  0.00800812
         743     0.82417    0.827155  0.00799734
         744    0.823238     0.82715  0.00798659
         745    0.822288    0.827143  0.00797587
         746    0.821319    0.827136  0.00796519
         747    0.820331    0.827126  0.00795453
         748    0.819322    0.827116   0.0079439
         749    0.818292    0.827104   0.0079333
         750    0.817239    0.827091  0.00792274
         751    0.816162    0.827077   0.0079122
         752    0.815062    0.827061   0.0079017
         753    0.813938    0.827043  0.00789122
         754     0.81279    0.827024  0.00788078
         755    0.811617    0.827004  0.00787037
         756    0.810419    0.826982  0.00785999
         757    0.809197    0.826958  0.00784964
         758    0.807952    0.826933  0.00783932
         759    0.806681    0.826907  0.00782904
         760    0.805385    0.826878  0.00781879
         761    0.804065    0.826848  0.00780857
         762    0.802719    0.826817  0.00779839
         763     0.80135    0.826783  0.00778824
         764    0.799957    0.826748  0.00777813
         765    0.798541    0.826711  0.00776805
         766    0.797103    0.826673    0.007758
         767    0.795643    0.826632  0.00774799
         768    0.794163     0.82659  0.00773802
         769    0.792663    0.826546  0.00772808
         770    0.791144      0.8265  0.00771818
         771    0.789607    0.826452  0.00770832
         772    0.788054    0.826402  0.00769849
         773    0.786485    0.826351  0.00768871
         774    0.784903    0.826297  0.00767896
         775    0.783309    0.826242  0.00766925
         776    0.781704    0.826184  0.00765959
         777     0.78009    0.826125  0.00764996
         778     0.77847    0.826064  0.00764037
         779    0.776845       0.826  0.00763082
         780    0.775216    0.825935  0.00762132
         781    0.773586    0.825868  0.00761185
         782    0.771956    0.825799  0.00760243
         783    0.770329    0.825729  0.00759305
         784    0.768705    0.825656  0.00758372
         785    0.767087    0.825581  0.00757442
         786    0.765476    0.825505  0.00756517
         787    0.763875    0.825426  0.00755596
         788    0.762286    0.825346   0.0075468
         789    0.760711    0.825264  0.00753768
         790    0.759152    0.825181   0.0075286
         791    0.757612    0.825095  0.00751957
         792    0.756093    0.825008  0.00751058
         793    0.754596    0.824919  0.00750163
         794    0.753124    0.824829  0.00749273
         795    0.751679    0.824737  0.00748387
         796    0.750263    0.824643  0.00747505
         797    0.748878    0.824548  0.00746628
         798    0.747527    0.824452  0.00745755
         799    0.746212    0.824354  0.00744886
         800    0.744934    0.824255  0.00744021
         801    0.743697    0.824154   0.0074316
         802    0.742502    0.824052  0.00742303
         803    0.741351    0.823949   0.0074145
         804    0.740244    0.823845  0.00740601
         805    0.739185     0.82374  0.00739755
         806    0.738175    0.823634  0.00738914
         807    0.737217    0.823527  0.00738076
         808    0.736311    0.823419  0.00737241
         809    0.735459     0.82331   0.0073641
         810    0.734663    0.823201  0.00735582
         811    0.733925     0.82309  0.00734758
         812    0.733245     0.82298  0.00733936
         813    0.732627    0.822869  0.00733117
         814    0.732071    0.822757  0.00732302
         815    0.731581    0.822645  0.00731489
         816    0.731156    0.822533  0.00730678
         817    0.730796    0.822421   0.0072987
         818    0.730503    0.822309  0.00729064
         819    0.730276    0.822196  0.00728261
         820    0.730118    0.822084  0.00727459
         821    0.730028    0.821972  0.00726659
         822    0.730008     0.82186  0.00725862
         823    0.730058    0.821748  0.00725065
         824    0.730179    0.821637  0.00724271
         825     0.73037    0.821527  0.00723477
         826    0.730631    0.821416  0.00722685
         827    0.730962    0.821307  0.00721894
         828    0.731364    0.821198  0.00721104
         829    0.731836    0.821091  0.00720314
         830    0.732377    0.820984  0.00719526
         831    0.732988    0.820878  0.00718738
         832    0.733668    0.820773   0.0071795
         833    0.734414    0.820669  0.00717163
         834    0.735228    0.820567  0.00716377
         835    0.736108    0.820466   0.0071559
         836    0.737052    0.820366  0.00714804
         837     0.73806    0.820268  0.00714017
         838    0.739129    0.820171  0.00713231
         839    0.740259    0.820076  0.00712444
         840    0.741448    0.819982  0.00711658
         841    0.742694     0.81989  0.00710871
         842    0.743994      0.8198  0.00710084
         843    0.745346    0.819712  0.00709296
         844    0.746747    0.819625  0.00708509
         845    0.748195    0.819541  0.00707721
         846    0.749689    0.819458  0.00706932
         847    0.751225    0.819378  0.00706144
         848    0.752801    0.819299  0.00705354
         849    0.754414    0.819223  0.00704565
         850    0.756061    0.819148  0.00703775
         851    0.757738    0.819076  0.00702985
         852    0.759443    0.819006  0.00702195
         853    0.761172    0.818938  0.00701405
         854    0.762923    0.818873  0.00700614
         855    0.764693    0.818809  0.00699823
         856     0.76648    0.818748  0.00699032
         857    0.768277    0.818689  0.00698241
         858    0.770084    0.818633  0.00697451
         859    0.771896    0.818578   0.0069666
         860    0.773711    0.818526  0.00695869
         861    0.775525    0.818476  0.00695079
         862    0.777334    0.818428  0.00694289
         863    0.779137    0.818383    0.006935
         864    0.780929     0.81834   0.0069271
         865    0.782709    0.818298  0.00691922
         866    0.784474    0.818259  0.00691134
         867    0.786221    0.818222  0.00690347
         868    0.787947    0.818188   0.0068956
         869    0.789651    0.818155  0.00688774
         870    0.791331    0.818124   0.0068799
         871    0.792984    0.818095  0.00687206
         872    0.794607    0.818068  0.00686423
         873      0.7962    0.818043  0.00685641
         874    0.797759     0.81802  0.00684861
         875    0.799285    0.817998  0.00684081
         876    0.800776    0.817979  0.00683303
         877    0.802228    0.817961  0.00682526
         878    0.803642    0.817944  0.00681751
         879    0.805015     0.81793  0.00680977
         880    0.806348    0.817917  0.00680204
         881     0.80764    0.817905  0.00679433
         882    0.808888    0.817895  0.00678664
         883    0.810092    0.817886  0.00677896
         884    0.811252    0.817878  0.00677129
         885    0.812367    0.817872  0.00676365
         886    0.813437    0.817867  0.00675601
         887    0.814462    0.817863   0.0067484
         888    0.815443    0.817861   0.0067408
         889    0.816378    0.817859  0.00673322
         890    0.817267    0.817858  0.00672565
         891     0.81811    0.817859   0.0067181
         892    0.818907     0.81786  0.00671057
         893    0.819657    0.817862  0.00670306
         894    0.820362    0.817865  0.00669556
         895    0.821021    0.817868  0.00668808
         896    0.821634    0.817872  0.00668062
         897    0.822201    0.817877  0.00667317
         898    0.822724    0.817882  0.00666574
         899    0.823204    0.817888  0.00665833
         900     0.82364    0.817895  0.00665093
         901    0.824033    0.817902  0.00664356
         902    0.824382    0.817909   0.0066362
         903     0.82469    0.817916  0.00662885
         904    0.824955    0.817924  0.00662152
         905    0.825179    0.817932  0.00661421
         906    0.825362     0.81794  0.00660691
         907    0.825505    0.817949  0.00659964
         908    0.825609    0.817957  0.00659237
         909    0.825675    0.817966  0.00658513
         910    0.825704    0.817974   0.0065779
         911    0.825696    0.817983  0.00657068
         912    0.825651    0.817991  0.00656348
         913    0.825572    0.817999   0.0065563
         914    0.825458    0.818007  0.00654913
         915     0.82531    0.818015  0.00654198
         916    0.825131    0.818023  0.00653484
         917    0.824922    0.818031  0.00652772
         918    0.824683    0.818038  0.00652061
         919    0.824415    0.818045  0.00651352
         920    0.824118    0.818051  0.00650644
         921    0.823795    0.818058  0.00649938
         922    0.823446    0.818064  0.00649233
         923    0.823073    0.818069   0.0064853
         924    0.822677    0.818074  0.00647829
         925     0.82226    0.818078  0.00647128
         926    0.821821    0.818083   0.0064643
         927    0.821363    0.818086  0.00645732
         928    0.820887    0.818089  0.00645037
         929    0.820395    0.818092  0.00644342
         930    0.819888    0.818093   0.0064365
         931    0.819366    0.818095  0.00642958
         932    0.818832    0.818096  0.00642268
         933    0.818286    0.818096   0.0064158
         934     0.81773    0.818095  0.00640893
         935    0.817164    0.818094  0.00640208
         936     0.81659    0.818093  0.00639524
         937     0.81601    0.818091  0.00638841
         938    0.815424    0.818088   0.0063816
         939    0.814836    0.818084  0.00637481
         940    0.814246     0.81808  0.00636803
         941    0.813654    0.818076  0.00636126
         942    0.813062     0.81807  0.00635451
         943    0.812471    0.818064  0.00634777
         944    0.811881    0.818058  0.00634105
         945    0.811294    0.818051  0.00633435
         946    0.810711    0.818043  0.00632766
         947    0.810134    0.818034  0.00632098
         948    0.809562    0.818026  0.00631432
         949    0.808997    0.818016  0.00630767
         950     0.80844    0.818006  0.00630104
         951    0.807891    0.817995  0.00629442
         952     0.80735    0.817984  0.00628782
         953    0.806819    0.817972  0.00628123
         954    0.806299     0.81796  0.00627466
         955    0.805788    0.817947   0.0062681
         956    0.805288    0.817934  0.00626156
         957    0.804798     0.81792  0.00625503
         958    0.804318    0.817906  0.00624852
         959    0.803848    0.817892  0.00624202
         960     0.80339    0.817876  0.00623554
         961    0.802943    0.817861  0.00622907
         962     0.80251    0.817845  0.00622261
         963    0.802088    0.817829  0.00621617
         964    0.801677    0.817812  0.00620975
         965    0.801276    0.817795  0.00620334
         966    0.800886    0.817777  0.00619694
         967    0.800507    0.817759  0.00619056
         968    0.800139    0.817741  0.00618419
         969    0.799781    0.817723  0.00617784
         970    0.799432    0.817704  0.00617149
         971    0.799095    0.817685  0.00616517
         972    0.798767    0.817665  0.00615886
         973     0.79845    0.817645  0.00615256
         974    0.798141    0.817625  0.00614627
         975    0.797842    0.817605     0.00614
         976    0.797551    0.817585  0.00613375
         977    0.797268    0.817564   0.0061275
         978    0.796994    0.817543  0.00612128
         979    0.796727    0.817521  0.00611506
         980    0.796468      0.8175  0.00610886
         981    0.796217    0.817478  0.00610267
         982    0.795972    0.817456  0.00609649
         983    0.795734    0.817434  0.00609033
         984    0.795504    0.817412  0.00608418
         985    0.795282     0.81739  0.00607805
         986    0.795066    0.817367  0.00607193
         987    0.794858    0.817344  0.00606582
         988    0.794657    0.817321  0.00605972
         989    0.794463    0.817298  0.00605364
         990    0.794277    0.817275  0.00604757
         991    0.794098    0.817251  0.00604151
         992    0.793927    0.817228  0.00603547
         993    0.793764    0.817204  0.00602943
         994     0.79361     0.81718  0.00602341
         995    0.793465    0.817157  0.00601741
         996    0.793329    0.817133  0.00601141
         997    0.793201    0.817109  0.00600543
         998    0.793084    0.817085  0.00599946
         999    0.792977    0.817061  0.00599351
        1000    0.792882    0.817036  0.00598756
        1001    0.792798    0.817012  0.00598163
        1002    0.792725    0.816988  0.00597571
        1003    0.792665    0.816964   0.0059698
        1004    0.792618    0.816939   0.0059639
        1005    0.792585    0.816915  0.00595802
        1006    0.792567    0.816891  0.00595214
        1007    0.792564    0.816867  0.00594628
        1008    0.792578    0.816843  0.00594043
        1009    0.792608    0.816819  0.00593459
        1010    0.792655    0.816795  0.00592877
        1011    0.792721    0.816771  0.00592295
        1012    0.792807    0.816747  0.00591714
        1013    0.792914    0.816724  0.00591135
        1014    0.793041      0.8167  0.00590557
        1015     0.79319    0.816677  0.00589979
        1016    0.793361    0.816654  0.00589403
        1017    0.793556    0.816632  0.00588828
        1018    0.793775    0.816609  0.00588254
        1019    0.794021    0.816587  0.00587681
        1020    0.794292    0.816565  0.00587109
        1021    0.794592    0.816544  0.00586538
        1022    0.794919    0.816522  0.00585967
        1023    0.795275    0.816502  0.00585398
        1024    0.795658    0.816481   0.0058483
        1025    0.796069    0.816461  0.00584263
        1026     0.79651    0.816442  0.00583697
        1027    0.796981    0.816423  0.00583132
        1028    0.797482    0.816405  0.00582567
        1029    0.798013    0.816387  0.00582004
        1030    0.798575    0.816369  0.00581441
        1031    0.799165    0.816353   0.0058088
        1032    0.799785    0.816337  0.00580319
        1033    0.800434    0.816321  0.00579759
        1034     0.80111    0.816307  0.00579201
        1035    0.801814    0.816293  0.00578643
        1036    0.802543    0.816279  0.00578086
        1037    0.803297    0.816267  0.00577529
        1038    0.804076    0.816255  0.00576974
        1039    0.804878    0.816244   0.0057642
        1040    0.805703    0.816234  0.00575867
        1041    0.806547    0.816225  0.00575314
        1042     0.80741    0.816216  0.00574763
        1043    0.808292    0.816209  0.00574212
        1044    0.809189    0.816202  0.00573663
        1045    0.810099    0.816196  0.00573114
        1046    0.811021    0.816191  0.00572566
        1047    0.811951    0.816187  0.00572019
        1048    0.812888    0.816184  0.00571474
        1049    0.813831    0.816182  0.00570929
        1050    0.814775     0.81618  0.00570385
        1051    0.815719     0.81618  0.00569843
        1052    0.816662     0.81618  0.00569301
        1053    0.817601    0.816182   0.0056876
        1054    0.818532    0.816184  0.00568221
        1055    0.819452    0.816187  0.00567682
        1056    0.820361    0.816191  0.00567145
        1057    0.821254    0.816196  0.00566608
        1058    0.822128    0.816201  0.00566073
        1059    0.822983    0.816208  0.00565539
        1060    0.823816    0.816215  0.00565006
        1061    0.824624    0.816223  0.00564474
        1062    0.825406    0.816231  0.00563943
        1063    0.826159    0.816241  0.00563413
        1064    0.826881    0.816251  0.00562885
        1065     0.82757    0.816261  0.00562357
        1066    0.828225    0.816273  0.00561831
        1067    0.828844    0.816284  0.00561305
        1068    0.829423    0.816297  0.00560781
        1069    0.829962     0.81631  0.00560258
        1070    0.830458    0.816323  0.00559736
        1071     0.83091    0.816336  0.00559215
        1072    0.831317     0.81635  0.00558695
        1073    0.831678    0.816365  0.00558176
        1074    0.831991    0.816379  0.00557658
        1075    0.832255    0.816394  0.00557142
        1076     0.83247    0.816409  0.00556626
        1077    0.832634    0.816424  0.00556111
        1078    0.832747    0.816439  0.00555597
        1079    0.832808    0.816454  0.00555084
        1080    0.832816    0.816469  0.00554572
        1081     0.83277    0.816484  0.00554062
        1082    0.832671    0.816499  0.00553551
        1083    0.832518    0.816514  0.00553042
        1084    0.832311    0.816529  0.00552534
        1085     0.83205    0.816543  0.00552027
        1086    0.831735    0.816557   0.0055152
        1087    0.831366    0.816571  0.00551014
        1088    0.830944    0.816584   0.0055051
        1089    0.830469    0.816597  0.00550006
        1090     0.82994    0.816609  0.00549502
        1091    0.829358    0.816621     0.00549
        1092    0.828723    0.816632  0.00548498
        1093    0.828035    0.816642  0.00547997
        1094    0.827296    0.816652  0.00547497
        1095    0.826507    0.816661  0.00546998
        1096    0.825668    0.816669    0.005465
        1097    0.824782    0.816676  0.00546002
        1098    0.823848    0.816683  0.00545505
        1099     0.82287    0.816689  0.00545009
        1100    0.821847    0.816693  0.00544514
        1101     0.82078    0.816697  0.00544019
        1102     0.81967      0.8167  0.00543526
        1103     0.81852    0.816701  0.00543033
        1104    0.817331    0.816702  0.00542541
        1105    0.816103    0.816701   0.0054205
        1106    0.814839      0.8167   0.0054156
        1107    0.813542    0.816697  0.00541071
        1108    0.812212    0.816693  0.00540583
        1109    0.810852    0.816688  0.00540096
        1110    0.809464    0.816681  0.00539609
        1111    0.808051    0.816673  0.00539124
        1112    0.806614    0.816664   0.0053864
        1113    0.805155    0.816654  0.00538157
        1114    0.803676    0.816642  0.00537675
        1115    0.802182    0.816629  0.00537195
        1116    0.800673    0.816615  0.00536715
        1117    0.799152    0.816599  0.00536237
        1118    0.797621    0.816582   0.0053576
        1119    0.796084    0.816564  0.00535284
        1120    0.794542    0.816544   0.0053481
        1121    0.792998    0.816523  0.00534337
        1122    0.791456    0.816501  0.00533866
        1123    0.789917    0.816477  0.00533395
        1124    0.788386    0.816452  0.00532927
        1125    0.786864    0.816426  0.00532459
        1126    0.785355    0.816398  0.00531994
        1127    0.783862     0.81637   0.0053153
        1128    0.782387    0.816339  0.00531067
        1129    0.780935    0.816308  0.00530606
        1130    0.779508    0.816276  0.00530146
        1131    0.778109    0.816242  0.00529688
        1132     0.77674    0.816207  0.00529232
        1133    0.775406    0.816171  0.00528777
        1134    0.774108    0.816134  0.00528324
        1135     0.77285    0.816096  0.00527872
        1136    0.771633    0.816057  0.00527422
        1137    0.770462    0.816016  0.00526973
        1138    0.769339    0.815975  0.00526526
        1139    0.768267    0.815934   0.0052608
        1140    0.767249    0.815891  0.00525636
        1141    0.766287    0.815847  0.00525194
        1142    0.765383    0.815803  0.00524752
        1143     0.76454    0.815758  0.00524312
        1144    0.763759    0.815713  0.00523874
        1145    0.763043    0.815667  0.00523436
        1146    0.762396     0.81562     0.00523
        1147    0.761818    0.815573  0.00522565
        1148    0.761311    0.815526  0.00522131
        1149    0.760876    0.815479  0.00521699
        1150    0.760517    0.815431  0.00521267
        1151    0.760233    0.815383  0.00520836
        1152    0.760028    0.815335  0.00520406
        1153      0.7599    0.815287  0.00519977
        1154    0.759853    0.815239  0.00519549
        1155    0.759885    0.815191  0.00519121
        1156    0.759999    0.815143  0.00518694
        1157    0.760195    0.815096  0.00518267
        1158    0.760474    0.815048  0.00517841
        1159    0.760834    0.815002  0.00517415
        1160    0.761276    0.814955   0.0051699
        1161      0.7618     0.81491  0.00516565
        1162    0.762407    0.814864   0.0051614
        1163    0.763095     0.81482  0.00515716
        1164    0.763864    0.814776  0.00515291
        1165    0.764713    0.814733  0.00514867
        1166    0.765642    0.814691  0.00514443
        1167    0.766648     0.81465  0.00514018
        1168    0.767732     0.81461  0.00513594
        1169    0.768893    0.814571  0.00513169
        1170    0.770127    0.814533  0.00512745
        1171    0.771435    0.814496   0.0051232
        1172    0.772813     0.81446  0.00511895
        1173    0.774261    0.814426   0.0051147
        1174    0.775776    0.814393  0.00511045
        1175    0.777356    0.814361   0.0051062
        1176    0.778999    0.814331  0.00510195
        1177    0.780703    0.814303  0.00509769
        1178    0.782465    0.814276  0.00509344
        1179    0.784282     0.81425  0.00508918
        1180    0.786152    0.814227  0.00508492
        1181    0.788073    0.814204  0.00508067
        1182    0.790042    0.814184  0.00507641
        1183    0.792054    0.814165  0.00507215
        1184    0.794108    0.814148   0.0050679
        1185    0.796199    0.814133  0.00506364
        1186    0.798327     0.81412  0.00505939
        1187    0.800486    0.814108  0.00505514
        1188    0.802675    0.814099   0.0050509
        1189    0.804891    0.814091  0.00504665
        1190     0.80713    0.814085  0.00504242
        1191     0.80939    0.814081  0.00503818
        1192    0.811667    0.814079  0.00503396
        1193    0.813957    0.814079  0.00502974
        1194    0.816257    0.814081  0.00502553
        1195    0.818564    0.814085  0.00502132
        1196    0.820876     0.81409  0.00501713
        1197    0.823188    0.814098  0.00501294
        1198    0.825497    0.814107  0.00500877
        1199    0.827802    0.814119   0.0050046
        1200    0.830098    0.814132  0.00500045
        1201    0.832382    0.814147  0.00499631
        1202    0.834651    0.814164  0.00499218
        1203    0.836903    0.814183  0.00498807
        1204    0.839136    0.814204  0.00498397
        1205    0.841346    0.814227  0.00497988
        1206    0.843528    0.814251  0.00497581
        1207    0.845683    0.814277  0.00497176
        1208    0.847806    0.814305  0.00496772
        1209    0.849894    0.814334   0.0049637
        1210    0.851945    0.814365  0.00495969
        1211    0.853956    0.814398   0.0049557
        1212    0.855925    0.814432  0.00495173
        1213    0.857848    0.814468  0.00494778
        1214    0.859725    0.814505  0.00494385
        1215    0.861554    0.814544  0.00493993
        1216    0.863331    0.814584  0.00493603
        1217    0.865054    0.814626  0.00493215
        1218    0.866723    0.814668  0.00492828
        1219    0.868336    0.814712  0.00492444
        1220    0.869891    0.814758  0.00492061
        1221    0.871386    0.814804   0.0049168
        1222     0.87282    0.814851    0.004913
        1223    0.874192      0.8149  0.00490922
        1224      0.8755    0.814949  0.00490546
        1225    0.876744       0.815  0.00490172
        1226    0.877921    0.815051  0.00489799
        1227    0.879031    0.815103  0.00489427
        1228    0.880073    0.815156  0.00489058
        1229    0.881049     0.81521  0.00488689
        1230    0.881956    0.815264  0.00488322
        1231    0.882796    0.815319  0.00487956
        1232    0.883568    0.815374  0.00487591
        1233    0.884273     0.81543  0.00487228
        1234     0.88491    0.815487  0.00486866
        1235    0.885481    0.815543  0.00486504
        1236    0.885984      0.8156  0.00486144
        1237    0.886422    0.815657  0.00485785
        1238    0.886794    0.815715  0.00485426
        1239    0.887102    0.815773  0.00485069
        1240    0.887346     0.81583  0.00484712
        1241    0.887529    0.815888  0.00484356
        1242    0.887651    0.815946     0.00484
        1243    0.887717    0.816004  0.00483645
        1244    0.887727    0.816061  0.00483291
        1245    0.887683    0.816119  0.00482937
        1246    0.887586    0.816176  0.00482583
        1247     0.88744    0.816233   0.0048223
        1248    0.887246     0.81629  0.00481877
        1249    0.887008    0.816347  0.00481525
        1250    0.886728    0.816403  0.00481173
        1251    0.886408    0.816459  0.00480821
        1252    0.886053    0.816515  0.00480469
        1253    0.885663     0.81657  0.00480117
        1254    0.885242    0.816625  0.00479765
        1255    0.884793    0.816679  0.00479414
        1256    0.884318    0.816733  0.00479062
        1257    0.883821    0.816786  0.00478711
        1258    0.883305    0.816839  0.00478359
        1259    0.882772    0.816891  0.00478008
        1260    0.882228    0.816943  0.00477657
        1261    0.881674    0.816995  0.00477306
        1262    0.881114    0.817045  0.00476955
        1263    0.880551    0.817096  0.00476603
        1264    0.879989    0.817145  0.00476252
        1265    0.879431    0.817195  0.00475901
        1266     0.87888    0.817243   0.0047555
        1267    0.878337    0.817292  0.00475199
        1268    0.877806    0.817339  0.00474849
        1269    0.877289    0.817387  0.00474498
        1270    0.876791    0.817433  0.00474147
        1271    0.876313     0.81748  0.00473797
        1272    0.875857    0.817526  0.00473447
        1273    0.875426    0.817571  0.00473097
        1274    0.875024    0.817616  0.00472747
        1275    0.874652    0.817661  0.00472397
        1276    0.874312    0.817705  0.00472048
        1277    0.874006    0.817749  0.00471699
        1278    0.873734    0.817793   0.0047135
        1279      0.8735    0.817837  0.00471002
        1280    0.873306     0.81788  0.00470654
        1281    0.873153    0.817923  0.00470306
        1282    0.873042    0.817966  0.00469959
        1283    0.872974    0.818009  0.00469612
        1284    0.872952    0.818052  0.00469266
        1285    0.872974    0.818095   0.0046892
        1286    0.873042    0.818137  0.00468575
        1287    0.873156     0.81818   0.0046823
        1288    0.873316    0.818223  0.00467886
        1289    0.873524    0.818266  0.00467543
        1290    0.873779    0.818309    0.004672
        1291    0.874082    0.818352  0.00466858
        1292    0.874431    0.818395  0.00466517
        1293    0.874826    0.818439  0.00466177
        1294    0.875266    0.818483  0.00465837
        1295    0.875752    0.818527  0.00465499
        1296    0.876282    0.818572  0.00465161
        1297    0.876857    0.818617  0.00464824
        1298    0.877474    0.818662  0.00464488
        1299    0.878134    0.818708  0.00464153
        1300    0.878835    0.818754  0.00463819
        1301    0.879576    0.818801  0.00463486
        1302    0.880354    0.818848  0.00463154
        1303    0.881168    0.818896  0.00462823
        1304    0.882017    0.818944  0.00462494
        1305    0.882897    0.818993  0.00462165
        1306    0.883806    0.819043  0.00461838
        1307    0.884742    0.819093  0.00461512
        1308    0.885703    0.819144  0.00461187
        1309    0.886686    0.819196  0.00460864
        1310     0.88769    0.819248  0.00460542
        1311    0.888712    0.819301  0.00460221
        1312    0.889747    0.819355  0.00459901
        1313    0.890795    0.819409  0.00459583
        1314    0.891851    0.819464  0.00459267
        1315    0.892913     0.81952  0.00458951
        1316     0.89398    0.819577  0.00458637
        1317    0.895047    0.819634  0.00458325
        1318    0.896112    0.819692  0.00458014
        1319    0.897172    0.819751  0.00457704
        1320    0.898223     0.81981  0.00457396
        1321    0.899264     0.81987   0.0045709
        1322    0.900292    0.819931  0.00456784
        1323    0.901303    0.819993   0.0045648
        1324    0.902295    0.820055  0.00456178
        1325    0.903266    0.820118  0.00455877
        1326    0.904211    0.820181  0.00455577
        1327    0.905129    0.820245  0.00455279
        1328    0.906017     0.82031  0.00454982
        1329    0.906872    0.820375  0.00454686
        1330    0.907693     0.82044  0.00454392
        1331    0.908476    0.820507  0.00454098
        1332     0.90922    0.820573  0.00453806
        1333    0.909923     0.82064  0.00453515
        1334    0.910583    0.820708  0.00453225
        1335    0.911199    0.820775  0.00452937
        1336    0.911767    0.820844  0.00452649
        1337    0.912285    0.820912  0.00452362
        1338    0.912752    0.820981  0.00452076
        1339    0.913167    0.821049  0.00451791
        1340    0.913528    0.821118  0.00451506
        1341    0.913833    0.821188  0.00451223
        1342    0.914081    0.821257  0.00450939
        1343    0.914271    0.821326  0.00450657
        1344    0.914402    0.821395  0.00450375
        1345    0.914473    0.821465  0.00450093
        1346    0.914483    0.821534  0.00449812
        1347     0.91443    0.821603  0.00449531
        1348    0.914315    0.821671   0.0044925
        1349    0.914139     0.82174  0.00448969
        1350      0.9139    0.821808  0.00448688
        1351    0.913597    0.821876  0.00448408
        1352    0.913231    0.821944  0.00448127
        1353    0.912799    0.822011  0.00447846
        1354    0.912303    0.822078  0.00447565
        1355    0.911743    0.822144  0.00447284
        1356    0.911118    0.822209  0.00447002
        1357    0.910429    0.822274   0.0044672
        1358    0.909675    0.822339  0.00446437
        1359    0.908857    0.822402  0.00446154
        1360    0.907976    0.822465   0.0044587
        1361    0.907032    0.822527  0.00445586
        1362    0.906025    0.822589  0.00445301
        1363    0.904956    0.822649  0.00445015
        1364    0.903825    0.822709  0.00444729
        1365    0.902635    0.822767  0.00444442
        1366    0.901384    0.822825  0.00444153
        1367    0.900074    0.822881  0.00443864
        1368    0.898705    0.822937  0.00443575
        1369     0.89728    0.822991  0.00443284
        1370    0.895801    0.823044  0.00442992
        1371    0.894266    0.823096  0.00442699
        1372    0.892677    0.823147  0.00442406
        1373    0.891035    0.823196  0.00442111
        1374     0.88934    0.823244  0.00441816
        1375    0.887595    0.823291  0.00441519
        1376    0.885799    0.823337  0.00441222
        1377    0.883955    0.823381  0.00440923
        1378    0.882064    0.823423  0.00440624
        1379    0.880129    0.823464  0.00440323
        1380     0.87815    0.823504  0.00440022
        1381    0.876128    0.823542   0.0043972
        1382    0.874068    0.823579  0.00439417
        1383    0.871968    0.823614  0.00439113
        1384    0.869831    0.823647  0.00438809
        1385    0.867658    0.823679  0.00438503
        1386    0.865449    0.823709  0.00438197
        1387    0.863206    0.823737  0.00437891
        1388    0.860931    0.823764  0.00437583
        1389    0.858625    0.823789  0.00437276
        1390     0.85629    0.823813  0.00436967
        1391    0.853928    0.823834  0.00436658
        1392    0.851542    0.823854  0.00436349
        1393    0.849133    0.823872   0.0043604
        1394    0.846702    0.823889   0.0043573
        1395    0.844251    0.823903   0.0043542
        1396    0.841782    0.823916   0.0043511
        1397    0.839296    0.823927    0.004348
        1398    0.836795    0.823936   0.0043449
        1399    0.834281    0.823944   0.0043418
        1400    0.831754    0.823949   0.0043387
        1401    0.829218    0.823953  0.00433561
        1402    0.826674    0.823955  0.00433252
        1403    0.824125    0.823955  0.00432943
        1404    0.821571    0.823954  0.00432635
        1405    0.819014     0.82395  0.00432327
        1406    0.816455    0.823945   0.0043202
        1407    0.813897    0.823938  0.00431713
        1408     0.81134    0.823929  0.00431407
        1409    0.808787    0.823918  0.00431103
        1410     0.80624    0.823905  0.00430799
        1411      0.8037    0.823891  0.00430496
        1412    0.801169    0.823875  0.00430194
        1413    0.798648    0.823857  0.00429893
        1414     0.79614    0.823837  0.00429594
        1415    0.793646    0.823816  0.00429295
        1416    0.791168    0.823793  0.00428998
        1417    0.788707    0.823768  0.00428703
        1418    0.786266    0.823742  0.00428408
        1419    0.783846    0.823714  0.00428116
        1420     0.78145    0.823684  0.00427825
        1421    0.779079    0.823653  0.00427535
        1422    0.776735     0.82362  0.00427247
        1423    0.774419    0.823585  0.00426961
        1424    0.772132    0.823549  0.00426676
        1425    0.769875    0.823511  0.00426394
        1426    0.767651    0.823472  0.00426113
        1427    0.765461    0.823431  0.00425833
        1428    0.763306    0.823389  0.00425556
        1429    0.761188    0.823346   0.0042528
        1430     0.75911    0.823301  0.00425007
        1431    0.757074    0.823255  0.00424735
        1432    0.755081    0.823207  0.00424465
        1433    0.753132    0.823158  0.00424197
        1434    0.751229    0.823108  0.00423931
        1435    0.749372    0.823056  0.00423667
        1436    0.747564    0.823004  0.00423404
        1437    0.745806     0.82295  0.00423144
        1438      0.7441    0.822895  0.00422885
        1439    0.742446    0.822839  0.00422628
        1440    0.740847    0.822783  0.00422373
        1441    0.739302    0.822725  0.00422119
        1442    0.737814    0.822666  0.00421868
        1443    0.736384    0.822606  0.00421618
        1444    0.735014    0.822545  0.00421369
        1445    0.733703    0.822484  0.00421123
        1446    0.732454    0.822421  0.00420877
        1447    0.731268    0.822359  0.00420634
        1448    0.730144    0.822295  0.00420391
        1449    0.729084     0.82223   0.0042015
        1450    0.728089    0.822166  0.00419911
        1451    0.727159      0.8221  0.00419673
        1452    0.726295    0.822034  0.00419435
        1453    0.725497    0.821968  0.00419199
        1454    0.724767    0.821901  0.00418964
        1455    0.724105    0.821834   0.0041873
        1456    0.723512    0.821766  0.00418497
        1457    0.722988    0.821698  0.00418265
        1458    0.722532     0.82163  0.00418033
        1459    0.722145    0.821562  0.00417802
        1460    0.721826    0.821494  0.00417572
        1461    0.721575    0.821425  0.00417342
        1462    0.721394    0.821357  0.00417113
        1463    0.721281    0.821289  0.00416884
        1464    0.721237     0.82122  0.00416655
        1465     0.72126    0.821152  0.00416427
        1466    0.721351    0.821084  0.00416198
        1467    0.721508    0.821016   0.0041597
        1468    0.721733    0.820948  0.00415741
        1469    0.722023    0.820881  0.00415513
        1470    0.722378    0.820814  0.00415284
        1471    0.722798    0.820747  0.00415055
        1472    0.723281    0.820681  0.00414826
        1473    0.723827    0.820615  0.00414597
        1474    0.724434     0.82055  0.00414367
        1475    0.725102    0.820485  0.00414136
        1476    0.725831    0.820421  0.00413905
        1477    0.726619    0.820358  0.00413674
        1478    0.727465    0.820295  0.00413442
        1479    0.728366    0.820233  0.00413209
        1480    0.729324    0.820171  0.00412975
        1481    0.730334    0.820111  0.00412741
        1482    0.731397    0.820051  0.00412506
        1483    0.732512    0.819992   0.0041227
        1484    0.733676    0.819934  0.00412033
        1485     0.73489    0.819876  0.00411796
        1486     0.73615     0.81982  0.00411557
        1487    0.737456    0.819765  0.00411318
        1488    0.738806     0.81971  0.00411077
        1489    0.740198    0.819657  0.00410836
        1490    0.741632    0.819605  0.00410593
        1491    0.743106    0.819553   0.0041035
        1492    0.744619    0.819503  0.00410106
        1493    0.746169    0.819454  0.00409861
        1494    0.747756    0.819406  0.00409614
        1495    0.749377    0.819359  0.00409367
        1496    0.751032    0.819313  0.00409119
        1497     0.75272    0.819269   0.0040887
        1498    0.754439    0.819226   0.0040862
        1499    0.756189    0.819184  0.00408369
        1500    0.757966    0.819143  0.00408117
        1501    0.759771    0.819103  0.00407864
        1502    0.761603    0.819065  0.00407611
        1503    0.763458    0.819028  0.00407356
        1504    0.765337    0.818992  0.00407101
        1505    0.767238    0.818958  0.00406845
        1506    0.769158    0.818925  0.00406588
        1507    0.771099    0.818893  0.00406331
        1508    0.773058    0.818863  0.00406073
        1509    0.775032    0.818834  0.00405814
        1510    0.777023    0.818806  0.00405555
        1511    0.779028     0.81878  0.00405295
        1512    0.781045    0.818755  0.00405035
        1513    0.783073    0.818731  0.00404774
        1514    0.785109    0.818709  0.00404512
        1515    0.787153    0.818688  0.00404251
        1516    0.789204    0.818669  0.00403989
        1517    0.791258     0.81865  0.00403727
        1518    0.793316    0.818634  0.00403464
        1519    0.795374    0.818618  0.00403201
        1520    0.797433    0.818605  0.00402939
        1521    0.799491    0.818592  0.00402676
        1522    0.801546    0.818581  0.00402413
        1523    0.803596    0.818571   0.0040215
        1524     0.80564    0.818562  0.00401887
        1525    0.807675    0.818555  0.00401624
        1526      0.8097    0.818549  0.00401361
        1527    0.811712    0.818545  0.00401098
        1528     0.81371    0.818542  0.00400836
        1529    0.815691     0.81854  0.00400574
        1530    0.817655    0.818539  0.00400312
        1531    0.819599     0.81854  0.00400051
        1532    0.821521    0.818542  0.00399789
        1533    0.823421    0.818545  0.00399529
        1534    0.825296     0.81855  0.00399269
        1535    0.827146    0.818555  0.00399009
        1536    0.828967    0.818562   0.0039875
        1537    0.830759     0.81857  0.00398491
        1538    0.832519    0.818579  0.00398233
        1539    0.834245    0.818589  0.00397976
        1540    0.835936      0.8186  0.00397719
        1541     0.83759    0.818613  0.00397462
        1542    0.839207    0.818626  0.00397207
        1543    0.840784     0.81864  0.00396952
        1544    0.842321    0.818656  0.00396698
        1545    0.843815    0.818672  0.00396445
        1546    0.845266    0.818689  0.00396192
        1547    0.846673    0.818707   0.0039594
        1548    0.848034    0.818726  0.00395689
        1549    0.849348    0.818746  0.00395438
        1550    0.850615    0.818767  0.00395188
        1551    0.851833    0.818788  0.00394939
        1552    0.853001     0.81881  0.00394691
        1553    0.854119    0.818833  0.00394443
        1554    0.855185    0.818856  0.00394197
        1555    0.856197     0.81888   0.0039395
        1556    0.857154    0.818905  0.00393705
        1557    0.858058     0.81893   0.0039346
        1558    0.858906    0.818956  0.00393216
        1559    0.859698    0.818982  0.00392972
        1560    0.860434    0.819008  0.00392729
        1561    0.861113    0.819035  0.00392487
        1562    0.861734    0.819063  0.00392245
        1563    0.862296     0.81909  0.00392004
        1564    0.862801    0.819118  0.00391763
        1565    0.863248    0.819146  0.00391523
        1566    0.863636    0.819175  0.00391284
        1567    0.863967    0.819203  0.00391044
        1568    0.864242    0.819232  0.00390805
        1569     0.86446    0.819261  0.00390567
        1570    0.864619     0.81929  0.00390329
        1571     0.86472    0.819319  0.00390091
        1572    0.864764    0.819348  0.00389854
        1573    0.864752    0.819377  0.00389617
        1574    0.864684    0.819405   0.0038938
        1575    0.864561    0.819434  0.00389143
        1576    0.864382    0.819463  0.00388907
        1577    0.864149    0.819491   0.0038867
        1578     0.86386    0.819519  0.00388434
        1579    0.863517    0.819547  0.00388198
        1580    0.863121    0.819574  0.00387962
        1581    0.862672    0.819602  0.00387726
        1582    0.862172    0.819629  0.00387491
        1583    0.861621    0.819655  0.00387255
        1584    0.861021    0.819681  0.00387019
        1585    0.860372    0.819707  0.00386784
        1586    0.859676    0.819732  0.00386548
        1587    0.858932    0.819757  0.00386312
        1588    0.858142    0.819781  0.00386077
        1589    0.857308    0.819805  0.00385841
        1590     0.85643    0.819828  0.00385605
        1591     0.85551     0.81985  0.00385369
        1592    0.854552    0.819872  0.00385133
        1593    0.853555    0.819893  0.00384897
        1594    0.852522    0.819913  0.00384661
        1595    0.851454    0.819933  0.00384425
        1596    0.850351    0.819952  0.00384189
        1597    0.849216    0.819971  0.00383953
        1598    0.848049    0.819988  0.00383717
        1599    0.846852    0.820005   0.0038348
        1600    0.845627    0.820021  0.00383244
        1601    0.844375    0.820036  0.00383008
        1602    0.843099    0.820051  0.00382771
        1603    0.841801    0.820064  0.00382535
        1604    0.840482    0.820077  0.00382298
        1605    0.839143    0.820089  0.00382062
        1606    0.837788      0.8201  0.00381826
        1607    0.836418     0.82011   0.0038159
        1608    0.835035    0.820119  0.00381353
        1609    0.833641    0.820128  0.00381117
        1610    0.832238    0.820135  0.00380881
        1611     0.83083    0.820142  0.00380645
        1612    0.829418    0.820148   0.0038041
        1613    0.828002    0.820152  0.00380174
        1614    0.826587    0.820156  0.00379939
        1615    0.825174     0.82016  0.00379704
        1616    0.823765    0.820162  0.00379469
        1617    0.822364    0.820163  0.00379234
        1618    0.820972    0.820164     0.00379
        1619     0.81959    0.820163  0.00378766
        1620    0.818221    0.820162  0.00378532
        1621    0.816866     0.82016  0.00378299
        1622    0.815527    0.820157  0.00378065
        1623    0.814205    0.820154  0.00377833
        1624    0.812904    0.820149    0.003776
        1625    0.811625    0.820144  0.00377368
        1626     0.81037    0.820138  0.00377137
        1627     0.80914    0.820131  0.00376905
        1628    0.807938    0.820124  0.00376675
        1629    0.806766    0.820115  0.00376444
        1630    0.805625    0.820106  0.00376214
        1631    0.804517    0.820097  0.00375985
        1632    0.803444    0.820087  0.00375756
        1633    0.802409    0.820076  0.00375527
        1634    0.801412    0.820064  0.00375299
        1635    0.800457    0.820052  0.00375072
        1636    0.799544     0.82004  0.00374845
        1637    0.798675    0.820027  0.00374618
        1638    0.797852    0.820013  0.00374392
        1639    0.797076    0.819999  0.00374166
        1640    0.796349    0.819985   0.0037394
        1641    0.795673     0.81997  0.00373715
        1642    0.795049    0.819955  0.00373491
        1643    0.794478    0.819939  0.00373267
        1644    0.793962    0.819924  0.00373043
        1645    0.793501    0.819908   0.0037282
        1646    0.793096    0.819891  0.00372597
        1647    0.792748    0.819875  0.00372374
        1648    0.792459    0.819858  0.00372152
        1649    0.792229    0.819841   0.0037193
        1650    0.792059    0.819825  0.00371709
        1651    0.791948    0.819808  0.00371487
        1652    0.791898    0.819791  0.00371266
        1653     0.79191    0.819774  0.00371045
        1654    0.791982    0.819757  0.00370825
        1655    0.792116     0.81974  0.00370605
        1656    0.792311    0.819724  0.00370385
        1657    0.792566    0.819707  0.00370165
        1658    0.792882    0.819691  0.00369945
        1659    0.793259    0.819675  0.00369725
        1660    0.793695     0.81966  0.00369506
        1661    0.794191    0.819644  0.00369287
        1662    0.794745    0.819629  0.00369068
        1663    0.795356    0.819615  0.00368848
        1664    0.796023    0.819601   0.0036863
        1665    0.796743    0.819587  0.00368411
        1666    0.797517    0.819574  0.00368192
        1667    0.798344    0.819561  0.00367973
        1668     0.79922    0.819549  0.00367755
        1669    0.800145    0.819537  0.00367536
        1670    0.801115    0.819526  0.00367318
        1671    0.802129    0.819516  0.00367099
        1672    0.803185    0.819506  0.00366881
        1673    0.804281    0.819497  0.00366663
        1674    0.805414    0.819488  0.00366445
        1675    0.806584    0.819481  0.00366227
        1676    0.807787    0.819474  0.00366009
        1677     0.80902    0.819467  0.00365791
        1678    0.810282    0.819462  0.00365574
        1679    0.811569    0.819457  0.00365356
        1680    0.812879    0.819453  0.00365139
        1681    0.814209     0.81945  0.00364922
        1682    0.815556    0.819448  0.00364705
        1683    0.816917    0.819446  0.00364488
        1684     0.81829    0.819446  0.00364272
        1685    0.819672    0.819446  0.00364056
        1686     0.82106    0.819447   0.0036384
        1687    0.822452    0.819449  0.00363624
        1688    0.823844    0.819451  0.00363409
        1689    0.825233    0.819455  0.00363194
        1690    0.826618    0.819459  0.00362979
        1691    0.827995    0.819464  0.00362765
        1692    0.829363     0.81947  0.00362551
        1693    0.830719    0.819476  0.00362338
        1694     0.83206    0.819484  0.00362124
        1695    0.833383    0.819492  0.00361912
        1696    0.834687    0.819501  0.00361699
        1697    0.835969    0.819511  0.00361488
        1698    0.837228    0.819521  0.00361276
        1699    0.838461    0.819532  0.00361065
        1700    0.839667    0.819544  0.00360855
        1701    0.840843    0.819557  0.00360645
        1702    0.841988     0.81957  0.00360435
        1703      0.8431    0.819584  0.00360226
        1704    0.844178    0.819598  0.00360018
        1705    0.845221    0.819613   0.0035981
        1706    0.846227    0.819629  0.00359602
        1707    0.847195    0.819645  0.00359395
        1708    0.848124    0.819662  0.00359189
        1709    0.849012    0.819679  0.00358983
        1710    0.849858    0.819696  0.00358777
        1711    0.850663    0.819714  0.00358572
        1712    0.851426    0.819733  0.00358367
        1713    0.852146    0.819752  0.00358163
        1714    0.852822    0.819771  0.00357959
        1715    0.853456    0.819791  0.00357756
        1716    0.854045    0.819811  0.00357553
        1717     0.85459    0.819831  0.00357351
        1718    0.855092    0.819852  0.00357148
        1719    0.855551    0.819872  0.00356947
        1720    0.855967    0.819893  0.00356745
        1721    0.856339    0.819914  0.00356544
        1722    0.856667    0.819936  0.00356344
        1723    0.856954    0.819957  0.00356143
        1724      0.8572    0.819979  0.00355943
        1725    0.857405    0.820001  0.00355744
        1726    0.857572    0.820022  0.00355544
        1727      0.8577    0.820044  0.00355345
        1728    0.857791    0.820066  0.00355146
        1729    0.857844    0.820088  0.00354947
        1730    0.857863     0.82011  0.00354749
        1731    0.857847    0.820132  0.00354551
        1732    0.857799    0.820153  0.00354353
        1733     0.85772    0.820175  0.00354155
        1734    0.857611    0.820197  0.00353957
        1735    0.857471    0.820218   0.0035376
        1736    0.857304    0.820239  0.00353562
        1737    0.857109    0.820261  0.00353365
        1738    0.856891    0.820282  0.00353168
        1739     0.85665    0.820303  0.00352971
        1740    0.856386    0.820323  0.00352774
        1741    0.856101    0.820344  0.00352578
        1742    0.855796    0.820364  0.00352381
        1743    0.855473    0.820384  0.00352185
        1744    0.855134    0.820404  0.00351989
        1745    0.854779    0.820424  0.00351792
        1746    0.854409    0.820443  0.00351596
        1747    0.854025    0.820463    0.003514
        1748    0.853631    0.820482  0.00351204
        1749    0.853226      0.8205  0.00351009
        1750    0.852812    0.820519  0.00350813
        1751     0.85239    0.820537  0.00350617
        1752    0.851961    0.820555  0.00350422
        1753    0.851525    0.820573  0.00350226
        1754    0.851085     0.82059  0.00350031
        1755    0.850641    0.820607  0.00349836
        1756    0.850193    0.820624   0.0034964
        1757    0.849744    0.820641  0.00349445
        1758    0.849292    0.820657   0.0034925
        1759    0.848839    0.820673  0.00349055
        1760    0.848385    0.820689  0.00348861
        1761    0.847932    0.820704  0.00348666
        1762     0.84748    0.820719  0.00348471
        1763    0.847029    0.820734  0.00348277
        1764    0.846581    0.820749  0.00348083
        1765    0.846135    0.820763  0.00347888
        1766    0.845692    0.820777  0.00347694
        1767    0.845253    0.820791    0.003475
        1768    0.844818    0.820805  0.00347306
        1769    0.844386    0.820818  0.00347113
        1770    0.843959    0.820831  0.00346919
        1771    0.843536    0.820844  0.00346725
        1772    0.843118    0.820857  0.00346532
        1773    0.842704    0.820869  0.00346339
        1774    0.842297    0.820881  0.00346146
        1775    0.841894    0.820893  0.00345953
        1776    0.841496    0.820904   0.0034576
        1777    0.841102    0.820916  0.00345567
        1778    0.840714    0.820927  0.00345375
        1779    0.840332    0.820938  0.00345182
        1780    0.839954    0.820949   0.0034499
        1781    0.839581    0.820959  0.00344798
        1782    0.839214    0.820969  0.00344606
        1783    0.838852    0.820979  0.00344414
        1784    0.838496    0.820989  0.00344222
        1785    0.838146    0.820999  0.00344031
        1786    0.837803    0.821008  0.00343839
        1787    0.837464    0.821017  0.00343648
        1788    0.837131    0.821026  0.00343457
        1789    0.836805    0.821035  0.00343266
        1790    0.836483    0.821044  0.00343076
        1791    0.836167    0.821052  0.00342885
        1792    0.835856    0.821061  0.00342695
        1793    0.835551    0.821069  0.00342505
        1794     0.83525    0.821077  0.00342315
        1795    0.834955    0.821084  0.00342125
        1796    0.834666    0.821092  0.00341935
        1797    0.834382    0.821099  0.00341746
        1798    0.834103    0.821106  0.00341556
        1799    0.833829    0.821114  0.00341367
        1800     0.83356     0.82112  0.00341178
        1801    0.833296    0.821127   0.0034099
        1802    0.833037    0.821134  0.00340801
        1803    0.832782     0.82114  0.00340613
        1804    0.832532    0.821147  0.00340424
        1805    0.832285    0.821153  0.00340236
        1806    0.832043    0.821159  0.00340048
        1807    0.831804    0.821165  0.00339861
        1808    0.831567     0.82117  0.00339673
        1809    0.831334    0.821176  0.00339486
        1810    0.831103    0.821182  0.00339299
        1811    0.830875    0.821187  0.00339112
        1812    0.830648    0.821192  0.00338925
        1813    0.830421    0.821197  0.00338739
        1814    0.830197    0.821202  0.00338552
        1815    0.829973    0.821207  0.00338366
        1816    0.829748    0.821212   0.0033818
        1817    0.829523    0.821216  0.00337994
        1818    0.829297    0.821221  0.00337809
        1819    0.829069    0.821225  0.00337623
        1820    0.828839    0.821229  0.00337438
        1821    0.828605    0.821233  0.00337253
        1822    0.828368    0.821237  0.00337068
        1823    0.828127    0.821241  0.00336883
        1824     0.82788    0.821245  0.00336699
        1825    0.827626    0.821248  0.00336515
        1826    0.827365    0.821251   0.0033633
        1827    0.827097    0.821255  0.00336146
        1828     0.82682    0.821258  0.00335963
        1829    0.826533    0.821261  0.00335779
        1830    0.826235    0.821263  0.00335596
        1831    0.825925    0.821266  0.00335413
        1832    0.825603    0.821268   0.0033523
        1833    0.825269     0.82127  0.00335047
        1834     0.82492    0.821272  0.00334864
        1835    0.824557    0.821274  0.00334682
        1836    0.824179    0.821276  0.00334499
        1837    0.823785    0.821277  0.00334317
        1838    0.823374    0.821278  0.00334136
        1839    0.822946    0.821279  0.00333954
        1840    0.822501     0.82128  0.00333772
        1841    0.822035     0.82128  0.00333591
        1842    0.821551     0.82128   0.0033341
        1843    0.821047     0.82128  0.00333229
        1844    0.820522     0.82128  0.00333048
        1845    0.819976    0.821279  0.00332868
        1846    0.819407    0.821278  0.00332688
        1847    0.818815    0.821277  0.00332507
        1848    0.818199    0.821275  0.00332328
        1849     0.81756    0.821273  0.00332148
        1850    0.816898    0.821271  0.00331968
        1851    0.816214    0.821268  0.00331789
        1852    0.815505    0.821265   0.0033161
        1853    0.814772    0.821261  0.00331431
        1854    0.814014    0.821257  0.00331253
        1855    0.813231    0.821253  0.00331075
        1856    0.812422    0.821248  0.00330897
        1857    0.811589    0.821243  0.00330719
        1858    0.810732    0.821238  0.00330541
        1859    0.809849    0.821231  0.00330364
        1860    0.808942    0.821225  0.00330187
        1861    0.808012    0.821218   0.0033001
        1862    0.807058     0.82121  0.00329834
        1863    0.806083    0.821202  0.00329658
        1864    0.805085    0.821193  0.00329482
        1865    0.804066    0.821184  0.00329307
        1866    0.803026    0.821174  0.00329132
        1867    0.801966    0.821164  0.00328957
        1868    0.800886    0.821153  0.00328783
        1869    0.799788    0.821142  0.00328609
        1870    0.798674     0.82113  0.00328435
        1871    0.797543    0.821117  0.00328262
        1872    0.796397    0.821104   0.0032809
        1873    0.795238     0.82109  0.00327917
        1874    0.794067    0.821076  0.00327746
        1875    0.792886    0.821061  0.00327574
        1876    0.791697    0.821045  0.00327403
        1877    0.790501    0.821029  0.00327233
        1878      0.7893    0.821012  0.00327063
        1879    0.788096    0.820994  0.00326894
        1880    0.786891    0.820976  0.00326725
        1881    0.785688    0.820958  0.00326556
        1882    0.784488    0.820938  0.00326389
        1883    0.783293    0.820918  0.00326222
        1884    0.782105    0.820898  0.00326055
        1885    0.780926    0.820876  0.00325889
        1886     0.77976    0.820855  0.00325723
        1887    0.778607    0.820832  0.00325558
        1888    0.777471    0.820809  0.00325394
        1889    0.776354    0.820786   0.0032523
        1890    0.775259    0.820762  0.00325067
        1891    0.774187    0.820737  0.00324905
        1892    0.773142    0.820712  0.00324743
        1893    0.772124    0.820686  0.00324581
        1894    0.771136     0.82066   0.0032442
        1895    0.770182    0.820633   0.0032426
        1896    0.769263    0.820606    0.003241
        1897     0.76838    0.820579  0.00323941
        1898    0.767538    0.820551  0.00323783
        1899    0.766738    0.820522  0.00323624
        1900    0.765982    0.820494  0.00323467
        1901    0.765272    0.820465   0.0032331
        1902    0.764609    0.820435  0.00323153
        1903    0.763998    0.820406  0.00322997
        1904    0.763439    0.820376  0.00322841
        1905    0.762935    0.820346  0.00322686
        1906    0.762486    0.820315  0.00322531
        1907    0.762094    0.820285  0.00322376
        1908    0.761759    0.820254  0.00322222
        1909    0.761485    0.820223  0.00322068
        1910    0.761272    0.820192  0.00321914
        1911    0.761119    0.820161   0.0032176
        1912    0.761029     0.82013  0.00321607
        1913       0.761      0.8201  0.00321453
        1914    0.761033    0.820069    0.003213
        1915    0.761128    0.820038  0.00321147
        1916    0.761285    0.820007  0.00320994
        1917    0.761505    0.819977  0.00320841
        1918    0.761788    0.819946  0.00320688
        1919    0.762133    0.819916  0.00320535
        1920     0.76254    0.819886  0.00320382
        1921    0.763008    0.819857  0.00320229
        1922    0.763537    0.819827  0.00320076
        1923    0.764126    0.819799  0.00319923
        1924    0.764773     0.81977  0.00319769
        1925    0.765477    0.819742  0.00319616
        1926    0.766236    0.819714  0.00319462
        1927     0.76705    0.819687  0.00319308
        1928    0.767916     0.81966  0.00319153
        1929    0.768833    0.819633  0.00318999
        1930    0.769798    0.819608  0.00318844
        1931    0.770808    0.819582  0.00318689
        1932    0.771863    0.819558  0.00318533
        1933     0.77296    0.819534  0.00318378
        1934    0.774095     0.81951  0.00318222
        1935    0.775268    0.819487  0.00318066
        1936    0.776474    0.819465  0.00317909
        1937    0.777712    0.819443  0.00317752
        1938     0.77898    0.819423  0.00317595
        1939    0.780273    0.819402  0.00317438
        1940    0.781589    0.819383   0.0031728
        1941    0.782926    0.819364  0.00317122
        1942    0.784279    0.819346  0.00316964
        1943    0.785646    0.819329  0.00316806
        1944    0.787025    0.819312  0.00316647
        1945    0.788411    0.819296  0.00316488
        1946    0.789804    0.819281  0.00316329
        1947    0.791199    0.819267   0.0031617
        1948    0.792594    0.819253  0.00316011
        1949    0.793985     0.81924  0.00315851
        1950     0.79537    0.819228  0.00315692
        1951    0.796746    0.819216  0.00315532
        1952     0.79811    0.819205  0.00315372
        1953    0.799457    0.819195  0.00315212
        1954    0.800787    0.819186  0.00315052
        1955    0.802097    0.819177  0.00314892
        1956    0.803384    0.819169  0.00314733
        1957    0.804644    0.819162  0.00314573
        1958    0.805877    0.819155  0.00314413
        1959    0.807079    0.819149  0.00314253
        1960    0.808249    0.819143  0.00314093
        1961    0.809385    0.819138  0.00313933
        1962    0.810484    0.819134  0.00313773
        1963    0.811544     0.81913  0.00313614
        1964    0.812564    0.819126  0.00313454
        1965     0.81354    0.819124  0.00313295
        1966    0.814473    0.819121  0.00313136
        1967    0.815362    0.819119  0.00312977
        1968    0.816204    0.819118  0.00312818
        1969       0.817    0.819117  0.00312659
        1970    0.817748    0.819116    0.003125
        1971    0.818448    0.819116  0.00312341
        1972    0.819099    0.819116  0.00312183
        1973      0.8197    0.819116  0.00312025
        1974    0.820254    0.819117  0.00311867
        1975    0.820758    0.819117  0.00311709
        1976    0.821215    0.819118  0.00311551
        1977    0.821624     0.81912  0.00311394
        1978    0.821986    0.819121  0.00311236
        1979    0.822301    0.819123  0.00311079
        1980    0.822572    0.819125  0.00310922
        1981    0.822799    0.819126  0.00310765
        1982    0.822985    0.819128  0.00310608
        1983    0.823132     0.81913  0.00310452
        1984    0.823241    0.819132  0.00310295
        1985    0.823314    0.819135  0.00310139
        1986    0.823351    0.819137  0.00309983
        1987    0.823357    0.819139  0.00309827
        1988    0.823331    0.819141  0.00309671
        1989    0.823279    0.819143  0.00309516
        1990    0.823203    0.819145   0.0030936
        1991    0.823105    0.819147  0.00309205
        1992    0.822989    0.819149   0.0030905
        1993    0.822856    0.819151  0.00308895
        1994     0.82271    0.819153   0.0030874
        1995    0.822555    0.819154  0.00308585
        1996    0.822394    0.819156  0.00308431
        1997    0.822231    0.819157  0.00308276
        1998    0.822069    0.819159  0.00308122
        1999    0.821909     0.81916  0.00307968
        2000    0.821754    0.819162  0.00307814
