           1       -0.04       -0.04           0
           2       -0.28       -0.16        0.12
           3       -0.44   -0.253333    0.116237
           4       -0.36       -0.28   0.0864099
           5        -0.2      -0.264   0.0688186
           6       -0.28   -0.266667   0.0562534
           7       -0.36       -0.28   0.0493771
           8       -0.36       -0.29   0.0439155
           9       -0.44   -0.306667   0.0421637
          10       -0.28      -0.304   0.0378065
          11       -0.36   -0.309091   0.0345742
          12       -0.44       -0.32   0.0333939
          13        -0.6   -0.341538   0.0375166
          14       -0.52   -0.354286   0.0369989
          15       -0.12   -0.338667     0.03782
          16       -0.28      -0.335   0.0355668
          17       -0.28   -0.331765   0.0335655
          18       -0.44   -0.337778   0.0322121
          19       -0.36   -0.338947    0.030492
          20       -0.28      -0.336    0.029077
          21       -0.44   -0.340952   0.0280977
          22       -0.44   -0.345455   0.0271657
          23       -0.28   -0.342609   0.0261133
          24        -0.2   -0.336667    0.025698
          25        -0.2     -0.3312   0.0252476
          26        -0.2   -0.326154   0.0247764
          27       -0.36   -0.327407    0.023874
          28       -0.28   -0.325714   0.0230678
          29       -0.36   -0.326897   0.0222895
          30       -0.28   -0.325333   0.0215904
          31        -0.2    -0.32129   0.0212701
          32        -0.2     -0.3175   0.0209406
          33        -0.2   -0.313939   0.0206061
          34       -0.04   -0.305882   0.0215534
          35        0.04      -0.296   0.0231444
          36       -0.12   -0.291111   0.0230175
          37       -0.44   -0.295135   0.0227456
          38       -0.28   -0.294737   0.0221425
          39       -0.52   -0.300513   0.0223273
          40       -0.28        -0.3    0.021768
          41        -0.2   -0.297561   0.0213701
          42       -0.52   -0.302857    0.021517
          43       -0.44   -0.306047   0.0212514
          44       -0.44   -0.309091   0.0209848
          45        -0.2   -0.306667   0.0206559
          46       -0.44   -0.309565   0.0204088
          47        -0.2   -0.307234   0.0201054
          48       -0.04   -0.301667   0.0204544
          49       -0.28   -0.301224   0.0200374
          50       -0.52     -0.3056   0.0201143
          51       -0.44   -0.308235   0.0198913
          52        -0.2   -0.306154   0.0196158
          53       -0.04   -0.301132   0.0198866
          54       -0.04   -0.296296   0.0201051
          55       -0.44   -0.298909   0.0199083
          56       -0.36        -0.3     0.01958
          57       -0.28   -0.299649   0.0192366
          58       -0.44   -0.302069   0.0190563
          59        -0.2   -0.300339   0.0188103
          60       -0.44   -0.302667     0.01864
          61       -0.44   -0.304918   0.0184696
          62       -0.44   -0.307097   0.0182994
          63       -0.52   -0.310476    0.018321
          64       -0.36    -0.31125   0.0180491
          65       -0.44   -0.313231   0.0178793
          66        -0.2   -0.311515   0.0176897
          67       -0.36   -0.312239   0.0174387
          68       -0.28   -0.311765   0.0171869
          69        -0.2   -0.310145   0.0170132
          70        -0.2   -0.308571   0.0168421
          71       -0.36   -0.309296    0.016619
          72       -0.28   -0.308889   0.0163916
          73       -0.36   -0.309589   0.0161806
          74       -0.36    -0.31027    0.015975
          75       -0.28   -0.309867   0.0157657
          76       -0.12   -0.307368   0.0157562
          77        -0.2   -0.305974   0.0156126
          78       -0.36   -0.306667   0.0154267
          79       -0.28   -0.306329    0.015234
          80       -0.12      -0.304   0.0152216
          81       -0.36   -0.304691   0.0150484
          82       -0.44   -0.306341    0.014955
          83       -0.36   -0.306988   0.0147879
          84        -0.2   -0.305714   0.0146662
          85        -0.2   -0.304471   0.0145459
          86        -0.6   -0.307907   0.0147808
          87       -0.52   -0.310345   0.0148119
          88       -0.36   -0.310909   0.0146535
          89       -0.36   -0.311461   0.0144984
          90       -0.12   -0.309333   0.0144934
          91       -0.44   -0.310769   0.0144049
          92       -0.44   -0.312174   0.0143166
          93       -0.36   -0.312688   0.0141711
          94       -0.28    -0.31234   0.0140239
          95        -0.6   -0.315368    0.014202
          96       -0.36   -0.315833    0.014061
          97       -0.52   -0.317938   0.0140736
          98       -0.36   -0.318367   0.0139358
          99       -0.36   -0.318788   0.0138008
         100       -0.52     -0.3208   0.0138094
         101       -0.52   -0.322772   0.0138136
         102       -0.52   -0.324706   0.0138135
         103       -0.44   -0.325825   0.0137244
         104       -0.28   -0.325385   0.0135989
         105       -0.36   -0.325714   0.0134728
         106        -0.6   -0.328302   0.0135937
         107        -0.6   -0.330841   0.0137034
         108       -0.52   -0.332593   0.0136884
         109       -0.52   -0.334312   0.0136708
         110        -0.6   -0.336727   0.0137596
         111       -0.28   -0.336216   0.0136446
         112       -0.44   -0.337143    0.013554
         113       -0.44   -0.338053   0.0134643
         114       -0.28   -0.337544   0.0133554
         115       -0.36   -0.337739   0.0132402
         116       -0.44   -0.338621   0.0131551
         117       -0.36   -0.338803   0.0130435
         118       -0.36   -0.338983   0.0129337
         119       -0.28   -0.338487   0.0128341
         120       -0.52       -0.34   0.0128163
         121       -0.44   -0.340826   0.0127368
         122        0.04   -0.337705   0.0130119
         123       -0.52   -0.339187   0.0129905
         124       -0.28    -0.33871   0.0128942
         125       -0.28    -0.33824   0.0127992
         126       -0.28   -0.337778   0.0127056
         127       -0.44   -0.338583   0.0126309
         128       -0.28   -0.338125   0.0125402
         129       -0.12   -0.336434   0.0125569
         130       -0.12   -0.334769   0.0125707
         131       -0.12    -0.33313   0.0125817
         132        -0.2   -0.332121   0.0125266
         133       -0.36   -0.332331   0.0124339
         134       -0.28    -0.33194   0.0123469
         135       -0.44   -0.332741   0.0122812
         136       -0.28   -0.332353   0.0121968
         137       -0.28   -0.331971   0.0121134
         138        -0.2   -0.331014   0.0120633
         139       -0.28   -0.330647   0.0119818
         140       -0.28   -0.330286   0.0119014
         141       -0.36   -0.330496   0.0118186
         142       -0.36   -0.330704   0.0117369
         143       -0.04   -0.328671   0.0118305
         144       -0.28   -0.328333   0.0117529
         145       -0.52   -0.329655   0.0117462
         146       -0.36   -0.329863   0.0116673
         147       -0.28   -0.329524   0.0115926
         148       -0.52   -0.330811   0.0115858
         149       -0.12   -0.329396   0.0115944
         150       -0.44   -0.330133   0.0115404
         151       -0.36   -0.330331   0.0114654
         152       -0.44   -0.331053   0.0114126
         153       -0.28   -0.330719   0.0113427
         154        -0.2    -0.32987   0.0113007
         155       -0.28   -0.329548   0.0112322
         156       -0.44   -0.330256   0.0111824
         157       -0.44   -0.330955   0.0111329
         158       -0.52   -0.332152   0.0111267
         159       -0.36   -0.332327   0.0110579
         160       -0.28      -0.332   0.0109934
         161       -0.28   -0.331677   0.0109297
         162       -0.36   -0.331852   0.0108634
         163       -0.36   -0.332025    0.010798
         164       -0.68   -0.334146   0.0109397
         165       -0.52   -0.335273   0.0109313
         166       -0.28    -0.33494   0.0108704
         167        -0.2   -0.334132   0.0108353
         168       -0.44   -0.334762    0.010789
         169       -0.44   -0.335385    0.010743
         170       -0.36   -0.335529   0.0106806
         171       -0.36   -0.335673    0.010619
         172       -0.36   -0.335814    0.010558
         173       -0.36   -0.335954   0.0104977
         174       -0.44   -0.336552   0.0104543
         175        -0.6   -0.338057   0.0105029
         176       -0.52   -0.339091   0.0104941
         177        -0.2   -0.338305   0.0104641
         178       -0.28   -0.337978   0.0104103
         179       -0.28   -0.337654   0.0103571
         180       -0.44   -0.338222   0.0103151
         181       -0.36   -0.338343   0.0102586
         182        -0.2   -0.337582   0.0102304
         183       -0.36   -0.337705   0.0101751
         184       -0.28   -0.337391   0.0101245
         185       -0.36   -0.337514   0.0100703
         186        0.04   -0.335484   0.0102196
         187       -0.44   -0.336043   0.0101802
         188       -0.52   -0.337021   0.0101731
         189       -0.52   -0.337989   0.0101653
         190       -0.44   -0.338526   0.0101259
         191       -0.52   -0.339476   0.0101175
         192        -0.2    -0.33875   0.0100908
         193       -0.36    -0.33886    0.010039
         194        -0.2   -0.338144   0.0100127
         195       -0.36   -0.338256  0.00996187
         196       -0.12   -0.337143  0.00997328
         197       -0.04   -0.335635   0.0100365
         198       -0.28   -0.335354  0.00998964
         199       -0.44   -0.335879  0.00995322
         200       -0.36      -0.336  0.00990406
         201       -0.36   -0.336119  0.00985539
         202        -0.2   -0.335446   0.0098296
         203       -0.36   -0.335567  0.00978181
         204       -0.36   -0.335686  0.00973448
         205       -0.28   -0.335415  0.00969068
         206        -0.2   -0.334757  0.00966591
         207       -0.36   -0.334879  0.00961987
         208        -0.2   -0.334231  0.00959545
         209       -0.44   -0.334737  0.00956282
         210       -0.52   -0.335619  0.00955798
         211       -0.28   -0.335355  0.00951622
         212       -0.28   -0.335094  0.00947483
         213       -0.36   -0.335211  0.00943097
         214       -0.52   -0.336075  0.00942643
         215       -0.44   -0.336558  0.00939492
         216       -0.28   -0.336296  0.00935499
         217        -0.2   -0.335668  0.00933294
         218       -0.28   -0.335413  0.00929354
         219       -0.28    -0.33516  0.00925446
         220       -0.44   -0.335636  0.00922462
         221       -0.36   -0.335747  0.00918345
         222       -0.36   -0.335856  0.00914264
         223       -0.36   -0.335964  0.00910219
         224       -0.44   -0.336429  0.00907336
         225       -0.12   -0.335467  0.00908402
         226       -0.28   -0.335221  0.00904706
         227       -0.04   -0.333921  0.00910053
         228        -0.2   -0.333333  0.00907954
         229        -0.2   -0.332751  0.00905854
         230       -0.44   -0.333217  0.00903111
         231       -0.44    -0.33368  0.00900381
         232        -0.2   -0.333103  0.00898341
         233       -0.44   -0.333562  0.00895653
         234       -0.36   -0.333675  0.00891889
         235       -0.36   -0.333787  0.00888156
         236       -0.52   -0.334576  0.00887898
         237       -0.28   -0.334346  0.00884443
         238       -0.44    -0.33479  0.00881837
         239       -0.36   -0.334895  0.00878203
         240       -0.12      -0.334  0.00879108
         241       -0.28   -0.333776   0.0087574
         242       -0.28   -0.333554  0.00872396
         243       -0.28   -0.333333  0.00869078
         244       -0.36   -0.333443  0.00865578
         245       -0.44   -0.333878  0.00863134
         246       -0.44   -0.334309    0.008607
         247       -0.28   -0.334089  0.00857491
         248        -0.2   -0.333548  0.00855736
         249       -0.28   -0.333333  0.00852563
         250       -0.12    -0.33248  0.00853423
         251       -0.28   -0.332271  0.00850274
         252       -0.44   -0.332698  0.00847971
         253       -0.52   -0.333439  0.00847851
         254       -0.28   -0.333228  0.00844768
         255        -0.2   -0.332706   0.0084307
         256       -0.28     -0.3325  0.00840022
         257        -0.6   -0.333541  0.00843196
         258       -0.36   -0.333643  0.00839984
         259        -0.2   -0.333127  0.00838324
         260        -0.2   -0.332615  0.00836662
         261       -0.52   -0.333333  0.00836537
         262        -0.6   -0.334351   0.0083953
         263       -0.28   -0.334144  0.00836587
         264        -0.2   -0.333636   0.0083496
         265       -0.36   -0.333736  0.00831863
         266       -0.44   -0.334135  0.00829692
         267       -0.04   -0.333034  0.00833887
         268       -0.12   -0.332239  0.00834564
         269       -0.28   -0.332045  0.00831683
         270       -0.36   -0.332148  0.00828661
         271       -0.04    -0.33107  0.00832606
         272        -0.2   -0.330588  0.00830938
         273       -0.36   -0.330696  0.00827959
         274       -0.28   -0.330511  0.00825139
         275       -0.28   -0.330327  0.00822338
         276       -0.28   -0.330145  0.00819556
         277        -0.2   -0.329675  0.00817943
         278        -0.2   -0.329209  0.00816329
         279       -0.36   -0.329319  0.00813473
         280       -0.12   -0.328571  0.00814002
         281        -0.6   -0.329537  0.00816832
         282       -0.44   -0.329929  0.00814872
         283       -0.28   -0.329753  0.00812179
         284       -0.36   -0.329859  0.00809384
         285       -0.28   -0.329684  0.00806729
         286        -0.2   -0.329231  0.00805181
         287       -0.12   -0.328502  0.00805676
         288       -0.36   -0.328611  0.00802948
         289       -0.12   -0.327889  0.00803414
         290       -0.04   -0.326897   0.0080677
         291       -0.36    -0.32701  0.00804073
         292       -0.12   -0.326301  0.00804445
         293       -0.36   -0.326416  0.00801777
         294       -0.36   -0.326531  0.00799127
         295       -0.44   -0.326915  0.00797342
         296       -0.28   -0.326757  0.00794801
         297       -0.36   -0.326869    0.007922
         298       -0.28   -0.326711  0.00789694
         299       -0.36   -0.326823  0.00787127
         300        -0.2     -0.3264  0.00785637
         301        0.04   -0.325183  0.00792428
         302        -0.2   -0.324768  0.00790887
         303       -0.28    -0.32462   0.0078841
         304        -0.2   -0.324211  0.00786881
         305       -0.52   -0.324852   0.0078692
         306        -0.2   -0.324444  0.00785404
         307       -0.28     -0.3243  0.00782976
         308       -0.44   -0.324675  0.00781333
         309       -0.36    -0.32479  0.00778884
         310       -0.28   -0.324645  0.00776502
         311       -0.36   -0.324759  0.00774085
         312       -0.44   -0.325128  0.00772483
         313       -0.28   -0.324984  0.00770146
         314       -0.44    -0.32535  0.00768563
         315       -0.12   -0.324698  0.00768888
         316       -0.28   -0.324557  0.00766581
         317       -0.12   -0.323912  0.00766879
         318       -0.36   -0.324025  0.00764548
         319       -0.28   -0.323887  0.00762272
         320       -0.28    -0.32375   0.0076001
         321       -0.28   -0.323614  0.00757762
         322       -0.44   -0.323975  0.00756269
         323        -0.2   -0.323591    0.007549
         324       -0.52   -0.324198  0.00755004
         325       -0.44   -0.324554   0.0075352
         326       -0.52   -0.325153  0.00753594
         327       -0.44   -0.325505  0.00752106
         328       -0.44   -0.325854  0.00750622
         329       -0.36   -0.325957  0.00748409
         330       -0.36   -0.326061  0.00746209
         331       -0.44   -0.326405  0.00744747
         332       -0.52   -0.326988  0.00744787
         333       -0.36   -0.327087  0.00742613
         334        -0.2   -0.326707  0.00741363
         335        -0.2   -0.326328  0.00740114
         336       -0.12   -0.325714  0.00740459
         337       -0.12   -0.325104  0.00740778
         338       -0.36   -0.325207  0.00738655
         339       -0.36    -0.32531  0.00736544
         340       -0.44   -0.325647  0.00735149
         341       -0.52   -0.326217  0.00735202
         342       -0.44    -0.32655  0.00733804
         343       -0.44    -0.32688  0.00732409
         344       -0.44   -0.327209  0.00731017
         345       -0.36   -0.327304  0.00728957
         346        -0.6   -0.328092  0.00731107
         347       -0.52   -0.328646  0.00731092
         348        0.04   -0.327586  0.00736645
         349        -0.2   -0.327221   0.0073544
         350       -0.28   -0.327086   0.0073346
         351       -0.44   -0.327407  0.00732075
         352        -0.2   -0.327045  0.00730889
         353       -0.36   -0.327139  0.00728875
         354       -0.36   -0.327232  0.00726872
         355       -0.36   -0.327324  0.00724881
         356       -0.28   -0.327191  0.00722964
         357        -0.2   -0.326835  0.00721816
         358       -0.36   -0.326927  0.00719856
         359       -0.36   -0.327019  0.00717908
         360       -0.44   -0.327333  0.00716598
         361       -0.36   -0.327424  0.00714668
         362       -0.28   -0.327293  0.00712811
         363       -0.44   -0.327603  0.00711522
         364       -0.52   -0.328132  0.00711531
         365       -0.44   -0.328438   0.0071024
         366       -0.28   -0.328306  0.00708421
         367       -0.36   -0.328392  0.00706541
         368       -0.36   -0.328478  0.00704671
         369       -0.28   -0.328347  0.00702881
         370       -0.52   -0.328865   0.0070289
         371       -0.36   -0.328949  0.00701043
         372       -0.44   -0.329247  0.00699793
         373       -0.28   -0.329115  0.00698039
         374       -0.36   -0.329198  0.00696219
         375       -0.28   -0.329067  0.00694484
         376       -0.52   -0.329574  0.00694494
         377       -0.36   -0.329655  0.00692696
         378       -0.36   -0.329735  0.00690908
         379       -0.36   -0.329815  0.00689129
         380       -0.04   -0.329053  0.00691531
         381        -0.2   -0.328714  0.00690545
         382       -0.36   -0.328796  0.00688784
         383       -0.12   -0.328251  0.00689143
         384       -0.44   -0.328542  0.00687961
         385       -0.44   -0.328831  0.00686783
         386       -0.36   -0.328912  0.00685049
         387       -0.36   -0.328992  0.00683323
         388        -0.6   -0.329691   0.0068513
         389       -0.52    -0.33018  0.00685115
         390       -0.44   -0.330462  0.00683936
         391       -0.36   -0.330537  0.00682226
         392        -0.2   -0.330204  0.00681298
         393       -0.28   -0.330076  0.00679682
         394       -0.36   -0.330152  0.00677998
         395        -0.2   -0.329823  0.00677081
         396        -0.2   -0.329495  0.00676165
         397       -0.36   -0.329572  0.00674503
         398       -0.52    -0.33005  0.00674505
         399       -0.28   -0.329925   0.0067293
         400       -0.28     -0.3298  0.00671361
         401       -0.28   -0.329676    0.006698
         402       -0.36   -0.329751  0.00668174
         403       -0.36   -0.329826  0.00666557
         404       -0.28   -0.329703  0.00665019
         405        -0.6    -0.33037  0.00666724
         406       -0.44    -0.33064  0.00665627
         407       -0.28   -0.330516  0.00664107
         408       -0.52    -0.33098  0.00664103
         409       -0.36   -0.331051  0.00662515
         410       -0.52   -0.331512  0.00662502
         411        -0.2   -0.331192  0.00661662
         412        -0.2   -0.330874  0.00660822
         413       -0.28   -0.330751  0.00659335
         414       -0.36   -0.330821  0.00657778
         415        0.04   -0.329928  0.00662247
         416        -0.2   -0.329615  0.00661391
         417       -0.44    -0.32988  0.00660334
         418       -0.44   -0.330144  0.00659279
         419       -0.52   -0.330597  0.00659263
         420       -0.44   -0.330857  0.00658207
         421       -0.44   -0.331116  0.00657153
         422       -0.28   -0.330995  0.00655706
         423       -0.44   -0.331253  0.00654661
         424        -0.2   -0.330943  0.00653849
         425       -0.44     -0.3312  0.00652813
         426       -0.44   -0.331455  0.00651779
         427       -0.12    -0.33096  0.00652134
         428       -0.36   -0.331028  0.00650644
         429       -0.36   -0.331096  0.00649161
         430        -0.2   -0.330791  0.00648366
         431       -0.44   -0.331044  0.00647356
         432       -0.44   -0.331296  0.00646348
         433       -0.12   -0.330808  0.00646698
         434       -0.28   -0.330691  0.00645312
         435        -0.2   -0.330391  0.00644528
         436       -0.36   -0.330459  0.00643083
         437       -0.36   -0.330526  0.00641646
         438       -0.44   -0.330776  0.00640667
         439       -0.12   -0.330296  0.00641006
         440       -0.36   -0.330364  0.00639584
         441       -0.36   -0.330431  0.00638167
         442        -0.2   -0.330136  0.00637405
         443       -0.28   -0.330023  0.00636065
         444       -0.36    -0.33009  0.00634667
         445       -0.44   -0.330337  0.00633721
         446        -0.2   -0.330045  0.00632973
         447       -0.44   -0.330291  0.00632034
         448       -0.36   -0.330357  0.00630657
         449        -0.2   -0.330067   0.0062992
         450        -0.2   -0.329778  0.00629183
         451        -0.2    -0.32949  0.00628445
         452        -0.2   -0.329204  0.00627708
         453        0.04   -0.328389  0.00631601
         454       -0.12    -0.32793  0.00631878
         455       -0.28   -0.327824  0.00630575
         456        -0.2   -0.327544  0.00629815
         457       -0.44    -0.32779  0.00628917
         458       -0.52    -0.32821  0.00628944
         459       -0.28   -0.328105   0.0062766
         460       -0.44   -0.328348  0.00626766
         461       -0.44    -0.32859  0.00625874
         462        -0.2   -0.328312  0.00625138
         463       -0.44   -0.328553  0.00624253
         464       -0.52   -0.328966  0.00624271
         465       -0.44   -0.329204  0.00623384
         466       -0.36    -0.32927   0.0062208
         467       -0.36   -0.329336  0.00620782
         468       -0.36   -0.329402  0.00619488
         469       -0.36   -0.329467  0.00618201
         470       -0.28   -0.329362  0.00616974
         471       -0.28   -0.329257  0.00615751
         472       -0.36   -0.329322   0.0061448
         473        -0.6   -0.329894  0.00615844
         474       -0.52   -0.330295  0.00615851
         475       -0.36   -0.330358  0.00614585
         476       -0.36    -0.33042  0.00613324
         477       -0.12   -0.329979  0.00613624
         478       -0.12    -0.32954  0.00613913
         479       -0.28   -0.329436  0.00612717
         480        -0.2   -0.329167  0.00612034
         481       -0.12   -0.328732  0.00612306
         482        -0.2   -0.328465  0.00611618
         483        -0.2   -0.328199   0.0061093
         484       -0.04   -0.327603  0.00612567
         485       -0.36    -0.32767  0.00611339
         486       -0.44   -0.327901  0.00610518
         487       -0.44   -0.328131  0.00609697
         488       -0.04   -0.327541  0.00611305
         489       -0.52   -0.327935  0.00611322
         490       -0.28   -0.327837  0.00610151
         491        -0.2   -0.327576  0.00609464
         492       -0.44   -0.327805  0.00608653
         493       -0.28   -0.327708  0.00607494
         494       -0.36   -0.327773  0.00606298
         495        -0.2   -0.327515  0.00605623
         496        -0.2   -0.327258  0.00604947
         497       -0.44   -0.327485  0.00604155
         498       -0.04   -0.326908  0.00605697
         499       -0.28   -0.326814  0.00604555
         500        -0.2    -0.32656  0.00603878
         501        0.04   -0.325828  0.00607096
         502       -0.28   -0.325737  0.00605955
         503        -0.2   -0.325487  0.00605265
         504       -0.28   -0.325397  0.00604131
         505       -0.52   -0.325782  0.00604163
         506       -0.44   -0.326008   0.0060339
         507       -0.04   -0.325444  0.00604836
         508       -0.36   -0.325512  0.00603682
         509       -0.28   -0.325422  0.00602561
         510       -0.36    -0.32549  0.00601417
         511       -0.52   -0.325871  0.00601444
         512       -0.28   -0.325781  0.00600335
         513       -0.44   -0.326004  0.00599578
         514       -0.36    -0.32607  0.00598447
         515        -0.2   -0.325825  0.00597785
         516        -0.2   -0.325581  0.00597123
         517       -0.36   -0.325648  0.00596004
         518       -0.36   -0.325714   0.0059489
         519       -0.52   -0.326089  0.00594921
         520       -0.36   -0.326154  0.00593812
         521       -0.44   -0.326372  0.00593074
         522       -0.36   -0.326437  0.00591972
         523       -0.44   -0.326654  0.00591237
         524       -0.36   -0.326718  0.00590142
         525       -0.28   -0.326629  0.00589084
         526       -0.36   -0.326692  0.00587998
         527       -0.44   -0.326907  0.00587275
         528        -0.2   -0.326667  0.00586654
         529       -0.28   -0.326578   0.0058561
         530       -0.36   -0.326642  0.00584538
         531       -0.28   -0.326554  0.00583503
         532        -0.2   -0.326316   0.0058289
         533       -0.12   -0.325929  0.00583082
         534       -0.36   -0.325993  0.00582024
         535       -0.28   -0.325907  0.00580999
         536       -0.28   -0.325821  0.00579977
         537        -0.2   -0.325587   0.0057937
         538        -0.2   -0.325353  0.00578763
         539       -0.12   -0.324972  0.00578943
         540        -0.2   -0.324741  0.00578333
         541       -0.36   -0.324806    0.005773
         542       -0.36   -0.324871   0.0057627
         543       -0.28   -0.324788  0.00575268
         544       -0.36   -0.324853  0.00574246
         545       -0.12   -0.324477  0.00574422
         546       -0.12   -0.324103  0.00574591
         547       -0.28   -0.324022  0.00573596
         548       -0.44   -0.324234  0.00572939
         549       -0.36   -0.324299  0.00571932
         550       -0.52   -0.324655  0.00571999
         551       -0.04   -0.324138  0.00573292
         552       -0.36   -0.324203   0.0057229
         553       -0.28   -0.324123   0.0057131
         554        -0.2   -0.323899  0.00570718
         555       -0.36   -0.323964  0.00569725
         556       -0.36   -0.324029  0.00568737
         557       -0.28    -0.32395   0.0056777
         558       -0.28   -0.323871  0.00566806
         559       -0.36   -0.323936  0.00565828
         560       -0.28   -0.323857  0.00564871
         561        -0.2   -0.323636  0.00564296
         562       -0.28   -0.323559  0.00563344
         563       -0.36   -0.323623   0.0056238
         564       -0.36   -0.323688  0.00561419
         565       -0.36   -0.323752  0.00560461
         566        -0.2   -0.323534  0.00559897
         567       -0.12   -0.323175   0.0056006
         568       -0.12   -0.322817  0.00560217
         569       -0.36   -0.322882  0.00559269
         570       -0.52   -0.323228  0.00559357
         571       -0.52   -0.323573  0.00559439
         572       -0.52   -0.323916  0.00559515
         573       -0.28   -0.323839  0.00558591
         574        -0.2   -0.323624  0.00558034
         575       -0.28   -0.323548  0.00557114
         576       -0.28   -0.323472  0.00556197
         577        -0.2   -0.323258  0.00555645
         578       -0.36   -0.323322  0.00554719
         579       -0.12   -0.322971  0.00554873
         580       -0.36   -0.323034  0.00553952
         581       -0.28    -0.32296  0.00553047
         582       -0.28   -0.322887  0.00552145
         583       -0.36    -0.32295  0.00551234
         584        -0.2    -0.32274  0.00550692
         585       -0.28   -0.322667  0.00549799
         586        -0.2   -0.322457  0.00549259
         587       -0.36   -0.322521  0.00548359
         588       -0.36   -0.322585  0.00547463
         589        -0.2   -0.322377  0.00546929
         590       -0.36   -0.322441  0.00546038
         591       -0.36   -0.322504  0.00545151
         592        -0.6   -0.322973  0.00546244
         593       -0.36   -0.323035  0.00545358
         594       -0.36   -0.323098  0.00544474
         595       -0.44   -0.323294  0.00543914
         596       -0.52   -0.323624  0.00544002
         597       -0.28   -0.323551  0.00543139
         598       -0.44   -0.323746   0.0054258
         599       -0.68   -0.324341  0.00544929
         600       -0.36     -0.3244  0.00544052
         601       -0.28   -0.324326  0.00543197
         602       -0.44   -0.324518  0.00542634
         603       -0.36   -0.324577  0.00541765
         604       -0.52   -0.324901  0.00541834
         605       -0.36   -0.324959  0.00540969
         606       -0.28   -0.324884  0.00540127
         607       -0.36   -0.324942  0.00539267
         608       -0.12   -0.324605  0.00539434
         609       -0.44   -0.324795   0.0053888
         610       -0.52   -0.325115  0.00538947
         611       -0.36   -0.325172  0.00538094
         612       -0.36   -0.325229  0.00537245
         613        -0.2   -0.325024  0.00536756
         614       -0.52   -0.325342  0.00536822
         615       -0.28   -0.325268  0.00535999
         616       -0.36   -0.325325  0.00535158
         617        -0.6    -0.32577  0.00536141
         618       -0.28   -0.325696  0.00535324
         619       -0.36   -0.325751  0.00534487
         620       -0.36   -0.325806  0.00533653
         621       -0.36   -0.325862  0.00532821
         622       -0.52   -0.326174  0.00532879
         623       -0.28     -0.3261  0.00532075
         624       -0.36   -0.326154  0.00531249
         625       -0.36   -0.326208  0.00530426
         626       -0.36   -0.326262  0.00529605
         627       -0.52   -0.326571  0.00529662
         628       -0.52   -0.326879  0.00529714
         629       -0.44   -0.327059  0.00529177
         630       -0.12    -0.32673  0.00529358
         631       -0.36   -0.326783  0.00528544
         632       -0.36   -0.326835  0.00527734
         633       -0.36   -0.326888  0.00526925
         634        -0.2   -0.326688  0.00526474
         635       -0.28   -0.326614  0.00525696
         636       -0.36   -0.326667  0.00524895
         637       -0.28   -0.326593  0.00524121
         638       -0.36   -0.326646  0.00523325
         639       -0.12   -0.326322  0.00523506
         640       -0.52   -0.326625  0.00523562
         641       -0.44   -0.326802  0.00523044
         642       -0.44   -0.326978  0.00522526
         643       -0.44   -0.327154  0.00522009
         644       -0.36   -0.327205  0.00521223
         645       -0.28   -0.327132  0.00520466
         646       -0.36   -0.327183  0.00519684
         647       -0.28    -0.32711  0.00518932
         648       -0.28   -0.327037  0.00518181
         649       -0.28   -0.326965  0.00517433
         650       -0.36   -0.327015  0.00516661
         651        -0.6   -0.327435  0.00517568
         652        -0.6   -0.327853  0.00518462
         653       -0.28   -0.327779  0.00517719
         654       -0.36   -0.327829  0.00516951
         655       -0.04   -0.327389  0.00518028
         656        -0.2   -0.327195  0.00517602
         657       -0.12    -0.32688  0.00517775
         658       -0.36    -0.32693  0.00517012
         659        -0.2   -0.326737  0.00516586
         660       -0.28   -0.326667  0.00515851
         661        -0.2   -0.326475  0.00515427
         662       -0.36   -0.326526  0.00514672
         663       -0.28   -0.326456  0.00513943
         664       -0.44   -0.326627  0.00513454
         665       -0.52   -0.326917  0.00513505
         666       -0.44   -0.327087  0.00513014
         667       -0.44   -0.327256  0.00512524
         668       -0.36   -0.327305   0.0051178
         669        -0.2   -0.327115  0.00511369
         670        -0.2   -0.326925  0.00510957
         671       -0.44   -0.327094  0.00510473
         672       -0.44   -0.327262   0.0050999
         673       -0.12   -0.326954  0.00510162
         674        -0.2   -0.326766  0.00509753
         675       -0.36   -0.326815  0.00509021
         676       -0.52   -0.327101   0.0050907
         677        -0.2   -0.326913  0.00508664
         678       -0.12   -0.326608  0.00508829
         679       -0.36   -0.326657  0.00508103
         680       -0.28   -0.326588  0.00507402
         681       -0.52   -0.326872  0.00507452
         682       -0.36   -0.326921   0.0050673
         683       -0.36   -0.326969  0.00506011
         684       -0.28   -0.326901  0.00505317
         685       -0.28   -0.326832  0.00504626
         686       -0.44   -0.326997  0.00504159
         687       -0.44   -0.327162  0.00503694
         688       -0.28   -0.327093  0.00503008
         689        -0.2   -0.326909  0.00502616
         690       -0.04   -0.326493  0.00503606
         691       -0.28   -0.326425  0.00502922
         692       -0.44    -0.32659  0.00502463
         693       -0.52   -0.326869  0.00502513
         694       -0.36   -0.326916  0.00501811
         695       -0.12   -0.326619  0.00501972
         696       -0.28   -0.326552  0.00501295
         697       -0.04   -0.326141  0.00502261
         698       -0.28   -0.326074  0.00501584
         699        -0.2   -0.325894  0.00501191
         700       -0.28   -0.325829  0.00500517
         701       -0.36   -0.325877  0.00499826
         702       -0.36   -0.325926  0.00499138
         703       -0.36   -0.325974  0.00498451
         704        -0.2   -0.325795  0.00498064
         705       -0.28    -0.32573  0.00497399
         706       -0.28   -0.325666  0.00496736
         707       -0.44   -0.325827  0.00496297
         708       -0.28   -0.325763  0.00495638
         709       -0.12   -0.325472  0.00495788
         710       -0.28   -0.325408  0.00495131
         711       -0.28   -0.325345  0.00494475
         712       -0.52   -0.325618  0.00494536
         713        -0.6   -0.326003  0.00495339
         714       -0.36    -0.32605  0.00494668
         715       -0.36   -0.326098  0.00493999
         716       -0.36   -0.326145  0.00493331
         717       -0.36   -0.326192  0.00492665
         718       -0.44   -0.326351  0.00492234
         719       -0.36   -0.326398  0.00491571
         720       -0.36   -0.326444   0.0049091
         721       -0.36   -0.326491  0.00490251
         722       -0.44   -0.326648  0.00489823
         723       -0.36   -0.326694  0.00489167
         724       -0.28    -0.32663  0.00488534
         725        -0.6   -0.327007  0.00489314
         726       -0.36   -0.327052  0.00488661
         727       -0.44   -0.327208  0.00488236
         728       -0.52   -0.327473  0.00488283
         729       -0.12   -0.327188  0.00488443
         730       -0.36   -0.327233  0.00487794
         731       -0.28   -0.327168  0.00487169
         732        -0.2   -0.326995  0.00486813
         733       -0.36    -0.32704  0.00486169
         734       -0.28   -0.326975  0.00485549
         735       -0.28   -0.326912   0.0048493
         736       -0.36   -0.326957  0.00484292
         737       -0.12   -0.326676  0.00484448
         738       -0.12   -0.326396  0.00484601
         739       -0.36   -0.326441  0.00483967
         740       -0.44   -0.326595  0.00483556
         741       -0.28   -0.326532  0.00482944
         742       -0.36   -0.326577  0.00482313
         743       -0.28   -0.326514  0.00481705
         744       -0.44   -0.326667  0.00481299
         745        -0.6   -0.327034   0.0048205
         746       -0.44   -0.327185  0.00481642
         747       -0.44   -0.327336  0.00481234
         748        -0.6   -0.327701   0.0048197
         749        -0.6   -0.328064  0.00482697
         750       -0.28      -0.328  0.00482096
         751       -0.28   -0.327936  0.00481496
         752       -0.12    -0.32766   0.0048165
         753       -0.12   -0.327384    0.004818
         754        -0.2   -0.327215  0.00481457
         755       -0.36   -0.327258  0.00480838
         756       -0.36   -0.327302  0.00480221
         757        -0.2   -0.327133  0.00479881
         758        -0.2   -0.326966  0.00479541
         759       -0.12   -0.326693  0.00479685
         760       -0.36   -0.326737  0.00479073
         761       -0.28   -0.326675  0.00478482
         762       -0.36   -0.326719  0.00477874
         763       -0.36   -0.326763  0.00477267
         764       -0.36   -0.326806  0.00476662
         765       -0.12   -0.326536  0.00476806
         766        -0.2   -0.326371  0.00476469
         767       -0.28    -0.32631  0.00475886
         768       -0.36   -0.326354  0.00475286
         769       -0.44   -0.326502  0.00474898
         770        -0.6   -0.326857  0.00475609
         771        -0.2   -0.326693  0.00475276
         772       -0.36   -0.326736   0.0047468
         773        -0.6   -0.327089  0.00475382
         774       -0.44   -0.327235  0.00474991
         775       -0.28   -0.327174  0.00474417
         776       -0.52   -0.327423  0.00474456
         777       -0.04   -0.327053  0.00475287
         778       -0.04   -0.326684  0.00476108
         779        -0.2   -0.326521  0.00475774
         780       -0.36   -0.326564  0.00475183
         781       -0.36   -0.326607  0.00474593
         782       -0.36    -0.32665  0.00474005
         783        -0.2   -0.326488  0.00473676
         784        -0.2   -0.326327  0.00473346
         785        -0.2   -0.326166  0.00473017
         786        -0.2   -0.326005  0.00472687
         787       -0.36   -0.326048  0.00472106
         788       -0.28    -0.32599  0.00471543
         789       -0.44   -0.326134  0.00471166
         790       -0.36   -0.326177  0.00470589
         791       -0.36    -0.32622  0.00470013
         792       -0.36   -0.326263  0.00469439
         793       -0.28   -0.326204  0.00468883
         794       -0.44   -0.326348  0.00468511
         795        -0.2   -0.326189  0.00468191
         796       -0.44   -0.326332  0.00467821
         797       -0.28   -0.326274   0.0046727
         798       -0.36   -0.326316  0.00466703
         799       -0.12   -0.326058  0.00466833
         800       -0.28      -0.326  0.00466285
         801       -0.36   -0.326042  0.00465722
         802        -0.2   -0.325885  0.00465406
         803       -0.12   -0.325629  0.00465533
         804       -0.04   -0.325274  0.00466309
         805        -0.2   -0.325118  0.00465989
         806       -0.44   -0.325261  0.00465629
         807       -0.36   -0.325304  0.00465071
         808       -0.12    -0.32505   0.0046519
         809       -0.28   -0.324994  0.00464648
         810        -0.2    -0.32484   0.0046433
         811       -0.12   -0.324587  0.00464445
         812        -0.2   -0.324433  0.00464126
         813        -0.2    -0.32428  0.00463808
         814       -0.36   -0.324324  0.00463258
         815       -0.36   -0.324368   0.0046271
         816       -0.36   -0.324412  0.00462163
         817       -0.44   -0.324553  0.00461814
         818       -0.28   -0.324499  0.00461281
         819       -0.36   -0.324542  0.00460738
         820       -0.12   -0.324293  0.00460851
         821       -0.28   -0.324239  0.00460321
         822       -0.28   -0.324185  0.00459793
         823       -0.12   -0.323937  0.00459903
         824        -0.2   -0.323786  0.00459591
         825       -0.36    -0.32383  0.00459055
         826       -0.28   -0.323777  0.00458529
         827        -0.2   -0.323628  0.00458219
         828        -0.2   -0.323478  0.00457909
         829       -0.36   -0.323522  0.00457377
         830       -0.36   -0.323566  0.00456847
         831        -0.6   -0.323899  0.00457508
         832       -0.44   -0.324038  0.00457171
         833       -0.44   -0.324178  0.00456834
         834        -0.2   -0.324029  0.00456528
         835        -0.2    -0.32388  0.00456223
         836       -0.04   -0.323541  0.00456941
         837       -0.28   -0.323489  0.00456424
         838       -0.52   -0.323723  0.00456482
         839       -0.36   -0.323766  0.00455958
         840        -0.2   -0.323619  0.00455653
         841       -0.44   -0.323757  0.00455321
         842        -0.2    -0.32361  0.00455018
         843       -0.12   -0.323369  0.00455119
         844       -0.28   -0.323318  0.00454608
         845        -0.2   -0.323172  0.00454304
         846       -0.44    -0.32331  0.00453977
         847       -0.44   -0.323447   0.0045365
         848       -0.44   -0.323585  0.00453323
         849       -0.28   -0.323534  0.00452818
         850        -0.2   -0.323388  0.00452518
         851        -0.2   -0.323243  0.00452219
         852        -0.2   -0.323099  0.00451919
         853       -0.12    -0.32286  0.00452017
         854       -0.28    -0.32281  0.00451515
         855       -0.12   -0.322573   0.0045161
         856       -0.44    -0.32271  0.00451291
         857        -0.2   -0.322567  0.00450991
         858       -0.28   -0.322517  0.00450493
         859       -0.44   -0.322654  0.00450176
         860       -0.44   -0.322791  0.00449859
         861        -0.2   -0.322648  0.00449562
         862       -0.12   -0.322413  0.00449655
         863       -0.36   -0.322457  0.00449155
         864        -0.2   -0.322315  0.00448859
         865        -0.2   -0.322173  0.00448563
         866       -0.04   -0.321848  0.00449228
         867       -0.28   -0.321799  0.00448735
         868       -0.28   -0.321751  0.00448244
         869        -0.2   -0.321611  0.00447947
         870       -0.36   -0.321655  0.00447453
         871       -0.44   -0.321791  0.00447146
         872       -0.12    -0.32156  0.00447232
         873       -0.28   -0.321512  0.00446745
         874       -0.44   -0.321648  0.00446439
         875       -0.12   -0.321417  0.00446524
         876       -0.28    -0.32137  0.00446039
         877        -0.2   -0.321231  0.00445745
         878       -0.28   -0.321185  0.00445261
         879        -0.2   -0.321047  0.00444968
         880        -0.2   -0.320909  0.00444675
         881       -0.28   -0.320863  0.00444194
         882        -0.2   -0.320726  0.00443902
         883        -0.2   -0.320589   0.0044361
         884       -0.52   -0.320814  0.00443681
         885        -0.2   -0.320678   0.0044339
         886        -0.2   -0.320542  0.00443099
         887       -0.28   -0.320496  0.00442622
         888       -0.28    -0.32045  0.00442147
         889       -0.28   -0.320405  0.00441673
         890       -0.12    -0.32018  0.00441751
         891       -0.52   -0.320404  0.00441824
         892       -0.28   -0.320359  0.00441352
         893       -0.44   -0.320493  0.00441061
         894       -0.44   -0.320626   0.0044077
         895       -0.36    -0.32067  0.00440299
         896       -0.04   -0.320357  0.00440922
         897       -0.28   -0.320312  0.00440453
         898       -0.04       -0.32  0.00441068
         899       -0.44   -0.320133  0.00440779
         900       -0.36   -0.320178  0.00440312
         901       -0.28   -0.320133  0.00439845
         902        0.12   -0.319645  0.00442059
         903       -0.44   -0.319779   0.0044177
         904        -0.6   -0.320088  0.00442368
         905       -0.36   -0.320133  0.00441901
         906       -0.36   -0.320177  0.00441435
         907       -0.44   -0.320309  0.00441146
         908       -0.12   -0.320088  0.00441212
         909       -0.36   -0.320132  0.00440748
         910       -0.12   -0.319912  0.00440812
         911       -0.28   -0.319868   0.0044035
         912        -0.2   -0.319737  0.00440063
         913       -0.36   -0.319781  0.00439603
         914       -0.36   -0.319825  0.00439144
         915       -0.04   -0.319519  0.00439729
         916       -0.28   -0.319476  0.00439269
         917       -0.28   -0.319433  0.00438811
         918        -0.2   -0.319303  0.00438526
         919       -0.12   -0.319086  0.00438585
         920        -0.2   -0.318957  0.00438299
         921       -0.28   -0.318914  0.00437844
         922       -0.12   -0.318698    0.004379
         923       -0.44    -0.31883  0.00437623
         924       -0.28   -0.318788  0.00437169
         925       -0.28   -0.318746  0.00436716
         926       -0.36    -0.31879  0.00436267
         927       -0.36   -0.318835  0.00435819
         928        -0.2   -0.318707  0.00435538
         929       -0.36   -0.318751  0.00435091
         930        0.04   -0.318366  0.00436332
         931       -0.12   -0.318153  0.00436383
         932       -0.28   -0.318112  0.00435934
         933        -0.2   -0.317985   0.0043565
         934       -0.28   -0.317944  0.00435203
         935       -0.36   -0.317989   0.0043476
         936       -0.36   -0.318034  0.00434319
         937       -0.44   -0.318164   0.0043405
         938       -0.36   -0.318209   0.0043361
         939       -0.36   -0.318253  0.00433171
         940       -0.36   -0.318298  0.00432733
         941       -0.44   -0.318427  0.00432466
         942       -0.44   -0.318556  0.00432199
         943       -0.28   -0.318515   0.0043176
         944       -0.52   -0.318729   0.0043183
         945       -0.28   -0.318688  0.00431393
         946       -0.28   -0.318647  0.00430956
         947       -0.28   -0.318606   0.0043052
         948       -0.44   -0.318734  0.00430256
         949       -0.44   -0.318862  0.00429992
         950       -0.36   -0.318905  0.00429561
         951       -0.52   -0.319117   0.0042963
         952       -0.52   -0.319328  0.00429697
         953       -0.36    -0.31937  0.00429267
         954       -0.52   -0.319581  0.00429332
         955       -0.44   -0.319707  0.00429068
         956       -0.28   -0.319665  0.00428639
         957       -0.12   -0.319457  0.00428699
         958       -0.28   -0.319415  0.00428271
         959       -0.12   -0.319208  0.00428329
         960       -0.36    -0.31925  0.00427904
         961       -0.28   -0.319209  0.00427478
         962       -0.36   -0.319252  0.00427054
         963       -0.28   -0.319211   0.0042663
         964       -0.28    -0.31917  0.00426207
         965       -0.28    -0.31913  0.00425784
         966       -0.44   -0.319255  0.00425527
         967       -0.36   -0.319297  0.00425108
         968       -0.28   -0.319256  0.00424688
         969       -0.28   -0.319216  0.00424268
         970       -0.28   -0.319175   0.0042385
         971       -0.28   -0.319135  0.00423433
         972       -0.04   -0.318848   0.0042397
         973       -0.04   -0.318561  0.00424503
         974        -0.2   -0.318439  0.00424242
         975       -0.36   -0.318482  0.00423828
         976       -0.28   -0.318443  0.00423412
         977       -0.28   -0.318403  0.00422996
         978        -0.6   -0.318691  0.00423543
         979       -0.68    -0.31906  0.00424717
         980       -0.44   -0.319184  0.00424463
         981       -0.36   -0.319225   0.0042405
         982       -0.36   -0.319267  0.00423639
         983       -0.12   -0.319064  0.00423693
         984       -0.52   -0.319268  0.00423754
         985       -0.52   -0.319472  0.00423814
         986       -0.44   -0.319594   0.0042356
         987       -0.36   -0.319635  0.00423151
         988        -0.6   -0.319919  0.00423674
         989       -0.36    -0.31996  0.00423265
         990       -0.36       -0.32  0.00422856
         991       -0.04   -0.319717  0.00423373
         992       -0.28   -0.319677  0.00422965
         993       -0.52   -0.319879   0.0042302
         994       -0.36    -0.31992  0.00422614
         995       -0.52   -0.320121  0.00422667
         996       -0.44   -0.320241  0.00422414
         997       -0.36   -0.320281  0.00422009
         998       -0.44   -0.320401  0.00421757
         999       -0.28    -0.32036  0.00421354
        1000        -0.2    -0.32024  0.00421104
        1001       -0.52    -0.32044  0.00421156
        1002        -0.2   -0.320319  0.00420908
        1003       -0.28   -0.320279  0.00420507
        1004       -0.36   -0.320319  0.00420106
        1005        -0.2   -0.320199  0.00419859
        1006       -0.12       -0.32  0.00419913
        1007       -0.44   -0.320119  0.00419665
        1008       -0.52   -0.320317  0.00419717
        1009       -0.44   -0.320436  0.00419469
        1010        -0.6   -0.320713  0.00419967
        1011        -0.6   -0.320989  0.00420459
        1012       -0.52   -0.321186  0.00420504
        1013        -0.2   -0.321066  0.00420259
        1014       -0.52   -0.321262  0.00420302
        1015       -0.28   -0.321222  0.00419908
        1016       -0.52   -0.321417   0.0041995
        1017        -0.2   -0.321298  0.00419707
        1018       -0.52   -0.321493  0.00419748
        1019       -0.44   -0.321609  0.00419498
        1020       -0.28   -0.321569  0.00419106
        1021       -0.36   -0.321606  0.00418712
        1022       -0.44   -0.321722  0.00418463
        1023       -0.52   -0.321916  0.00418502
        1024       -0.28   -0.321875  0.00418114
        1025       -0.44    -0.32199  0.00417864
        1026       -0.52   -0.322183  0.00417903
        1027       -0.52   -0.322376   0.0041794
        1028       -0.28   -0.322335  0.00417553
        1029       -0.28   -0.322293  0.00417168
        1030       -0.28   -0.322252  0.00416783
        1031        -0.2   -0.322134  0.00416547
        1032        -0.2   -0.322016  0.00416312
        1033       -0.28   -0.321975  0.00415928
        1034       -0.36   -0.322012  0.00415542
        1035       -0.12   -0.321816  0.00415599
        1036        -0.6   -0.322085  0.00416065
        1037       -0.28   -0.322044  0.00415683
        1038       -0.44   -0.322158  0.00415438
        1039       -0.28   -0.322117  0.00415058
        1040        -0.2      -0.322  0.00414825
        1041       -0.36   -0.322037  0.00414442
        1042       -0.44    -0.32215  0.00414199
        1043       -0.44   -0.322263  0.00413956
        1044       -0.44   -0.322375  0.00413713
        1045       -0.28   -0.322335  0.00413337
        1046        -0.2   -0.322218  0.00413107
        1047        -0.2   -0.322101  0.00412877
        1048       -0.36   -0.322137  0.00412499
        1049       -0.52   -0.322326  0.00412537
        1050       -0.36   -0.322362   0.0041216
        1051       -0.52    -0.32255  0.00412196
        1052       -0.44   -0.322662  0.00411956
        1053       -0.44   -0.322773  0.00411715
        1054       -0.44   -0.322884  0.00411475
        1055       -0.52   -0.323071  0.00411509
        1056       -0.52   -0.323258  0.00411542
        1057       -0.36   -0.323292  0.00411167
        1058       -0.36   -0.323327  0.00410793
        1059       -0.28   -0.323286  0.00410425
        1060        -0.2    -0.32317  0.00410203
        1061       -0.44    -0.32328  0.00409964
        1062       -0.52   -0.323465  0.00409996
        1063       -0.36     -0.3235  0.00409625
        1064       -0.36   -0.323534  0.00409254
        1065       -0.44   -0.323643  0.00409016
        1066        0.04   -0.323302  0.00410053
        1067       -0.28   -0.323261  0.00409689
        1068       -0.36   -0.323296  0.00409319
        1069       -0.28   -0.323255  0.00408956
        1070       -0.44   -0.323364   0.0040872
        1071       -0.36   -0.323399  0.00408352
        1072        -0.2   -0.323284  0.00408134
        1073       -0.28   -0.323243  0.00407773
        1074       -0.36   -0.323277  0.00407407
        1075       -0.36   -0.323312  0.00407043
        1076       -0.52   -0.323494  0.00407075
        1077        -0.2    -0.32338  0.00406858
        1078       -0.28    -0.32334  0.00406501
        1079       -0.28   -0.323299  0.00406144
        1080       -0.04   -0.323037  0.00406614
        1081        -0.2   -0.322923  0.00406397
        1082       -0.04   -0.322662  0.00406863
        1083        -0.2   -0.322548  0.00406645
        1084       -0.44   -0.322657  0.00406414
        1085       -0.28   -0.322618  0.00406058
        1086       -0.12   -0.322431  0.00406113
        1087       -0.28   -0.322392  0.00405758
        1088       -0.44     -0.3225  0.00405529
        1089        -0.6   -0.322755  0.00405957
        1090       -0.44   -0.322862  0.00405727
        1091       -0.36   -0.322896  0.00405369
        1092        -0.2   -0.322784  0.00405154
        1093       -0.12   -0.322598  0.00405208
        1094        -0.6   -0.322852  0.00405631
        1095       -0.44   -0.322959  0.00405401
        1096       -0.52   -0.323139   0.0040543
        1097       -0.36   -0.323172  0.00405074
        1098       -0.36   -0.323206  0.00404719
        1099       -0.44   -0.323312   0.0040449
        1100       -0.36   -0.323345  0.00404136
        1101       -0.28   -0.323306  0.00403788
        1102       -0.44   -0.323412  0.00403561
        1103       -0.44   -0.323518  0.00403333
        1104        -0.2   -0.323406  0.00403123
        1105       -0.36   -0.323439  0.00402771
        1106       -0.36   -0.323472  0.00402421
        1107       -0.44   -0.323577  0.00402195
        1108       -0.52   -0.323755  0.00402222
        1109       -0.28   -0.323715  0.00401879
        1110        -0.2   -0.323604  0.00401671
        1111        -0.2   -0.323492  0.00401464
        1112       -0.44   -0.323597   0.0040124
        1113       -0.36    -0.32363  0.00400892
        1114       -0.52   -0.323806   0.0040092
        1115       -0.36   -0.323839  0.00400573
        1116       -0.28   -0.323799  0.00400233
        1117        -0.2   -0.323688  0.00400029
        1118       -0.28   -0.323649   0.0039969
        1119       -0.12   -0.323467  0.00399747
        1120       -0.52   -0.323643  0.00399775
        1121       -0.36   -0.323675  0.00399431
        1122       -0.44   -0.323779   0.0039921
        1123       -0.36   -0.323811  0.00398867
        1124       -0.28   -0.323772  0.00398531
        1125       -0.44   -0.323876  0.00398311
        1126       -0.28   -0.323837  0.00397976
        1127       -0.36   -0.323869  0.00397636
        1128       -0.52   -0.324043  0.00397663
        1129       -0.36   -0.324074  0.00397324
        1130        -0.2   -0.323965  0.00397124
        1131       -0.12   -0.323784  0.00397182
        1132       -0.28   -0.323746   0.0039685
        1133       -0.28   -0.323707  0.00396518
        1134        -0.2   -0.323598  0.00396319
        1135       -0.12   -0.323419  0.00396376
        1136       -0.28    -0.32338  0.00396045
        1137       -0.52   -0.323553  0.00396074
        1138       -0.44   -0.323656  0.00395858
        1139       -0.44   -0.323758  0.00395642
        1140       -0.36   -0.323789  0.00395308
        1141       -0.36   -0.323821  0.00394974
        1142       -0.52   -0.323993  0.00395002
        1143       -0.44   -0.324094  0.00394787
        1144       -0.52   -0.324266  0.00394813
        1145        -0.6   -0.324507  0.00395202
        1146        -0.6   -0.324747  0.00395588
        1147       -0.28   -0.324708  0.00395263
        1148       -0.28   -0.324669  0.00394937
        1149       -0.28    -0.32463  0.00394613
        1150       -0.44    -0.32473  0.00394397
        1151       -0.28   -0.324692  0.00394073
        1152        -0.2   -0.324583   0.0039388
        1153       -0.44   -0.324683  0.00393665
        1154        -0.2   -0.324575  0.00393473
        1155        -0.2   -0.324468   0.0039328
        1156       -0.44   -0.324567  0.00393066
        1157       -0.36   -0.324598  0.00392738
        1158       -0.44   -0.324698  0.00392526
        1159       -0.44   -0.324797  0.00392313
        1160       -0.36   -0.324828  0.00391986
        1161       -0.36   -0.324858   0.0039166
        1162       -0.52   -0.325026  0.00391683
        1163       -0.28   -0.324987  0.00391366
        1164        -0.6   -0.325223  0.00391742
        1165       -0.36   -0.325253  0.00391417
        1166       -0.36   -0.325283  0.00391093
        1167       -0.36   -0.325313  0.00390769
        1168       -0.28   -0.325274  0.00390453
        1169       -0.36   -0.325304  0.00390131
        1170       -0.28   -0.325265  0.00389816
        1171       -0.44   -0.325363  0.00389606
        1172       -0.52   -0.325529  0.00389628
        1173       -0.44   -0.325627  0.00389418
        1174        -0.2    -0.32552  0.00389233
        1175       -0.44   -0.325617  0.00389024
        1176       -0.28   -0.325578  0.00388712
        1177        -0.2   -0.325472  0.00388528
        1178       -0.44   -0.325569   0.0038832
        1179       -0.36   -0.325598  0.00388002
        1180       -0.36   -0.325627  0.00387684
        1181       -0.04   -0.325385  0.00388109
        1182       -0.28   -0.325347    0.003878
        1183       -0.36   -0.325376  0.00387483
        1184       -0.44   -0.325473  0.00387277
        1185       -0.52   -0.325637  0.00387298
        1186       -0.44   -0.325734  0.00387091
        1187       -0.12    -0.32556  0.00387153
        1188        -0.2   -0.325455  0.00386971
        1189       -0.36   -0.325484  0.00386657
        1190       -0.28   -0.325445  0.00386351
        1191       -0.28   -0.325407  0.00386045
        1192       -0.28   -0.325369   0.0038574
        1193        -0.2   -0.325264   0.0038556
        1194       -0.44    -0.32536  0.00385356
        1195        -0.2   -0.325255  0.00385177
        1196        -0.2   -0.325151  0.00384997
        1197       -0.12   -0.324979  0.00385057
        1198       -0.52   -0.325142  0.00385079
        1199       -0.52   -0.325304  0.00385101
        1200       -0.28   -0.325267  0.00384799
        1201       -0.36   -0.325296  0.00384489
        1202       -0.36   -0.325324   0.0038418
        1203        -0.2    -0.32522  0.00384002
        1204       -0.28   -0.325183  0.00383701
        1205       -0.36   -0.325212  0.00383393
        1206       -0.28   -0.325174  0.00383094
        1207       -0.12   -0.325004  0.00383153
        1208        -0.2   -0.324901  0.00382976
        1209       -0.36    -0.32493   0.0038267
        1210       -0.52   -0.325091  0.00382693
        1211        -0.6   -0.325318   0.0038305
        1212       -0.28   -0.325281  0.00382753
        1213       -0.52   -0.325441  0.00382774
        1214       -0.52   -0.325601  0.00382794
        1215       -0.36    -0.32563  0.00382489
        1216       -0.44   -0.325724   0.0038229
        1217       -0.28   -0.325686  0.00381994
        1218        -0.2   -0.325583   0.0038182
        1219       -0.52   -0.325742   0.0038184
        1220       -0.52   -0.325902  0.00381859
        1221        -0.2   -0.325799  0.00381685
        1222       -0.28   -0.325761  0.00381391
        1223       -0.36   -0.325789   0.0038109
        1224       -0.28   -0.325752  0.00380797
        1225        -0.2   -0.325649  0.00380624
        1226       -0.36   -0.325677  0.00380324
        1227       -0.04   -0.325444  0.00380726
        1228       -0.28   -0.325407  0.00380434
        1229        -0.2   -0.325305  0.00380261
        1230       -0.36   -0.325333  0.00379963
        1231       -0.44   -0.325426  0.00379768
        1232       -0.28    -0.32539  0.00379478
        1233       -0.44   -0.325483  0.00379284
        1234       -0.44   -0.325575   0.0037909
        1235        -0.2   -0.325474  0.00378919
        1236       -0.44   -0.325566  0.00378726
        1237       -0.44   -0.325659  0.00378533
        1238        -0.2   -0.325557  0.00378363
        1239       -0.36   -0.325585  0.00378068
        1240       -0.52   -0.325742  0.00378088
        1241        -0.2   -0.325641  0.00377919
        1242       -0.44   -0.325733  0.00377727
        1243        -0.2   -0.325632  0.00377558
        1244       -0.28   -0.325595  0.00377272
        1245       -0.28   -0.325558  0.00376987
        1246       -0.28   -0.325522  0.00376702
        1247       -0.28   -0.325485  0.00376418
        1248       -0.36   -0.325513  0.00376126
        1249       -0.52   -0.325669  0.00376147
        1250        -0.2   -0.325568  0.00375981
        1251       -0.36   -0.325596   0.0037569
        1252       -0.36   -0.325623    0.003754
        1253       -0.28   -0.325587  0.00375118
        1254        -0.2   -0.325486  0.00374952
        1255       -0.12   -0.325323  0.00375011
        1256       -0.36    -0.32535  0.00374723
        1257        -0.2   -0.325251  0.00374557
        1258        0.04    -0.32496  0.00375384
        1259       -0.12   -0.324797  0.00375439
        1260        -0.2   -0.324698  0.00375271
        1261       -0.28   -0.324663   0.0037499
        1262       -0.36   -0.324691  0.00374703
        1263       -0.28   -0.324656  0.00374423
        1264       -0.12   -0.324494  0.00374477
        1265       -0.12   -0.324332   0.0037453
        1266       -0.36    -0.32436  0.00374245
        1267       -0.44   -0.324451  0.00374061
        1268        -0.6   -0.324669  0.00374397
        1269       -0.28   -0.324634  0.00374118
        1270       -0.36   -0.324661  0.00373834
        1271       -0.36   -0.324689   0.0037355
        1272       -0.36   -0.324717  0.00373266
        1273       -0.36   -0.324745  0.00372983
        1274       -0.36   -0.324772  0.00372701
        1275       -0.36     -0.3248  0.00372419
        1276       -0.36   -0.324828  0.00372137
        1277        -0.2    -0.32473  0.00371974
        1278        -0.2   -0.324632  0.00371811
        1279       -0.04    -0.32441  0.00372186
        1280       -0.36   -0.324437  0.00371905
        1281       -0.44   -0.324528  0.00371724
        1282        -0.6   -0.324743  0.00372055
        1283       -0.36    -0.32477  0.00371775
        1284       -0.44    -0.32486  0.00371594
        1285        -0.2   -0.324763  0.00371432
        1286       -0.12   -0.324603  0.00371484
        1287       -0.28   -0.324569  0.00371212
        1288        -0.2   -0.324472   0.0037105
        1289       -0.36     -0.3245  0.00370772
        1290        -0.2   -0.324403   0.0037061
        1291       -0.12   -0.324245  0.00370661
        1292        -0.2   -0.324149  0.00370499
        1293       -0.36   -0.324176  0.00370223
        1294       -0.36   -0.324204  0.00369947
        1295       -0.28    -0.32417  0.00369677
        1296       -0.28   -0.324136  0.00369407
        1297       -0.12   -0.323978  0.00369458
        1298       -0.28   -0.323945  0.00369188
        1299        -0.2   -0.323849  0.00369027
        1300        0.04   -0.323569  0.00369804
        1301        -0.2   -0.323474  0.00369642
        1302       -0.52   -0.323625  0.00369666
        1303        -0.6   -0.323837  0.00369991
        1304       -0.44   -0.323926  0.00369814
        1305       -0.44   -0.324015  0.00369638
        1306       -0.28   -0.323982   0.0036937
        1307       -0.36   -0.324009  0.00369098
        1308        -0.2   -0.323914  0.00368937
        1309       -0.44   -0.324003  0.00368762
        1310       -0.28   -0.323969  0.00368496
        1311       -0.36   -0.323997  0.00368225
        1312        -0.2   -0.323902  0.00368065
        1313        -0.2   -0.323808  0.00367906
        1314       -0.36   -0.323836  0.00367636
        1315       -0.44   -0.323924  0.00367463
        1316       -0.12   -0.323769   0.0036751
        1317       -0.12   -0.323614  0.00367557
        1318       -0.12    -0.32346  0.00367602
        1319       -0.12   -0.323306  0.00367647
        1320       -0.36   -0.323333  0.00367379
        1321       -0.12   -0.323179  0.00367424
        1322       -0.36   -0.323207  0.00367156
        1323        -0.2   -0.323114  0.00366997
        1324        0.04    -0.32284  0.00367744
        1325        0.04   -0.322566  0.00368485
        1326        -0.2   -0.322474  0.00368323
        1327       -0.36   -0.322502  0.00368056
        1328       -0.12   -0.322349  0.00368095
        1329       -0.12   -0.322197  0.00368133
        1330       -0.12   -0.322045   0.0036817
        1331        -0.2   -0.321953  0.00368007
        1332       -0.28   -0.321922  0.00367744
        1333       -0.28    -0.32189  0.00367482
        1334       -0.44   -0.321979  0.00367313
        1335       -0.28   -0.321948  0.00367051
        1336       -0.52   -0.322096  0.00367076
        1337       -0.36   -0.322124  0.00366812
        1338        -0.2   -0.322033  0.00366652
        1339       -0.36   -0.322061  0.00366389
        1340       -0.36    -0.32209  0.00366126
        1341        -0.2   -0.321999  0.00365966
        1342       -0.28   -0.321967  0.00365707
        1343       -0.28   -0.321936  0.00365448
        1344       -0.36   -0.321964  0.00365187
        1345       -0.36   -0.321993  0.00364926
        1346       -0.44    -0.32208   0.0036476
        1347       -0.52   -0.322227  0.00364785
        1348       -0.36   -0.322255  0.00364525
        1349       -0.28   -0.322224  0.00364269
        1350       -0.28   -0.322193  0.00364012
        1351       -0.28   -0.322161  0.00363756
        1352       -0.44   -0.322249  0.00363591
        1353       -0.52   -0.322395  0.00363616
        1354        -0.6     -0.3226  0.00363926
        1355       -0.44   -0.322686   0.0036376
        1356       -0.36   -0.322714  0.00363502
        1357       -0.44     -0.3228  0.00363337
        1358       -0.36   -0.322828   0.0036308
        1359       -0.44   -0.322914  0.00362915
        1360       -0.28   -0.322882  0.00362662
        1361       -0.52   -0.323027  0.00362684
        1362       -0.44   -0.323113   0.0036252
        1363       -0.36    -0.32314  0.00362264
        1364       -0.52   -0.323284  0.00362286
        1365       -0.36   -0.323311   0.0036203
        1366        -0.2   -0.323221  0.00361878
        1367       -0.44   -0.323307  0.00361714
        1368        -0.2   -0.323216  0.00361562
        1369       -0.44   -0.323302  0.00361398
        1370       -0.44   -0.323387  0.00361235
        1371       -0.36   -0.323414  0.00360981
        1372        -0.2   -0.323324   0.0036083
        1373       -0.44   -0.323409  0.00360667
        1374       -0.44   -0.323493  0.00360504
        1375       -0.28   -0.323462  0.00360256
        1376       -0.28    -0.32343  0.00360008
        1377       -0.36   -0.323457  0.00359756
        1378       -0.28   -0.323425  0.00359509
        1379       -0.36   -0.323452  0.00359258
        1380        -0.2   -0.323362  0.00359109
        1381       -0.44   -0.323447  0.00358948
        1382       -0.44   -0.323531  0.00358787
        1383       -0.28     -0.3235  0.00358542
        1384       -0.36   -0.323526  0.00358292
        1385       -0.28   -0.323495  0.00358047
        1386       -0.28   -0.323463  0.00357803
        1387       -0.04   -0.323259  0.00358128
        1388       -0.12   -0.323112   0.0035817
        1389       -0.12   -0.322966   0.0035821
        1390       -0.36   -0.322993  0.00357962
        1391       -0.44   -0.323077  0.00357804
        1392       -0.28   -0.323046   0.0035756
        1393        -0.2   -0.322958  0.00357412
        1394       -0.36   -0.322984  0.00357166
        1395       -0.28   -0.322953  0.00356923
        1396        -0.2   -0.322865  0.00356776
        1397       -0.44   -0.322949  0.00356619
        1398       -0.28   -0.322918  0.00356377
        1399       -0.44   -0.323002  0.00356221
        1400       -0.36   -0.323029  0.00355976
        1401       -0.44   -0.323112   0.0035582
        1402       -0.44   -0.323195  0.00355664
        1403        -0.6   -0.323393  0.00355957
        1404        -0.2   -0.323305  0.00355812
        1405       -0.12    -0.32316  0.00355853
        1406       -0.28   -0.323129  0.00355613
        1407       -0.44   -0.323213  0.00355457
        1408       -0.28   -0.323182  0.00355218
        1409       -0.36   -0.323208  0.00354976
        1410       -0.12   -0.323064  0.00355016
        1411       -0.28   -0.323033  0.00354778
        1412       -0.44   -0.323116  0.00354623
        1413       -0.44   -0.323199  0.00354469
        1414       -0.44   -0.323281  0.00354314
        1415       -0.36   -0.323307  0.00354073
        1416       -0.28   -0.323277  0.00353836
        1417       -0.44   -0.323359  0.00353682
        1418       -0.36   -0.323385  0.00353442
        1419        -0.2   -0.323298    0.003533
        1420        -0.2   -0.323211  0.00353158
        1421       -0.28   -0.323181  0.00352923
        1422       -0.36   -0.323207  0.00352684
        1423        -0.2    -0.32312  0.00352542
        1424       -0.04   -0.322921  0.00352855
        1425       -0.36   -0.322947  0.00352617
        1426       -0.04   -0.322749  0.00352928
        1427        -0.2   -0.322663  0.00352785
        1428       -0.04   -0.322465  0.00353093
        1429       -0.28   -0.322435  0.00352859
        1430       -0.28   -0.322406  0.00352624
        1431       -0.44   -0.322488  0.00352474
        1432       -0.44    -0.32257  0.00352323
        1433       -0.52   -0.322708  0.00352347
        1434       -0.28   -0.322678  0.00352113
        1435       -0.44    -0.32276  0.00351963
        1436       -0.44   -0.322841  0.00351812
        1437       -0.28   -0.322811   0.0035158
        1438        -0.2   -0.322726  0.00351439
        1439       -0.44   -0.322808   0.0035129
        1440       -0.36   -0.322833  0.00351055
        1441       -0.36   -0.322859  0.00350821
        1442       -0.36   -0.322885  0.00350587
        1443        -0.2     -0.3228  0.00350447
        1444       -0.36   -0.322825  0.00350214
        1445       -0.36   -0.322851  0.00349981
        1446        -0.2   -0.322766  0.00349842
        1447       -0.52   -0.322903  0.00349866
        1448       -0.28   -0.322873  0.00349637
        1449       -0.04   -0.322678   0.0034994
        1450       -0.28   -0.322648  0.00349711
        1451       -0.44   -0.322729  0.00349564
        1452       -0.04   -0.322534  0.00349865
        1453       -0.28   -0.322505  0.00349637
        1454       -0.36   -0.322531  0.00349406
        1455        -0.6   -0.322722  0.00349686
        1456       -0.52   -0.322857  0.00349708
        1457       -0.36   -0.322883  0.00349477
        1458       -0.28   -0.322853   0.0034925
        1459       -0.28   -0.322824  0.00349023
        1460       -0.44   -0.322904  0.00348876
        1461       -0.28   -0.322875   0.0034865
        1462       -0.44   -0.322955  0.00348503
        1463       -0.44   -0.323035  0.00348357
        1464       -0.36    -0.32306  0.00348128
        1465       -0.36   -0.323085  0.00347899
        1466       -0.44   -0.323165  0.00347753
        1467       -0.52   -0.323299  0.00347775
        1468       -0.28    -0.32327  0.00347551
        1469       -0.28    -0.32324  0.00347326
        1470        -0.6   -0.323429    0.003476
        1471        -0.2   -0.323345  0.00347465
        1472       -0.28   -0.323315  0.00347242
        1473        -0.2   -0.323232  0.00347107
        1474       -0.12   -0.323094  0.00347145
        1475        -0.2    -0.32301   0.0034701
        1476       -0.28   -0.322981  0.00346787
        1477       -0.52   -0.323114  0.00346809
        1478       -0.52   -0.323248   0.0034683
        1479        -0.2   -0.323164  0.00346696
        1480       -0.36   -0.323189   0.0034647
        1481       -0.28    -0.32316  0.00346248
        1482       -0.36   -0.323185  0.00346024
        1483       -0.36    -0.32321  0.00345799
        1484       -0.36   -0.323235  0.00345575
        1485       -0.44   -0.323313  0.00345432
        1486        -0.2    -0.32323  0.00345299
        1487       -0.36   -0.323255  0.00345075
        1488       -0.44   -0.323333  0.00344933
        1489       -0.36   -0.323358   0.0034471
        1490       -0.52    -0.32349  0.00344731
        1491        -0.2   -0.323407  0.00344599
        1492       -0.28   -0.323378  0.00344381
        1493       -0.52    -0.32351  0.00344402
        1494       -0.36   -0.323534   0.0034418
        1495       -0.12   -0.323398  0.00344219
        1496       -0.28   -0.323369  0.00344001
        1497        -0.2   -0.323287   0.0034387
        1498        -0.2   -0.323204  0.00343739
        1499        -0.2   -0.323122  0.00343608
        1500       -0.04   -0.322933  0.00343897
        1501       -0.12   -0.322798  0.00343933
        1502       -0.44   -0.322876  0.00343793
        1503       -0.28   -0.322848  0.00343576
        1504       -0.36   -0.322872  0.00343356
        1505       -0.28   -0.322844   0.0034314
        1506       -0.12   -0.322709  0.00343176
        1507       -0.36   -0.322734  0.00342958
        1508        -0.2   -0.322653  0.00342827
        1509       -0.12   -0.322518  0.00342863
        1510       -0.28    -0.32249  0.00342647
        1511       -0.44   -0.322568  0.00342508
        1512       -0.28    -0.32254  0.00342293
        1513       -0.04   -0.322353  0.00342576
        1514       -0.12   -0.322219  0.00342611
        1515       -0.36   -0.322244  0.00342394
        1516       -0.44   -0.322322  0.00342256
        1517       -0.36   -0.322347  0.00342039
        1518       -0.36   -0.322372  0.00341823
        1519        -0.2   -0.322291  0.00341693
        1520        -0.2   -0.322211  0.00341563
        1521       -0.28   -0.322183  0.00341349
        1522       -0.36   -0.322208  0.00341134
        1523        -0.2   -0.322127  0.00341004
        1524       -0.28     -0.3221  0.00340792
        1525       -0.12   -0.321967  0.00340826
        1526        -0.2   -0.321887  0.00340696
        1527       -0.36   -0.321912  0.00340482
        1528       -0.28   -0.321885   0.0034027
        1529       -0.36    -0.32191  0.00340057
        1530       -0.28   -0.321882  0.00339846
        1531       -0.36   -0.321907  0.00339633
        1532       -0.36   -0.321932   0.0033942
        1533       -0.36   -0.321957  0.00339208
        1534       -0.28    -0.32193  0.00338998
        1535        -0.2    -0.32185   0.0033887
        1536       -0.12   -0.321719  0.00338904
        1537       -0.36   -0.321744  0.00338693
        1538        -0.2   -0.321664  0.00338565
        1539       -0.36   -0.321689  0.00338354
        1540       -0.36   -0.321714  0.00338143
        1541       -0.44   -0.321791  0.00338011
        1542       -0.28   -0.321764  0.00337803
        1543        -0.2   -0.321685  0.00337676
        1544       -0.12   -0.321554   0.0033771
        1545       -0.28   -0.321528  0.00337502
        1546       -0.28   -0.321501  0.00337294
        1547       -0.44   -0.321577  0.00337163
        1548       -0.28    -0.32155  0.00336956
        1549        -0.2   -0.321472   0.0033683
        1550       -0.44   -0.321548  0.00336699
        1551        -0.2    -0.32147  0.00336573
        1552       -0.28   -0.321443  0.00336367
        1553       -0.12   -0.321314    0.003364
        1554        0.04   -0.321081  0.00336987
        1555       -0.36   -0.321106  0.00336779
        1556       -0.28    -0.32108  0.00336573
        1557       -0.04   -0.320899  0.00336841
        1558       -0.28   -0.320873  0.00336635
        1559       -0.36   -0.320898  0.00336428
        1560        -0.2   -0.320821  0.00336302
        1561       -0.28   -0.320794  0.00336097
        1562       -0.44   -0.320871  0.00335968
        1563       -0.28   -0.320845  0.00335763
        1564       -0.36    -0.32087  0.00335558
        1565        -0.2   -0.320792  0.00335432
        1566       -0.36   -0.320817  0.00335227
        1567        -0.2    -0.32074  0.00335102
        1568       -0.04   -0.320561  0.00335367
        1569       -0.36   -0.320586  0.00335162
        1570       -0.36   -0.320611  0.00334958
        1571       -0.04   -0.320433  0.00335221
        1572       -0.28   -0.320407  0.00335018
        1573       -0.12    -0.32028  0.00335047
        1574       -0.36   -0.320305  0.00334843
        1575       -0.28   -0.320279  0.00334641
        1576       -0.44   -0.320355  0.00334514
        1577        -0.2   -0.320279  0.00334389
        1578        -0.2   -0.320203  0.00334264
        1579        -0.6    -0.32038  0.00334522
        1580       -0.52   -0.320506  0.00334549
        1581       -0.28   -0.320481  0.00334347
        1582       -0.28   -0.320455  0.00334146
        1583       -0.52   -0.320581  0.00334172
        1584       -0.44   -0.320657  0.00334046
        1585       -0.28   -0.320631  0.00333845
        1586        -0.2   -0.320555  0.00333721
        1587       -0.36    -0.32058   0.0033352
        1588       -0.36   -0.320605   0.0033332
        1589       -0.44    -0.32068  0.00333194
        1590       -0.36   -0.320704  0.00332994
        1591       -0.36   -0.320729  0.00332794
        1592       -0.44   -0.320804  0.00332669
        1593       -0.44   -0.320879  0.00332544
        1594       -0.36   -0.320903  0.00332345
        1595        -0.2   -0.320828  0.00332223
        1596       -0.12   -0.320702  0.00332253
        1597       -0.52   -0.320827  0.00332279
        1598       -0.36   -0.320851   0.0033208
        1599       -0.28   -0.320826  0.00331882
        1600        -0.2    -0.32075  0.00331761
        1601       -0.12   -0.320625  0.00331791
        1602       -0.44   -0.320699  0.00331667
        1603       -0.36   -0.320724  0.00331469
        1604       -0.28   -0.320698  0.00331272
        1605        -0.2   -0.320623  0.00331151
        1606       -0.28   -0.320598  0.00330955
        1607       -0.28   -0.320572  0.00330758
        1608       -0.36   -0.320597  0.00330562
        1609       -0.52   -0.320721  0.00330588
        1610       -0.52   -0.320845  0.00330615
        1611       -0.36   -0.320869  0.00330418
        1612        -0.2   -0.320794  0.00330299
        1613       -0.04    -0.32062  0.00330552
        1614       -0.52   -0.320743  0.00330578
        1615       -0.44   -0.320817  0.00330456
        1616       -0.28   -0.320792  0.00330261
        1617        -0.2   -0.320717  0.00330142
        1618       -0.44   -0.320791   0.0033002
        1619       -0.28   -0.320766  0.00329825
        1620       -0.28   -0.320741  0.00329631
        1621       -0.36   -0.320765  0.00329437
        1622       -0.12   -0.320641  0.00329466
        1623       -0.36   -0.320665  0.00329272
        1624       -0.36    -0.32069  0.00329078
        1625       -0.36   -0.320714  0.00328885
        1626       -0.36   -0.320738  0.00328691
        1627       -0.28   -0.320713  0.00328499
        1628       -0.28   -0.320688  0.00328306
        1629        -0.2   -0.320614  0.00328188
        1630       -0.44   -0.320687  0.00328069
        1631        -0.2   -0.320613  0.00327951
        1632       -0.44   -0.320686  0.00327832
        1633       -0.52   -0.320808  0.00327858
        1634        -0.2   -0.320734  0.00327741
        1635       -0.36   -0.320758  0.00327549
        1636        -0.2   -0.320685  0.00327432
        1637       -0.36   -0.320709  0.00327241
        1638       -0.28   -0.320684   0.0032705
        1639       -0.36   -0.320708   0.0032686
        1640       -0.04   -0.320537  0.00327108
        1641        -0.2   -0.320463  0.00326991
        1642       -0.04   -0.320292  0.00327238
        1643       -0.44   -0.320365   0.0032712
        1644       -0.52   -0.320487  0.00327147
        1645       -0.28   -0.320462  0.00326957
        1646       -0.52   -0.320583  0.00326983
        1647       -0.44   -0.320656  0.00326865
        1648        -0.2   -0.320583  0.00326748
        1649       -0.44   -0.320655  0.00326631
        1650       -0.28    -0.32063  0.00326442
        1651       -0.44   -0.320703  0.00326324
        1652       -0.44   -0.320775  0.00326207
        1653       -0.28    -0.32075  0.00326018
        1654       -0.28   -0.320726  0.00325831
        1655       -0.28   -0.320701  0.00325643
        1656       -0.04   -0.320531  0.00325887
        1657       -0.44   -0.320604   0.0032577
        1658       -0.36   -0.320627  0.00325583
        1659       -0.36   -0.320651  0.00325395
        1660       -0.44   -0.320723  0.00325278
        1661        -0.2    -0.32065  0.00325164
        1662       -0.04   -0.320481  0.00325406
        1663       -0.04   -0.320313  0.00325648
        1664       -0.44   -0.320385  0.00325531
        1665       -0.28    -0.32036  0.00325345
        1666        -0.2   -0.320288   0.0032523
        1667        -0.2   -0.320216  0.00325115
        1668        -0.2   -0.320144     0.00325
        1669       -0.36   -0.320168  0.00324814
        1670       -0.36   -0.320192  0.00324628
        1671        -0.2    -0.32012  0.00324513
        1672       -0.28   -0.320096  0.00324328
        1673       -0.28   -0.320072  0.00324143
        1674       -0.52   -0.320191  0.00324169
        1675        -0.6   -0.320358  0.00324406
        1676        -0.2   -0.320286  0.00324292
        1677       -0.12   -0.320167  0.00324319
        1678       -0.44   -0.320238  0.00324204
        1679       -0.44    -0.32031  0.00324089
        1680       -0.36   -0.320333  0.00323905
        1681       -0.28   -0.320309  0.00323721
        1682       -0.44    -0.32038  0.00323607
        1683       -0.44   -0.320452  0.00323493
        1684       -0.12   -0.320333  0.00323519
        1685       -0.28   -0.320309  0.00323336
        1686       -0.36   -0.320332  0.00323153
        1687       -0.52   -0.320451  0.00323178
        1688       -0.44   -0.320521  0.00323064
        1689       -0.28   -0.320497  0.00322882
        1690       -0.44   -0.320568  0.00322768
        1691       -0.44   -0.320639  0.00322655
        1692       -0.12    -0.32052  0.00322682
        1693        -0.2   -0.320449   0.0032257
        1694       -0.28   -0.320425  0.00322388
        1695       -0.52   -0.320543  0.00322413
        1696       -0.36   -0.320566  0.00322231
        1697        -0.2   -0.320495   0.0032212
        1698        -0.2   -0.320424  0.00322008
        1699       -0.12   -0.320306  0.00322035
        1700       -0.44   -0.320376  0.00321922
        1701       -0.36     -0.3204  0.00321741
        1702       -0.28   -0.320376  0.00321561
        1703       -0.36   -0.320399   0.0032138
        1704       -0.36   -0.320423    0.003212
        1705       -0.44   -0.320493  0.00321088
        1706       -0.28   -0.320469  0.00320909
        1707       -0.28   -0.320445   0.0032073
        1708       -0.28   -0.320422   0.0032055
        1709        -0.2   -0.320351   0.0032044
        1710        -0.2   -0.320281   0.0032033
        1711       -0.28   -0.320257  0.00320152
        1712       -0.28   -0.320234  0.00319973
        1713       -0.36   -0.320257  0.00319795
        1714       -0.52   -0.320373  0.00319821
        1715       -0.44   -0.320443   0.0031971
        1716       -0.36   -0.320466  0.00319532
        1717       -0.36   -0.320489  0.00319354
        1718        -0.2   -0.320419  0.00319245
        1719       -0.44   -0.320489  0.00319135
        1720        -0.2   -0.320419  0.00319027
        1721       -0.28   -0.320395   0.0031885
        1722       -0.36   -0.320418  0.00318673
        1723        -0.2   -0.320348  0.00318565
        1724       -0.36   -0.320371  0.00318388
        1725        -0.2   -0.320301   0.0031828
        1726        -0.2   -0.320232  0.00318172
        1727       -0.52   -0.320347  0.00318198
        1728       -0.44   -0.320417  0.00318089
        1729       -0.28   -0.320393  0.00317914
        1730       -0.12   -0.320277  0.00317941
        1731        -0.2   -0.320208  0.00317833
        1732        -0.6    -0.32037   0.0031806
        1733       -0.44   -0.320439  0.00317951
        1734       -0.28   -0.320415  0.00317777
        1735       -0.36   -0.320438  0.00317602
        1736       -0.12   -0.320323  0.00317628
        1737       -0.44   -0.320391   0.0031752
        1738       -0.44    -0.32046  0.00317412
        1739       -0.12   -0.320345  0.00317439
        1740       -0.28   -0.320322  0.00317265
        1741        -0.2   -0.320253  0.00317158
        1742        -0.2   -0.320184  0.00317051
        1743       -0.28   -0.320161  0.00316877
        1744       -0.52   -0.320275  0.00316903
        1745       -0.44   -0.320344  0.00316796
        1746       -0.36   -0.320367  0.00316622
        1747       -0.44   -0.320435  0.00316515
        1748        -0.2   -0.320366  0.00316409
        1749       -0.28   -0.320343  0.00316236
        1750       -0.36   -0.320366  0.00316064
        1751        -0.2   -0.320297  0.00315958
        1752       -0.52   -0.320411  0.00315983
        1753       -0.36   -0.320434  0.00315811
        1754        -0.2   -0.320365  0.00315706
        1755        -0.2   -0.320296    0.003156
        1756       -0.44   -0.320364  0.00315494
        1757       -0.36   -0.320387  0.00315323
        1758       -0.28   -0.320364  0.00315152
        1759        -0.2   -0.320296  0.00315047
        1760        -0.2   -0.320227  0.00314942
        1761        -0.2   -0.320159  0.00314837
        1762       -0.28   -0.320136  0.00314666
        1763       -0.28   -0.320113  0.00314496
        1764       -0.28   -0.320091  0.00314326
        1765       -0.12   -0.319977  0.00314352
        1766       -0.28   -0.319955  0.00314182
        1767       -0.52   -0.320068  0.00314209
        1768       -0.52   -0.320181  0.00314234
        1769       -0.68   -0.320384  0.00314715
        1770       -0.28   -0.320362  0.00314545
        1771        -0.2   -0.320294  0.00314441
        1772        -0.2   -0.320226  0.00314337
        1773        -0.2   -0.320158  0.00314233
        1774       -0.36    -0.32018  0.00314063
        1775       -0.28   -0.320158  0.00313895
        1776       -0.36    -0.32018  0.00313726
        1777       -0.12   -0.320068  0.00313751
        1778       -0.36    -0.32009  0.00313583
        1779       -0.28   -0.320067  0.00313415
        1780       -0.36    -0.32009  0.00313247
        1781       -0.44   -0.320157  0.00313143
        1782       -0.36    -0.32018  0.00312975
        1783       -0.36   -0.320202  0.00312808
        1784       -0.12    -0.32009  0.00312834
        1785       -0.36   -0.320112  0.00312666
        1786       -0.36   -0.320134  0.00312499
        1787       -0.12   -0.320022  0.00312525
        1788        -0.2   -0.319955  0.00312422
        1789        -0.2   -0.319888   0.0031232
        1790       -0.12   -0.319777  0.00312345
        1791       -0.28   -0.319754  0.00312178
        1792       -0.28   -0.319732  0.00312012
        1793       -0.28    -0.31971  0.00311846
        1794        -0.2   -0.319643  0.00311743
        1795       -0.12   -0.319532  0.00311768
        1796       -0.28    -0.31951  0.00311602
        1797        -0.2   -0.319444    0.003115
        1798       -0.52   -0.319555  0.00311526
        1799        -0.6   -0.319711  0.00311743
        1800       -0.36   -0.319733  0.00311578
        1801       -0.04   -0.319578  0.00311792
        1802       -0.28   -0.319556  0.00311626
        1803        -0.2    -0.31949  0.00311524
        1804        -0.2   -0.319424  0.00311422
        1805       -0.12   -0.319313  0.00311445
        1806       -0.44    -0.31938  0.00311345
        1807        -0.2   -0.319314  0.00311242
        1808       -0.44   -0.319381  0.00311142
        1809       -0.28   -0.319359  0.00310977
        1810       -0.52    -0.31947  0.00311003
        1811       -0.44   -0.319536  0.00310903
        1812       -0.28   -0.319514  0.00310739
        1813       -0.28   -0.319493  0.00310575
        1814       -0.36   -0.319515  0.00310412
        1815       -0.28   -0.319493  0.00310248
        1816       -0.28   -0.319471  0.00310085
        1817       -0.36   -0.319494  0.00309922
        1818       -0.28   -0.319472  0.00309759
        1819       -0.28    -0.31945  0.00309597
        1820       -0.44   -0.319516  0.00309497
        1821       -0.52   -0.319627  0.00309523
        1822       -0.28   -0.319605  0.00309361
        1823       -0.36   -0.319627  0.00309199
        1824       -0.36   -0.319649  0.00309037
        1825       -0.28   -0.319627  0.00308876
        1826       -0.36    -0.31965  0.00308714
        1827       -0.44   -0.319715  0.00308616
        1828       -0.28   -0.319694  0.00308454
        1829       -0.36   -0.319716  0.00308294
        1830       -0.44   -0.319781  0.00308195
        1831       -0.52   -0.319891  0.00308221
        1832        -0.2   -0.319825  0.00308122
        1833       -0.36   -0.319847  0.00307962
        1834       -0.36   -0.319869  0.00307802
        1835        -0.6   -0.320022  0.00308012
        1836       -0.28       -0.32  0.00307852
        1837       -0.52   -0.320109  0.00307877
        1838       -0.44   -0.320174  0.00307779
        1839       -0.36   -0.320196  0.00307619
        1840       -0.04   -0.320043  0.00307829
        1841        -0.2   -0.319978   0.0030773
        1842       -0.44   -0.320043  0.00307632
        1843       -0.12   -0.319935  0.00307657
        1844        -0.2    -0.31987  0.00307559
        1845        0.04   -0.319675   0.0030801
        1846       -0.36   -0.319697  0.00307851
        1847       -0.36   -0.319718  0.00307692
        1848       -0.36    -0.31974  0.00307533
        1849       -0.44   -0.319805  0.00307436
        1850       -0.36   -0.319827  0.00307277
        1851       -0.44   -0.319892   0.0030718
        1852       -0.52       -0.32  0.00307204
        1853        -0.2   -0.319935  0.00307106
        1854       -0.68   -0.320129  0.00307555
        1855       -0.36   -0.320151  0.00307396
        1856       -0.44   -0.320216  0.00307298
        1857       -0.36   -0.320237   0.0030714
        1858       -0.44   -0.320301  0.00307043
        1859       -0.44   -0.320366  0.00306945
        1860       -0.44    -0.32043  0.00306847
        1861       -0.52   -0.320537   0.0030687
        1862        -0.2   -0.320473  0.00306773
        1863       -0.12   -0.320365  0.00306797
        1864       -0.36   -0.320386   0.0030664
        1865       -0.28   -0.320365  0.00306483
        1866       -0.44   -0.320429  0.00306386
        1867       -0.28   -0.320407   0.0030623
        1868       -0.12     -0.3203  0.00306254
        1869       -0.12   -0.320193  0.00306277
        1870        -0.2   -0.320128  0.00306181
        1871        -0.2   -0.320064  0.00306085
        1872       -0.44   -0.320128  0.00305988
        1873       -0.44   -0.320192  0.00305892
        1874        -0.2   -0.320128  0.00305796
        1875       -0.44   -0.320192  0.00305699
        1876       -0.28   -0.320171  0.00305544
        1877        -0.2   -0.320107  0.00305448
        1878       -0.44    -0.32017  0.00305352
        1879       -0.28   -0.320149  0.00305197
        1880       -0.28   -0.320128  0.00305042
        1881       -0.36   -0.320149  0.00304887
        1882       -0.28   -0.320128  0.00304733
        1883        -0.2   -0.320064  0.00304638
        1884       -0.12   -0.319958  0.00304661
        1885       -0.36   -0.319979  0.00304507
        1886       -0.44   -0.320042  0.00304412
        1887       -0.28   -0.320021  0.00304258
        1888       -0.36   -0.320042  0.00304104
        1889       -0.52   -0.320148  0.00304127
        1890       -0.36   -0.320169  0.00303974
        1891       -0.28   -0.320148   0.0030382
        1892       -0.04       -0.32  0.00304021
        1893       -0.52   -0.320106  0.00304043
        1894       -0.28   -0.320084   0.0030389
        1895        -0.2   -0.320021  0.00303796
        1896       -0.52   -0.320127  0.00303819
        1897       -0.36   -0.320148  0.00303666
        1898       -0.44   -0.320211  0.00303572
        1899       -0.44   -0.320274  0.00303477
        1900       -0.36   -0.320295  0.00303325
        1901       -0.28   -0.320274  0.00303172
        1902       -0.12   -0.320168  0.00303196
        1903       -0.36   -0.320189  0.00303044
        1904       -0.44   -0.320252   0.0030295
        1905       -0.36   -0.320273  0.00302798
        1906       -0.28   -0.320252  0.00302647
        1907       -0.36   -0.320273  0.00302495
        1908       -0.36   -0.320294  0.00302344
        1909       -0.44   -0.320356   0.0030225
        1910       -0.36   -0.320377  0.00302099
        1911       -0.68   -0.320565  0.00302527
        1912        -0.2   -0.320502  0.00302434
        1913       -0.44   -0.320565  0.00302341
        1914       -0.12    -0.32046  0.00302364
        1915        -0.2   -0.320397  0.00302272
        1916       -0.12   -0.320292  0.00302295
        1917       -0.12   -0.320188  0.00302318
        1918       -0.28   -0.320167  0.00302167
        1919        -0.2   -0.320104  0.00302075
        1920       -0.36   -0.320125  0.00301925
        1921       -0.36   -0.320146  0.00301775
        1922       -0.28   -0.320125  0.00301625
        1923       -0.28   -0.320104  0.00301475
        1924       -0.36   -0.320125  0.00301326
        1925        -0.6    -0.32027   0.0030152
        1926       -0.52   -0.320374  0.00301541
        1927       -0.28   -0.320353  0.00301392
        1928        -0.2    -0.32029  0.00301301
        1929        -0.2   -0.320228  0.00301209
        1930        -0.2   -0.320166  0.00301117
        1931       -0.28   -0.320145  0.00300968
        1932       -0.12   -0.320041  0.00300991
        1933       -0.52   -0.320145  0.00301013
        1934       -0.52   -0.320248  0.00301035
        1935        -0.2   -0.320186  0.00300943
        1936       -0.36   -0.320207  0.00300795
        1937       -0.28   -0.320186  0.00300647
        1938       -0.12   -0.320083  0.00300669
        1939       -0.36   -0.320103  0.00300521
        1940       -0.12       -0.32  0.00300543
        1941       -0.28   -0.319979  0.00300395
        1942       -0.12   -0.319876  0.00300417
        1943       -0.36   -0.319897  0.00300269
        1944       -0.28   -0.319877  0.00300122
        1945       -0.28   -0.319856  0.00299975
        1946       -0.36   -0.319877  0.00299828
        1947       -0.44   -0.319938  0.00299737
        1948       -0.44       -0.32  0.00299646
        1949       -0.28   -0.319979    0.002995
        1950       -0.28   -0.319959  0.00299353
        1951       -0.28   -0.319938  0.00299207
        1952       -0.36   -0.319959   0.0029906
        1953       -0.44    -0.32002   0.0029897
        1954       -0.36   -0.320041  0.00298824
        1955       -0.44   -0.320102  0.00298734
        1956        -0.2   -0.320041  0.00298645
        1957       -0.36   -0.320061  0.00298499
        1958       -0.28   -0.320041  0.00298354
        1959       -0.36   -0.320061  0.00298208
        1960        -0.2       -0.32  0.00298119
        1961       -0.28    -0.31998  0.00297974
        1962       -0.28   -0.319959  0.00297829
        1963        -0.2   -0.319898   0.0029774
        1964       -0.44   -0.319959  0.00297651
        1965       -0.12   -0.319858  0.00297674
        1966       -0.12   -0.319756  0.00297696
        1967       -0.44   -0.319817  0.00297607
        1968        -0.2   -0.319756  0.00297518
        1969       -0.28   -0.319736  0.00297374
        1970        -0.2   -0.319675  0.00297285
        1971       -0.36   -0.319696  0.00297141
        1972       -0.36   -0.319716  0.00296998
        1973       -0.44   -0.319777   0.0029691
        1974       -0.68   -0.319959   0.0029732
        1975       -0.36    -0.31998  0.00297176
        1976       -0.36       -0.32  0.00297033
        1977       -0.36    -0.32002  0.00296889
        1978       -0.52   -0.320121  0.00296911
        1979       -0.52   -0.320222  0.00296933
        1980       -0.36   -0.320242   0.0029679
        1981       -0.36   -0.320262  0.00296647
        1982        -0.2   -0.320202  0.00296559
        1983        -0.2   -0.320141  0.00296471
        1984       -0.28   -0.320121  0.00296329
        1985       -0.44   -0.320181  0.00296241
        1986       -0.44   -0.320242  0.00296153
        1987        -0.2   -0.320181  0.00296066
        1988       -0.28   -0.320161  0.00295924
        1989       -0.44   -0.320221  0.00295837
        1990       -0.28   -0.320201  0.00295695
        1991       -0.28   -0.320181  0.00295553
        1992       -0.44   -0.320241  0.00295466
        1993       -0.28   -0.320221  0.00295325
        1994        -0.6   -0.320361   0.0029551
        1995       -0.44   -0.320421  0.00295423
        1996       -0.28   -0.320401  0.00295281
        1997       -0.52   -0.320501  0.00295303
        1998       -0.52   -0.320601  0.00295324
        1999       -0.44    -0.32066  0.00295236
        2000       -0.36    -0.32068  0.00295095
