           1         1.6         1.6           0
           2     1.59984     1.59992 5.58651e-05
           3     1.59937     1.59974 0.000155086
           4     1.59858     1.59945 0.000276631
           5     1.59747     1.59905 0.000417122
           6     1.59605     1.59855 0.000574349
           7     1.59431     1.59794 0.000746739
           8     1.59225     1.59723   0.0009331
           9     1.58987     1.59641  0.00113249
          10     1.58718     1.59549  0.00134413
          11     1.58417     1.59446  0.00156733
          12     1.58084     1.59333   0.0018014
          13      1.5772     1.59209  0.00204579
          14     1.57325     1.59074  0.00230001
          15     1.56898     1.58929   0.0025636
          16      1.5644     1.58773  0.00283623
          17     1.55951     1.58607  0.00311759
          18     1.55431     1.58431  0.00340747
          19     1.54879     1.58244  0.00370566
          20     1.54296     1.58047  0.00401195
          21     1.53681     1.57839  0.00432618
          22     1.53034      1.5762  0.00464821
          23     1.52356     1.57391  0.00497783
          24     1.51646     1.57152  0.00531489
          25     1.50905     1.56902  0.00565923
          26     1.50133     1.56642  0.00601069
          27     1.49329     1.56371  0.00636915
          28     1.48493      1.5609  0.00673447
          29     1.47626     1.55798  0.00710653
          30     1.46728     1.55495  0.00748516
          31     1.45799     1.55183  0.00787019
          32     1.44839     1.54859  0.00826147
          33     1.43848     1.54526  0.00865885
          34     1.42826     1.54182  0.00906218
          35     1.41774     1.53827  0.00947132
          36     1.40692     1.53462   0.0098861
          37     1.39579     1.53087   0.0103064
          38     1.38437     1.52701   0.0107321
          39     1.37265     1.52306   0.0111629
          40     1.36064       1.519   0.0115988
          41     1.34834     1.51483   0.0120396
          42     1.33576     1.51057   0.0124851
          43      1.3229     1.50621   0.0129351
          44     1.30976     1.50174   0.0133894
          45     1.29636     1.49718   0.0138479
          46     1.28269     1.49251   0.0143104
          47     1.26877     1.48775   0.0147765
          48     1.25459      1.4829   0.0152462
          49     1.24018     1.47794   0.0157191
          50     1.22553     1.47289   0.0161951
          51     1.21065     1.46775   0.0166739
          52     1.19556     1.46252   0.0171552
          53     1.18026     1.45719   0.0176388
          54     1.16476     1.45178   0.0181244
          55     1.14908     1.44627   0.0186117
          56     1.13322     1.44068   0.0191005
          57      1.1172     1.43501   0.0195904
          58     1.10103     1.42925   0.0200811
          59     1.08472     1.42341   0.0205722
          60     1.06829     1.41749   0.0210636
          61     1.05175      1.4115   0.0215548
          62     1.03512     1.40543   0.0220454
          63     1.01841     1.39928   0.0225351
          64     1.00164     1.39307   0.0230236
          65     0.98483     1.38679   0.0235104
          66    0.967994     1.38044   0.0239952
          67    0.951152     1.37404   0.0244776
          68    0.934322     1.36757   0.0249572
          69    0.917523     1.36105   0.0254335
          70    0.900775     1.35447   0.0259062
          71      0.8841     1.34785   0.0263748
          72    0.867518     1.34118   0.0268389
          73    0.851048     1.33446   0.0272982
          74    0.834711     1.32771   0.0277521
          75     0.81853     1.32092   0.0282002
          76    0.802524      1.3141   0.0286422
          77    0.786716     1.30725   0.0290776
          78    0.771126     1.30038    0.029506
          79    0.755775     1.29348    0.029927
          80    0.740684     1.28657   0.0303401
          81    0.725874     1.27965   0.0307451
          82    0.711365     1.27272   0.0311414
          83    0.697176     1.26578   0.0315288
          84    0.683326     1.25885   0.0319069
          85    0.669834     1.25192   0.0322752
          86    0.656718       1.245   0.0326335
          87    0.643994     1.23809   0.0329815
          88    0.631678      1.2312   0.0333188
          89    0.619784     1.22433   0.0336452
          90    0.608328     1.21749   0.0339605
          91    0.597321     1.21067   0.0342643
          92    0.586775     1.20389   0.0345564
          93      0.5767     1.19715   0.0348367
          94    0.567105     1.19044   0.0351049
          95    0.557999     1.18379    0.035361
          96    0.549387     1.17718   0.0356048
          97    0.541276     1.17062   0.0358362
          98    0.533668     1.16412   0.0360551
          99    0.526567     1.15768   0.0362615
         100    0.519972     1.15131   0.0364553
         101    0.513885     1.14499   0.0366366
         102    0.508303     1.13875   0.0368053
         103    0.503225     1.13258   0.0369616
         104    0.498646     1.12649   0.0371054
         105    0.494561     1.12047   0.0372369
         106    0.490963     1.11453   0.0373562
         107    0.487844     1.10867   0.0374633
         108    0.485197      1.1029   0.0375586
         109    0.483011     1.09721   0.0376421
         110    0.481277     1.09161   0.0377141
         111    0.479984      1.0861   0.0377747
         112    0.479118     1.08068   0.0378242
         113    0.478667     1.07536   0.0378628
         114    0.478619     1.07012   0.0378908
         115    0.478959     1.06498   0.0379084
         116    0.479673     1.05994    0.037916
         117    0.480746     1.05499   0.0379137
         118    0.482163     1.05013   0.0379019
         119    0.483909     1.04537   0.0378809
         120    0.485968     1.04071   0.0378509
         121    0.488325     1.03615   0.0378124
         122    0.490963     1.03168   0.0377656
         123    0.493866      1.0273   0.0377108
         124     0.49702     1.02303   0.0376484
         125    0.500407     1.01885   0.0375787
         126    0.504012     1.01476   0.0375019
         127     0.50782     1.01077   0.0374185
         128    0.511814     1.00687   0.0373286
         129    0.515981     1.00307   0.0372327
         130    0.520304    0.999352    0.037131
         131    0.524769     0.99573   0.0370239
         132    0.529362    0.992197   0.0369116
         133    0.534068    0.988752   0.0367944
         134    0.538874    0.985395   0.0366727
         135    0.543766    0.982123   0.0365467
         136    0.548733    0.978937   0.0364166
         137     0.55376    0.975833   0.0362828
         138    0.558836    0.972811   0.0361455
         139    0.563948     0.96987   0.0360049
         140    0.569085    0.967007   0.0358614
         141    0.574237    0.964222   0.0357151
         142    0.579392    0.961512   0.0355662
         143     0.58454    0.958875   0.0354151
         144    0.589673    0.956311   0.0352618
         145     0.59478    0.953818   0.0351067
         146    0.599853    0.951394   0.0349498
         147    0.604883    0.949037   0.0347915
         148    0.609861    0.946745   0.0346318
         149     0.61478    0.944517    0.034471
         150    0.619633    0.942351   0.0343091
         151    0.624413    0.940245   0.0341465
         152    0.629112    0.938198   0.0339831
         153    0.633725    0.936208   0.0338192
         154    0.638246    0.934274   0.0336549
         155    0.642671    0.932392   0.0334903
         156    0.646994    0.930563   0.0333256
         157     0.65121    0.928784   0.0331608
         158    0.655316    0.927053    0.032996
         159    0.659307    0.925369   0.0328315
         160    0.663179     0.92373   0.0326671
         161     0.66693    0.922135   0.0325031
         162    0.670555    0.920582   0.0323396
         163    0.674055     0.91907   0.0321765
         164    0.677426    0.917596   0.0320141
         165    0.680666     0.91616   0.0318522
         166    0.683774     0.91476   0.0316911
         167    0.686749    0.913395   0.0315307
         168    0.689589    0.912063   0.0313712
         169    0.692294    0.910762   0.0312125
         170    0.694864    0.909492   0.0310547
         171    0.697298    0.908252   0.0308979
         172    0.699597    0.907038    0.030742
         173    0.701762    0.905852   0.0305872
         174    0.703794    0.904691   0.0304335
         175    0.705694    0.903553   0.0302808
         176    0.707462    0.902439   0.0301293
         177      0.7091    0.901347   0.0299788
         178    0.710611    0.900275   0.0298295
         179    0.711995    0.899224   0.0296814
         180    0.713255     0.89819   0.0295345
         181    0.714393    0.897175   0.0293888
         182    0.715413    0.896176   0.0292443
         183    0.716317    0.895193    0.029101
         184    0.717107    0.894226   0.0289589
         185    0.717788    0.893272   0.0288181
         186    0.718363    0.892332   0.0286785
         187    0.718834    0.891404   0.0285401
         188    0.719205    0.890488    0.028403
         189     0.71948    0.889583   0.0282671
         190    0.719663    0.888689   0.0281325
         191    0.719758    0.887804   0.0279991
         192    0.719769    0.886929    0.027867
         193    0.719699    0.886063    0.027736
         194    0.719554    0.885204   0.0276064
         195    0.719337    0.884354   0.0274779
         196    0.719052     0.88351   0.0273506
         197    0.718704    0.882674   0.0272246
         198    0.718298    0.881844   0.0270997
         199    0.717839    0.881019   0.0269761
         200    0.717329    0.880201   0.0268536
         201    0.716774    0.879388   0.0267323
         202    0.716178     0.87858   0.0266122
         203    0.715546    0.877777   0.0264932
         204    0.714881    0.876978   0.0263754
         205    0.714188    0.876184   0.0262587
         206    0.713471    0.875394   0.0261431
         207    0.712733    0.874608   0.0260286
         208     0.71198    0.873827   0.0259152
         209    0.711214    0.873049   0.0258029
         210    0.710441    0.872274   0.0256916
         211    0.709663    0.871504   0.0255814
         212    0.708884    0.870736   0.0254723
         213    0.708109    0.869973   0.0253641
         214     0.70734    0.869213    0.025257
         215    0.706582    0.868457   0.0251508
         216    0.705835    0.867704   0.0250456
         217    0.705105    0.866954   0.0249414
         218    0.704394    0.866209   0.0248382
         219    0.703705    0.865467   0.0247358
         220    0.703039    0.864728   0.0246344
         221      0.7024    0.863994   0.0245339
         222    0.701789    0.863263   0.0244343
         223    0.701208    0.862537   0.0243355
         224    0.700661    0.861814   0.0242376
         225    0.700148    0.861095   0.0241405
         226    0.699672    0.860381   0.0240442
         227    0.699234    0.859671   0.0239488
         228    0.698838    0.858966   0.0238542
         229    0.698482    0.858265   0.0237603
         230    0.698169    0.857569   0.0236672
         231    0.697898    0.856878   0.0235748
         232    0.697672    0.856191   0.0234832
         233    0.697491     0.85551   0.0233923
         234    0.697356    0.854834   0.0233021
         235    0.697268    0.854164   0.0232125
         236    0.697226    0.853499   0.0231237
         237    0.697232     0.85284   0.0230355
         238    0.697286    0.852186    0.022948
         239    0.697387    0.851538   0.0228611
         240    0.697536    0.850897   0.0227749
         241    0.697731    0.850261   0.0226893
         242    0.697974    0.849632   0.0226042
         243    0.698263    0.849009   0.0225198
         244    0.698599    0.848392   0.0224359
         245     0.69898    0.847783   0.0223526
         246    0.699407    0.847179   0.0222699
         247    0.699878    0.846583   0.0221877
         248    0.700394    0.845994   0.0221061
         249    0.700955    0.845411    0.022025
         250    0.701558    0.844836   0.0219444
         251    0.702203    0.844267   0.0218643
         252     0.70289    0.843706   0.0217848
         253    0.703619    0.843153   0.0217057
         254    0.704388    0.842606   0.0216271
         255    0.705198    0.842068    0.021549
         256    0.706048    0.841536   0.0214714
         257    0.706935    0.841013   0.0213942
         258    0.707858    0.840496   0.0213175
         259    0.708817    0.839988   0.0212413
         260     0.70981    0.839487   0.0211655
         261    0.710836    0.838994   0.0210901
         262    0.711896    0.838509   0.0210152
         263    0.712987    0.838032   0.0209407
         264     0.71411    0.837563   0.0208667
         265    0.715263    0.837101    0.020793
         266    0.716446    0.836648   0.0207198
         267    0.717656    0.836202    0.020647
         268    0.718893    0.835764   0.0205746
         269    0.720156    0.835334   0.0205026
         270    0.721445    0.834913    0.020431
         271    0.722758    0.834499   0.0203598
         272    0.724093    0.834093    0.020289
         273    0.725451    0.833695   0.0202186
         274     0.72683    0.833305   0.0201485
         275     0.72823    0.832923   0.0200789
         276    0.729649    0.832549   0.0200096
         277    0.731087    0.832182   0.0199407
         278    0.732542    0.831824   0.0198722
         279    0.734012    0.831473   0.0198041
         280    0.735497    0.831131   0.0197363
         281    0.736994    0.830796   0.0196689
         282    0.738503    0.830468   0.0196019
         283    0.740025    0.830149   0.0195353
         284    0.741555    0.829837    0.019469
         285    0.743094    0.829532    0.019403
         286     0.74464    0.829235   0.0193375
         287    0.746191    0.828946   0.0192723
         288    0.747748    0.828664   0.0192074
         289    0.749308     0.82839   0.0191429
         290    0.750869    0.828122   0.0190788
         291    0.752432    0.827862    0.019015
         292    0.753994    0.827609   0.0189515
         293    0.755554    0.827363   0.0188884
         294    0.757111    0.827124   0.0188257
         295    0.758666    0.826892   0.0187633
         296    0.760215    0.826667   0.0187013
         297    0.761756    0.826448   0.0186396
         298    0.763289    0.826237   0.0185782
         299    0.764813    0.826031   0.0185172
         300    0.766325    0.825832   0.0184566
         301    0.767826    0.825639   0.0183963
         302    0.769313    0.825453   0.0183363
         303    0.770787    0.825272   0.0182767
         304    0.772246    0.825098   0.0182174
         305    0.773688    0.824929   0.0181584
         306    0.775113    0.824767   0.0180998
         307    0.776519    0.824609   0.0180416
         308    0.777907    0.824458   0.0179836
         309    0.779275    0.824312    0.017926
         310    0.780622    0.824171   0.0178687
         311    0.781947    0.824035   0.0178118
         312    0.783248    0.823904   0.0177552
         313    0.784526    0.823778   0.0176989
         314     0.78578    0.823657    0.017643
         315    0.787009    0.823541   0.0175873
         316    0.788212    0.823429    0.017532
         317    0.789388    0.823322   0.0174771
         318    0.790537    0.823219   0.0174224
         319    0.791659     0.82312   0.0173681
         320    0.792754    0.823025   0.0173141
         321    0.793822    0.822934   0.0172604
         322    0.794861    0.822847    0.017207
         323    0.795872    0.822763   0.0171539
         324    0.796854    0.822683   0.0171011
         325    0.797808    0.822607   0.0170487
         326    0.798733    0.822534   0.0169966
         327     0.79963    0.822463   0.0169447
         328    0.800499    0.822397   0.0168932
         329     0.80134    0.822333    0.016842
         330    0.802153    0.822271    0.016791
         331     0.80294    0.822213   0.0167404
         332      0.8037    0.822157   0.0166901
         333    0.804435    0.822104   0.0166401
         334    0.805144    0.822053   0.0165903
         335    0.805827    0.822005   0.0165409
         336    0.806487    0.821959   0.0164917
         337    0.807122    0.821915   0.0164428
         338    0.807734    0.821873   0.0163942
         339    0.808323    0.821833   0.0163459
         340    0.808891    0.821795   0.0162979
         341    0.809439    0.821758   0.0162501
         342    0.809968    0.821724   0.0162026
         343    0.810477    0.821691   0.0161554
         344    0.810968     0.82166   0.0161085
         345    0.811443     0.82163   0.0160618
         346      0.8119    0.821602   0.0160154
         347    0.812342    0.821575   0.0159693
         348     0.81277     0.82155   0.0159234
         349    0.813184    0.821526   0.0158778
         350    0.813585    0.821504   0.0158325
         351    0.813976    0.821482   0.0157874
         352    0.814357    0.821462   0.0157426
         353    0.814729    0.821443    0.015698
         354    0.815093    0.821425   0.0156536
         355     0.81545    0.821408   0.0156096
         356      0.8158    0.821392   0.0155657
         357    0.816146    0.821378   0.0155221
         358    0.816488    0.821364   0.0154788
         359    0.816827    0.821351   0.0154357
         360    0.817164     0.82134   0.0153928
         361      0.8175    0.821329   0.0153501
         362    0.817835    0.821319   0.0153077
         363     0.81817    0.821311   0.0152656
         364    0.818507    0.821303   0.0152236
         365    0.818845    0.821296   0.0151819
         366    0.819187     0.82129   0.0151405
         367    0.819532    0.821286   0.0150992
         368    0.819881    0.821282   0.0150582
         369    0.820233    0.821279   0.0150174
         370     0.82059    0.821277   0.0149768
         371    0.820952    0.821276   0.0149364
         372    0.821318    0.821276   0.0148963
         373    0.821689    0.821277   0.0148563
         374    0.822064     0.82128   0.0148166
         375    0.822444    0.821283   0.0147771
         376     0.82283    0.821287   0.0147378
         377    0.823222    0.821292   0.0146987
         378    0.823619    0.821298   0.0146598
         379     0.82402    0.821305   0.0146211
         380    0.824424    0.821313   0.0145827
         381    0.824833    0.821323   0.0145444
         382    0.825244    0.821333   0.0145063
         383    0.825657    0.821344   0.0144684
         384    0.826071    0.821357   0.0144308
         385    0.826487     0.82137   0.0143933
         386    0.826903    0.821384    0.014356
         387    0.827318      0.8214   0.0143189
         388    0.827732    0.821416    0.014282
         389    0.828145    0.821433   0.0142453
         390    0.828554    0.821451   0.0142088
         391    0.828958    0.821471   0.0141725
         392    0.829356    0.821491   0.0141363
         393    0.829747    0.821512   0.0141004
         394    0.830131    0.821534   0.0140646
         395    0.830506    0.821556    0.014029
         396    0.830872     0.82158   0.0139936
         397    0.831227    0.821604   0.0139584
         398    0.831569    0.821629   0.0139233
         399    0.831899    0.821655   0.0138885
         400    0.832214    0.821681   0.0138538
         401    0.832514    0.821708   0.0138193
         402    0.832797    0.821736   0.0137849
         403    0.833063    0.821764   0.0137507
         404    0.833309    0.821793   0.0137167
         405    0.833536    0.821822   0.0136829
         406    0.833741    0.821851   0.0136492
         407    0.833924    0.821881   0.0136157
         408    0.834084    0.821911   0.0135824
         409    0.834221    0.821941   0.0135492
         410    0.834333    0.821971   0.0135162
         411     0.83442    0.822001   0.0134833
         412    0.834482    0.822031   0.0134506
         413    0.834518    0.822062   0.0134181
         414    0.834528    0.822092   0.0133857
         415     0.83451    0.822122   0.0133535
         416    0.834465    0.822151   0.0133214
         417    0.834392    0.822181   0.0132895
         418    0.834292     0.82221   0.0132578
         419    0.834162    0.822238   0.0132262
         420    0.834005    0.822266   0.0131947
         421    0.833818    0.822294   0.0131634
         422    0.833603    0.822321   0.0131322
         423    0.833359    0.822347   0.0131012
         424    0.833086    0.822372   0.0130703
         425    0.832786    0.822396   0.0130396
         426    0.832458     0.82242    0.013009
         427    0.832103    0.822443   0.0129786
         428     0.83172    0.822464   0.0129483
         429     0.83131    0.822485   0.0129181
         430    0.830875    0.822505   0.0128881
         431    0.830414    0.822523   0.0128582
         432    0.829926     0.82254   0.0128284
         433    0.829414    0.822556   0.0127988
         434    0.828876     0.82257   0.0127693
         435    0.828316    0.822584     0.01274
         436    0.827732    0.822596   0.0127108
         437    0.827125    0.822606   0.0126817
         438    0.826498    0.822615   0.0126527
         439    0.825849    0.822622   0.0126239
         440    0.825181    0.822628   0.0125952
         441    0.824496    0.822632   0.0125667
         442    0.823792    0.822635   0.0125382
         443    0.823072    0.822636   0.0125099
         444    0.822336    0.822635   0.0124817
         445    0.821586    0.822633   0.0124537
         446    0.820822    0.822629   0.0124258
         447    0.820046    0.822623    0.012398
         448    0.819258    0.822615   0.0123703
         449    0.818459    0.822606   0.0123428
         450     0.81765    0.822595   0.0123153
         451    0.816831    0.822582    0.012288
         452    0.816003    0.822568   0.0122609
         453    0.815168    0.822551   0.0122338
         454    0.814327    0.822533   0.0122069
         455    0.813479    0.822513   0.0121801
         456    0.812626    0.822492   0.0121534
         457     0.81177    0.822468   0.0121268
         458    0.810911    0.822443   0.0121003
         459    0.810051    0.822416    0.012074
         460    0.809188    0.822387   0.0120478
         461    0.808323    0.822357   0.0120217
         462    0.807456    0.822325   0.0119957
         463    0.806588    0.822291   0.0119699
         464     0.80572    0.822255   0.0119441
         465    0.804853    0.822217   0.0119185
         466    0.803987    0.822178    0.011893
         467    0.803122    0.822138   0.0118676
         468     0.80226    0.822095   0.0118423
         469      0.8014    0.822051   0.0118171
         470    0.800544    0.822005   0.0117921
         471    0.799692    0.821958   0.0117671
         472    0.798845    0.821909   0.0117423
         473    0.798002    0.821858   0.0117176
         474    0.797164    0.821806    0.011693
         475    0.796331    0.821753   0.0116685
         476    0.795502    0.821697   0.0116441
         477     0.79468    0.821641   0.0116198
         478    0.793863    0.821583   0.0115957
         479    0.793054    0.821523   0.0115716
         480    0.792253    0.821462   0.0115477
         481     0.79146      0.8214   0.0115238
         482    0.790674    0.821336   0.0115001
         483    0.789896    0.821271   0.0114765
         484    0.789127    0.821204    0.011453
         485    0.788366    0.821137   0.0114295
         486    0.787615    0.821068   0.0114062
         487    0.786875    0.820998    0.011383
         488    0.786146    0.820926   0.0113599
         489    0.785429    0.820854   0.0113369
         490    0.784724     0.82078    0.011314
         491    0.784032    0.820705   0.0112912
         492    0.783353    0.820629   0.0112685
         493    0.782688    0.820552   0.0112459
         494    0.782039    0.820474   0.0112234
         495    0.781408    0.820395   0.0112011
         496    0.780794    0.820315   0.0111788
         497    0.780197    0.820235   0.0111566
         498    0.779618    0.820153   0.0111344
         499    0.779059    0.820071   0.0111124
         500    0.778521    0.819988   0.0110905
         501    0.778005    0.819904   0.0110687
         502    0.777512    0.819819    0.011047
         503    0.777044    0.819734   0.0110253
         504    0.776601    0.819649   0.0110038
         505    0.776186    0.819563   0.0109823
         506      0.7758    0.819476    0.010961
         507    0.775445    0.819389   0.0109397
         508    0.775121    0.819302   0.0109185
         509     0.77483    0.819215   0.0108974
         510    0.774573    0.819127   0.0108764
         511    0.774352     0.81904   0.0108555
         512    0.774167    0.818952   0.0108346
         513     0.77402    0.818864   0.0108139
         514    0.773913    0.818777   0.0107932
         515    0.773847     0.81869   0.0107726
         516    0.773822    0.818603    0.010752
         517     0.77384    0.818516   0.0107316
         518    0.773901     0.81843   0.0107112
         519    0.774007    0.818345   0.0106909
         520     0.77416     0.81826   0.0106707
         521     0.77436    0.818175   0.0106506
         522    0.774607    0.818092   0.0106305
         523    0.774902    0.818009   0.0106105
         524    0.775245    0.817928   0.0105905
         525    0.775635    0.817847   0.0105707
         526    0.776074    0.817768   0.0105509
         527    0.776561    0.817689   0.0105311
         528    0.777096    0.817613   0.0105115
         529    0.777678    0.817537   0.0104919
         530    0.778308    0.817463   0.0104723
         531    0.778985    0.817391   0.0104529
         532    0.779707     0.81732   0.0104335
         533    0.780476    0.817251   0.0104141
         534    0.781289    0.817183   0.0103948
         535    0.782145    0.817118   0.0103756
         536    0.783043    0.817054   0.0103564
         537    0.783982    0.816993   0.0103373
         538     0.78496    0.816933   0.0103183
         539    0.785976    0.816876   0.0102993
         540    0.787028     0.81682   0.0102804
         541    0.788112    0.816767   0.0102615
         542    0.789229    0.816717   0.0102427
         543    0.790375    0.816668    0.010224
         544    0.791548    0.816622   0.0102053
         545    0.792746    0.816578   0.0101867
         546    0.793966    0.816537   0.0101681
         547    0.795207    0.816498   0.0101496
         548    0.796465    0.816461   0.0101311
         549    0.797737    0.816427   0.0101127
         550    0.799022    0.816395   0.0100944
         551    0.800317    0.816366   0.0100761
         552     0.80162    0.816339   0.0100579
         553    0.802927    0.816315   0.0100397
         554    0.804236    0.816293   0.0100216
         555    0.805546    0.816274   0.0100036
         556    0.806853    0.816257  0.00998561
         557    0.808154    0.816243  0.00996769
         558    0.809448     0.81623  0.00994983
         559    0.810732    0.816221  0.00993204
         560    0.812005    0.816213  0.00991431
         561    0.813263    0.816208  0.00989664
         562    0.814504    0.816205  0.00987903
         563    0.815727    0.816204  0.00986148
         564    0.816929    0.816205  0.00984399
         565    0.818109    0.816209  0.00982657
         566    0.819265    0.816214  0.00980921
         567    0.820396    0.816221  0.00979192
         568    0.821501    0.816231  0.00977468
         569    0.822577    0.816242  0.00975751
         570    0.823625    0.816255   0.0097404
         571    0.824643    0.816269  0.00972335
         572    0.825631    0.816286  0.00970637
         573    0.826589    0.816304  0.00968944
         574    0.827515    0.816323  0.00967258
         575     0.82841    0.816344  0.00965578
         576    0.829274    0.816367  0.00963905
         577    0.830106    0.816391  0.00962237
         578    0.830908    0.816416  0.00960575
         579     0.83168    0.816442   0.0095892
         580    0.832421     0.81647  0.00957271
         581    0.833133    0.816498  0.00955627
         582    0.833816    0.816528   0.0095399
         583    0.834472    0.816559  0.00952359
         584    0.835102    0.816591  0.00950733
         585    0.835707    0.816623  0.00949114
         586    0.836286    0.816657    0.009475
         587    0.836843    0.816691  0.00945892
         588    0.837378    0.816726   0.0094429
         589    0.837892    0.816762  0.00942693
         590    0.838388    0.816799  0.00941103
         591    0.838868    0.816836  0.00939518
         592    0.839333    0.816874  0.00937939
         593    0.839784    0.816913  0.00936365
         594    0.840224    0.816952  0.00934797
         595    0.840654    0.816992  0.00933234
         596    0.841076    0.817032  0.00931677
         597     0.84149    0.817073  0.00930125
         598    0.841899    0.817115  0.00928579
         599    0.842304    0.817157  0.00927039
         600    0.842705      0.8172  0.00925503
         601    0.843104    0.817243  0.00923973
         602    0.843503    0.817286  0.00922449
         603    0.843901     0.81733   0.0092093
         604    0.844302    0.817375  0.00919416
         605    0.844704     0.81742  0.00917907
         606    0.845109    0.817466  0.00916404
         607    0.845518    0.817512  0.00914906
         608    0.845933    0.817559  0.00913413
         609    0.846353    0.817606  0.00911925
         610    0.846779    0.817654  0.00910443
         611    0.847211    0.817702  0.00908966
         612    0.847648    0.817751  0.00907494
         613    0.848092    0.817801  0.00906027
         614     0.84854    0.817851  0.00904565
         615    0.848995    0.817901  0.00903108
         616    0.849455    0.817953  0.00901657
         617     0.84992    0.818004   0.0090021
         618     0.85039    0.818057  0.00898769
         619    0.850866     0.81811  0.00897332
         620    0.851348    0.818164  0.00895901
         621    0.851833    0.818218  0.00894475
         622    0.852322    0.818273  0.00893054
         623    0.852815    0.818328  0.00891637
         624     0.85331    0.818384  0.00890226
         625    0.853808    0.818441   0.0088882
         626    0.854307    0.818498  0.00887418
         627    0.854806    0.818556  0.00886022
         628    0.855305    0.818614   0.0088463
         629    0.855804    0.818674  0.00883244
         630    0.856303    0.818733  0.00881862
         631      0.8568    0.818794  0.00880485
         632    0.857297    0.818855  0.00879113
         633    0.857794    0.818916  0.00877746
         634     0.85829    0.818978  0.00876383
         635    0.858785    0.819041  0.00875025
         636    0.859279    0.819104  0.00873672
         637    0.859772    0.819168  0.00872324
         638    0.860263    0.819232  0.00870981
         639    0.860753    0.819297  0.00869642
         640    0.861242    0.819363  0.00868308
         641     0.86173    0.819429  0.00866978
         642    0.862218    0.819496  0.00865654
         643    0.862705    0.819563  0.00864333
         644    0.863193    0.819631  0.00863018
         645    0.863681    0.819699  0.00861707
         646    0.864168    0.819768    0.008604
         647    0.864655    0.819837  0.00859099
         648    0.865143    0.819907  0.00857801
         649    0.865631    0.819977  0.00856508
         650    0.866121    0.820048   0.0085522
         651    0.866611     0.82012  0.00853936
         652    0.867102    0.820192  0.00852657
         653    0.867593    0.820265  0.00851382
         654    0.868085    0.820338  0.00850112
         655    0.868577    0.820411  0.00848846
         656     0.86907    0.820486  0.00847584
         657    0.869565     0.82056  0.00846327
         658     0.87006    0.820636  0.00845074
         659    0.870554    0.820711  0.00843826
         660    0.871047    0.820788  0.00842582
         661     0.87154    0.820864  0.00841342
         662    0.872032    0.820942  0.00840107
         663    0.872521    0.821019  0.00838876
         664    0.873008    0.821098  0.00837649
         665    0.873492    0.821176  0.00836426
         666    0.873973    0.821256  0.00835208
         667    0.874448    0.821336  0.00833994
         668    0.874917    0.821416  0.00832784
         669    0.875377    0.821496  0.00831578
         670     0.87583    0.821577  0.00830376
         671    0.876272    0.821659  0.00829179
         672    0.876704    0.821741  0.00827985
         673    0.877123    0.821823  0.00826796
         674     0.87753    0.821906  0.00825611
         675    0.877922    0.821989  0.00824429
         676    0.878299    0.822072  0.00823252
         677    0.878659    0.822156  0.00822078
         678    0.879001     0.82224  0.00820908
         679    0.879325    0.822324  0.00819742
         680    0.879629    0.822408   0.0081858
         681    0.879911    0.822492  0.00817422
         682     0.88017    0.822577  0.00816267
         683    0.880404    0.822662  0.00815116
         684    0.880613    0.822746  0.00813968
         685    0.880796    0.822831  0.00812824
         686    0.880951    0.822916  0.00811683
         687    0.881078       0.823  0.00810546
         688    0.881177    0.823085  0.00809412
         689    0.881246    0.823169  0.00808281
         690    0.881284    0.823254  0.00807154
         691    0.881291    0.823338  0.00806029
         692    0.881267    0.823421  0.00804908
         693    0.881212    0.823505   0.0080379
         694    0.881124    0.823588  0.00802674
         695    0.881006     0.82367  0.00801562
         696    0.880855    0.823753  0.00800452
         697    0.880673    0.823834  0.00799346
         698     0.88046    0.823915  0.00798242
         699    0.880216    0.823996   0.0079714
         700    0.879941    0.824076  0.00796041
         701    0.879636    0.824155  0.00794945
         702    0.879301    0.824234  0.00793852
         703    0.878938    0.824311  0.00792761
         704    0.878546    0.824388  0.00791672
         705    0.878129    0.824465  0.00790586
         706    0.877685     0.82454  0.00789502
         707    0.877217    0.824615   0.0078842
         708    0.876726    0.824688  0.00787341
         709    0.876213    0.824761  0.00786264
         710    0.875682    0.824833  0.00785189
         711    0.875132    0.824903  0.00784117
         712    0.874565    0.824973  0.00783047
         713    0.873982    0.825042  0.00781979
         714    0.873386     0.82511  0.00780913
         715    0.872778    0.825176  0.00779849
         716    0.872161    0.825242  0.00778787
         717    0.871537    0.825306  0.00777728
         718    0.870908     0.82537  0.00776671
         719    0.870275    0.825432  0.00775616
         720    0.869639    0.825494  0.00774563
         721    0.869006    0.825554  0.00773512
         722    0.868374    0.825613  0.00772463
         723    0.867748    0.825672  0.00771417
         724    0.867127    0.825729  0.00770373
         725    0.866517    0.825785  0.00769331
         726    0.865919     0.82584  0.00768291
         727    0.865336    0.825895  0.00767253
         728     0.86477    0.825948  0.00766218
         729    0.864221    0.826001  0.00765185
         730    0.863693    0.826052  0.00764154
         731    0.863186    0.826103  0.00763126
         732    0.862705    0.826153  0.00762099
         733    0.862249    0.826202  0.00761076
         734    0.861821    0.826251  0.00760054
         735    0.861423    0.826299  0.00759035
         736    0.861057    0.826346  0.00758019
         737    0.860725    0.826393  0.00757004
         738    0.860427    0.826439  0.00755993
         739    0.860167    0.826484  0.00754984
         740    0.859945     0.82653  0.00753977
         741    0.859764    0.826574  0.00752973
         742    0.859625    0.826619  0.00751971
         743    0.859528    0.826663  0.00750972
         744    0.859475    0.826707  0.00749976
         745    0.859466    0.826751  0.00748982
         746    0.859502    0.826795  0.00747991
         747    0.859584    0.826839  0.00747002
         748    0.859712    0.826883  0.00746016
         749    0.859887    0.826927  0.00745033
         750    0.860108    0.826971  0.00744053
         751    0.860375    0.827016  0.00743076
         752    0.860687    0.827061  0.00742101
         753    0.861044    0.827106  0.00741129
         754    0.861446    0.827151   0.0074016
         755    0.861892    0.827197  0.00739194
         756     0.86238    0.827244  0.00738231
         757    0.862911    0.827291  0.00737271
         758    0.863484    0.827339  0.00736314
         759    0.864095    0.827387   0.0073536
         760    0.864743    0.827436  0.00734409
         761    0.865426    0.827486   0.0073346
         762    0.866143    0.827537  0.00732515
         763     0.86689    0.827589  0.00731574
         764    0.867667    0.827641  0.00730635
         765    0.868471    0.827694  0.00729699
         766    0.869301    0.827749  0.00728767
         767    0.870153    0.827804  0.00727838
         768    0.871024     0.82786  0.00726912
         769    0.871911    0.827918  0.00725989
         770    0.872812    0.827976   0.0072507
         771    0.873725    0.828035  0.00724153
         772    0.874646    0.828096  0.00723241
         773    0.875574    0.828157  0.00722331
         774    0.876507    0.828219  0.00721425
         775    0.877442    0.828283  0.00720522
         776    0.878378    0.828348  0.00719622
         777    0.879312    0.828413  0.00718726
         778    0.880243     0.82848  0.00717833
         779    0.881168    0.828547  0.00716943
         780    0.882084    0.828616  0.00716057
         781     0.88299    0.828686  0.00715174
         782    0.883884    0.828756  0.00714294
         783    0.884766    0.828828  0.00713418
         784    0.885631      0.8289  0.00712545
         785    0.886481    0.828974  0.00711675
         786    0.887313    0.829048  0.00710808
         787    0.888127    0.829123  0.00709945
         788    0.888923    0.829199  0.00709084
         789      0.8897    0.829275  0.00708227
         790    0.890455    0.829353  0.00707373
         791     0.89119    0.829431  0.00706522
         792    0.891903     0.82951  0.00705674
         793    0.892595    0.829589  0.00704829
         794    0.893266     0.82967  0.00703987
         795    0.893914     0.82975  0.00703147
         796    0.894542    0.829832  0.00702311
         797    0.895148    0.829914  0.00701478
         798    0.895733    0.829996  0.00700647
         799    0.896298    0.830079  0.00699819
         800    0.896842    0.830163  0.00698994
         801    0.897367    0.830247  0.00698172
         802    0.897873    0.830331  0.00697353
         803    0.898363    0.830416  0.00696536
         804    0.898836    0.830501  0.00695721
         805    0.899293    0.830586  0.00694909
         806    0.899734    0.830672    0.006941
         807     0.90016    0.830758  0.00693294
         808    0.900572    0.830845  0.00692489
         809    0.900971    0.830931  0.00691688
         810    0.901359    0.831018  0.00690888
         811    0.901736    0.831105  0.00690091
         812    0.902102    0.831193  0.00689297
         813    0.902458     0.83128  0.00688505
         814    0.902805    0.831368  0.00687715
         815    0.903146    0.831456  0.00686928
         816    0.903481    0.831545  0.00686143
         817    0.903813    0.831633   0.0068536
         818    0.904141    0.831722  0.00684579
         819    0.904467    0.831811  0.00683801
         820    0.904791      0.8319  0.00683025
         821    0.905111    0.831989  0.00682251
         822     0.90543    0.832078   0.0068148
         823    0.905748    0.832168   0.0068071
         824    0.906066    0.832257  0.00679943
         825    0.906385    0.832347  0.00679179
         826    0.906705    0.832437  0.00678416
         827    0.907027    0.832527  0.00677656
         828     0.90735    0.832618  0.00676898
         829    0.907676    0.832708  0.00676142
         830    0.908003    0.832799  0.00675388
         831    0.908333     0.83289  0.00674636
         832    0.908666    0.832981  0.00673887
         833    0.909002    0.833072   0.0067314
         834    0.909341    0.833164  0.00672395
         835    0.909683    0.833255  0.00671652
         836    0.910028    0.833347  0.00670911
         837    0.910376    0.833439  0.00670173
         838    0.910729    0.833531  0.00669436
         839    0.911084    0.833624  0.00668702
         840    0.911445    0.833716   0.0066797
         841    0.911808    0.833809  0.00667241
         842    0.912174    0.833902  0.00666513
         843    0.912541    0.833996  0.00665788
         844     0.91291    0.834089  0.00665065
         845    0.913279    0.834183  0.00664344
         846    0.913649    0.834277  0.00663625
         847     0.91402    0.834371  0.00662908
         848     0.91439    0.834465  0.00662193
         849     0.91476     0.83456  0.00661481
         850    0.915126    0.834655  0.00660771
         851     0.91549     0.83475  0.00660062
         852     0.91585    0.834845  0.00659356
         853    0.916206     0.83494  0.00658652
         854    0.916555    0.835036   0.0065795
         855    0.916897    0.835132  0.00657251
         856    0.917231    0.835227  0.00656553
         857    0.917555    0.835324  0.00655857
         858    0.917868     0.83542  0.00655163
         859    0.918168    0.835516  0.00654471
         860    0.918455    0.835613  0.00653781
         861    0.918727    0.835709  0.00653093
         862    0.918983    0.835806  0.00652407
         863    0.919219    0.835902  0.00651723
         864    0.919437    0.835999   0.0065104
         865    0.919632    0.836096  0.00650359
         866    0.919804    0.836192   0.0064968
         867     0.91995    0.836289  0.00649002
         868    0.920067    0.836385  0.00648326
         869    0.920153    0.836482  0.00647652
         870    0.920208    0.836578  0.00646979
         871    0.920229    0.836674  0.00646308
         872    0.920213     0.83677  0.00645637
         873    0.920158    0.836865  0.00644969
         874    0.920062    0.836961  0.00644301
         875    0.919923    0.837055  0.00643634
         876    0.919741     0.83715  0.00642969
         877    0.919513    0.837244  0.00642304
         878    0.919234    0.837337   0.0064164
         879    0.918904     0.83743  0.00640978
         880     0.91852    0.837522  0.00640315
         881    0.918078    0.837614  0.00639654
         882    0.917578    0.837704  0.00638993
         883    0.917017    0.837794  0.00638332
         884    0.916393    0.837883  0.00637672
         885    0.915702    0.837971  0.00637012
         886    0.914945    0.838058  0.00636353
         887    0.914117    0.838144  0.00635693
         888    0.913216    0.838228  0.00635033
         889    0.912242    0.838311  0.00634374
         890    0.911193    0.838393  0.00633714
         891    0.910065    0.838474  0.00633053
         892    0.908857    0.838553  0.00632393
         893    0.907569     0.83863  0.00631732
         894    0.906199    0.838705  0.00631071
         895    0.904743    0.838779  0.00630409
         896    0.903202    0.838851  0.00629746
         897    0.901574    0.838921  0.00629083
         898    0.899858    0.838989  0.00628419
         899    0.898053    0.839055  0.00627754
         900    0.896158    0.839118  0.00627089
         901    0.894174    0.839179  0.00626422
         902      0.8921    0.839238  0.00625755
         903    0.889938    0.839294  0.00625088
         904    0.887685    0.839347  0.00624419
         905    0.885343    0.839398   0.0062375
         906    0.882912    0.839446   0.0062308
         907    0.880393    0.839491  0.00622409
         908    0.877786    0.839534  0.00621738
         909    0.875095    0.839573  0.00621066
         910    0.872319    0.839609  0.00620394
         911    0.869462    0.839642  0.00619722
         912    0.866526    0.839671  0.00619049
         913    0.863511    0.839697  0.00618377
         914    0.860423     0.83972  0.00617705
         915    0.857263    0.839739  0.00617032
         916    0.854035    0.839755  0.00616361
         917    0.850744    0.839767   0.0061569
         918    0.847394    0.839775   0.0061502
         919    0.843989    0.839779  0.00614351
         920    0.840533     0.83978  0.00613683
         921    0.837031    0.839777  0.00613017
         922    0.833488     0.83977  0.00612352
         923     0.82991     0.83976   0.0061169
         924    0.826302    0.839745  0.00611029
         925     0.82267    0.839727  0.00610372
         926     0.81902    0.839704  0.00609717
         927    0.815358    0.839678  0.00609064
         928    0.811687    0.839648  0.00608416
         929    0.808015    0.839614   0.0060777
         930    0.804347    0.839576  0.00607129
         931     0.80069    0.839534  0.00606491
         932     0.79705    0.839489  0.00605857
         933    0.793431    0.839439  0.00605228
         934    0.789841    0.839386  0.00604603
         935    0.786285    0.839329  0.00603983
         936    0.782769    0.839269  0.00603368
         937    0.779299    0.839205  0.00602758
         938    0.775879    0.839137  0.00602153
         939    0.772515    0.839066  0.00601554
         940    0.769212    0.838992   0.0060096
         941    0.765973    0.838915  0.00600371
         942    0.762803    0.838834  0.00599788
         943    0.759707     0.83875  0.00599211
         944    0.756686    0.838663  0.00598639
         945    0.753745    0.838573  0.00598073
         946    0.750887     0.83848  0.00597513
         947    0.748114    0.838385  0.00596958
         948    0.745428    0.838287  0.00596409
         949    0.742831    0.838186  0.00595865
         950    0.740326    0.838083  0.00595327
         951    0.737914    0.837978  0.00594794
         952    0.735595     0.83787  0.00594267
         953    0.733372    0.837761  0.00593744
         954    0.731244    0.837649  0.00593227
         955    0.729211    0.837536  0.00592714
         956    0.727275     0.83742  0.00592207
         957    0.725435    0.837303  0.00591703
         958     0.72369    0.837185  0.00591205
         959    0.722041    0.837065   0.0059071
         960    0.720487    0.836943  0.00590219
         961    0.719028     0.83682  0.00589733
         962    0.717662    0.836697   0.0058925
         963    0.716389    0.836572   0.0058877
         964    0.715207    0.836446  0.00588294
         965    0.714116    0.836319  0.00587821
         966    0.713115    0.836191  0.00587351
         967    0.712203    0.836063  0.00586884
         968     0.71138    0.835934  0.00586419
         969    0.710641    0.835805  0.00585956
         970    0.709987    0.835675  0.00585495
         971    0.709415    0.835545  0.00585037
         972    0.708925    0.835415   0.0058458
         973    0.708516    0.835285  0.00584125
         974    0.708185    0.835154  0.00583671
         975    0.707932    0.835024  0.00583218
         976    0.707753    0.834893  0.00582766
         977    0.707647    0.834763  0.00582315
         978    0.707612    0.834633  0.00581865
         979    0.707648    0.834503  0.00581415
         980    0.707751    0.834374  0.00580966
         981     0.70792    0.834245  0.00580516
         982    0.708154    0.834117  0.00580067
         983     0.70845    0.833989  0.00579618
         984    0.708808    0.833862  0.00579168
         985    0.709225    0.833735  0.00578719
         986    0.709701    0.833609  0.00578268
         987    0.710232    0.833484  0.00577818
         988    0.710817     0.83336  0.00577366
         989    0.711454    0.833237  0.00576914
         990     0.71214    0.833115  0.00576461
         991    0.712875    0.832993  0.00576007
         992    0.713657    0.832873  0.00575552
         993    0.714484    0.832754  0.00575096
         994    0.715353    0.832636  0.00574638
         995    0.716263    0.832519   0.0057418
         996    0.717212    0.832403   0.0057372
         997    0.718197    0.832288  0.00573259
         998    0.719217    0.832175  0.00572796
         999    0.720272    0.832063  0.00572333
        1000    0.721357    0.831952  0.00571867
        1001    0.722472    0.831843  0.00571401
        1002    0.723616    0.831735  0.00570932
        1003    0.724785    0.831628  0.00570463
        1004    0.725979    0.831523  0.00569992
        1005    0.727196    0.831419  0.00569519
        1006    0.728432    0.831317  0.00569045
        1007    0.729689    0.831216  0.00568569
        1008    0.730963    0.831117  0.00568092
        1009    0.732253    0.831019  0.00567614
        1010    0.733557    0.830922  0.00567134
        1011    0.734872    0.830827  0.00566652
        1012    0.736198    0.830734   0.0056617
        1013    0.737532    0.830642  0.00565685
        1014    0.738874    0.830551    0.005652
        1015    0.740221    0.830462  0.00564713
        1016    0.741572    0.830375  0.00564225
        1017    0.742926    0.830289  0.00563736
        1018    0.744279    0.830204  0.00563245
        1019    0.745632    0.830121  0.00562754
        1020    0.746982     0.83004  0.00562261
        1021    0.748329     0.82996  0.00561767
        1022    0.749671    0.829881  0.00561273
        1023    0.751006    0.829804  0.00560777
        1024    0.752334    0.829728   0.0056028
        1025    0.753653    0.829654  0.00559783
        1026    0.754961    0.829581  0.00559284
        1027    0.756259     0.82951  0.00558785
        1028    0.757544     0.82944  0.00558286
        1029    0.758815    0.829371  0.00557785
        1030    0.760072    0.829304  0.00557284
        1031    0.761314    0.829238  0.00556783
        1032    0.762541    0.829173  0.00556281
        1033     0.76375     0.82911  0.00555778
        1034     0.76494    0.829048  0.00555276
        1035    0.766113    0.828987  0.00554772
        1036    0.767267    0.828928  0.00554269
        1037    0.768402    0.828869  0.00553765
        1038    0.769516    0.828812  0.00553261
        1039    0.770611    0.828756  0.00552757
        1040    0.771684    0.828701  0.00552253
        1041    0.772736    0.828647  0.00551748
        1042    0.773766    0.828595  0.00551244
        1043    0.774775    0.828543   0.0055074
        1044    0.775763    0.828492  0.00550235
        1045    0.776729    0.828443  0.00549731
        1046    0.777674    0.828394  0.00549227
        1047    0.778597    0.828347  0.00548723
        1048      0.7795      0.8283  0.00548219
        1049    0.780382    0.828255  0.00547716
        1050    0.781245     0.82821  0.00547212
        1051    0.782089    0.828166  0.00546709
        1052    0.782914    0.828123  0.00546206
        1053    0.783723    0.828081  0.00545704
        1054    0.784515    0.828039  0.00545202
        1055    0.785291    0.827999    0.005447
        1056    0.786052    0.827959  0.00544199
        1057    0.786799     0.82792  0.00543698
        1058    0.787533    0.827882  0.00543197
        1059    0.788255    0.827845  0.00542697
        1060    0.788966    0.827808  0.00542198
        1061    0.789668    0.827772  0.00541699
        1062    0.790361    0.827737    0.005412
        1063    0.791045    0.827702  0.00540702
        1064    0.791722    0.827668  0.00540204
        1065    0.792394    0.827635  0.00539707
        1066    0.793061    0.827603  0.00539211
        1067    0.793726    0.827571  0.00538715
        1068    0.794389     0.82754  0.00538219
        1069    0.795051     0.82751  0.00537724
        1070    0.795714     0.82748   0.0053723
        1071    0.796379    0.827451  0.00536736
        1072    0.797047    0.827423  0.00536243
        1073    0.797718    0.827395   0.0053575
        1074    0.798394    0.827368  0.00535258
        1075    0.799075    0.827342  0.00534767
        1076    0.799763    0.827316  0.00534276
        1077    0.800459    0.827291  0.00533786
        1078    0.801163    0.827267  0.00533296
        1079    0.801875    0.827243  0.00532807
        1080    0.802597     0.82722  0.00532319
        1081    0.803329    0.827198  0.00531831
        1082    0.804072    0.827177  0.00531344
        1083    0.804825    0.827156  0.00530857
        1084    0.805588    0.827136  0.00530371
        1085    0.806363    0.827117  0.00529886
        1086     0.80715    0.827099  0.00529401
        1087    0.807948    0.827081  0.00528917
        1088    0.808757    0.827064  0.00528433
        1089    0.809578    0.827048  0.00527951
        1090    0.810411    0.827033  0.00527468
        1091    0.811255    0.827019  0.00526987
        1092     0.81211    0.827005  0.00526506
        1093    0.812974    0.826992  0.00526026
        1094    0.813848     0.82698  0.00525547
        1095    0.814731    0.826969  0.00525068
        1096    0.815623    0.826959   0.0052459
        1097    0.816523    0.826949  0.00524112
        1098     0.81743     0.82694  0.00523636
        1099    0.818345    0.826933   0.0052316
        1100    0.819268    0.826926  0.00522685
        1101    0.820197    0.826919   0.0052221
        1102    0.821133    0.826914  0.00521737
        1103    0.822075     0.82691  0.00521264
        1104    0.823021    0.826906  0.00520792
        1105    0.823971    0.826904  0.00520321
        1106    0.824923    0.826902   0.0051985
        1107    0.825876    0.826901  0.00519381
        1108     0.82683    0.826901  0.00518912
        1109    0.827785    0.826902  0.00518444
        1110    0.828741    0.826903  0.00517977
        1111    0.829695    0.826906  0.00517511
        1112    0.830646    0.826909  0.00517045
        1113    0.831597    0.826913  0.00516581
        1114    0.832546    0.826918  0.00516118
        1115    0.833492    0.826924  0.00515655
        1116    0.834434    0.826931  0.00515193
        1117    0.835373    0.826939  0.00514733
        1118    0.836308    0.826947  0.00514273
        1119    0.837237    0.826956  0.00513814
        1120     0.83816    0.826966  0.00513357
        1121    0.839076    0.826977    0.005129
        1122    0.839986    0.826989  0.00512444
        1123     0.84089    0.827001  0.00511989
        1124    0.841788    0.827014  0.00511535
        1125    0.842677    0.827028  0.00511082
        1126    0.843558    0.827043  0.00510631
        1127     0.84443    0.827058   0.0051018
        1128    0.845294    0.827074   0.0050973
        1129    0.846148    0.827091  0.00509281
        1130    0.846994    0.827109  0.00508834
        1131    0.847831    0.827127  0.00508387
        1132    0.848659    0.827146  0.00507942
        1133    0.849477    0.827166  0.00507497
        1134    0.850286    0.827186  0.00507054
        1135    0.851086    0.827207  0.00506611
        1136    0.851876    0.827229   0.0050617
        1137    0.852656    0.827251   0.0050573
        1138    0.853427    0.827274  0.00505291
        1139    0.854189    0.827298  0.00504853
        1140    0.854941    0.827322  0.00504416
        1141    0.855682    0.827347   0.0050398
        1142    0.856413    0.827373  0.00503545
        1143    0.857135    0.827399  0.00503111
        1144    0.857846    0.827425  0.00502678
        1145    0.858546    0.827452  0.00502246
        1146    0.859236     0.82748  0.00501816
        1147    0.859915    0.827508  0.00501386
        1148    0.860583    0.827537  0.00500958
        1149    0.861241    0.827567   0.0050053
        1150    0.861887    0.827596  0.00500104
        1151    0.862522    0.827627  0.00499679
        1152    0.863147    0.827658  0.00499255
        1153    0.863762    0.827689  0.00498831
        1154    0.864364    0.827721  0.00498409
        1155    0.864954    0.827753  0.00497988
        1156    0.865531    0.827786  0.00497568
        1157    0.866096    0.827819  0.00497149
        1158    0.866647    0.827852  0.00496731
        1159    0.867183    0.827886  0.00496314
        1160    0.867705    0.827921  0.00495898
        1161    0.868211    0.827955  0.00495483
        1162    0.868702     0.82799  0.00495069
        1163    0.869178    0.828026  0.00494656
        1164    0.869637    0.828061  0.00494244
        1165    0.870076    0.828098  0.00493833
        1166    0.870496    0.828134  0.00493423
        1167    0.870897    0.828171  0.00493014
        1168    0.871277    0.828207  0.00492605
        1169    0.871635    0.828245  0.00492198
        1170    0.871972    0.828282  0.00491791
        1171    0.872284     0.82832  0.00491386
        1172    0.872571    0.828357  0.00490981
        1173    0.872832    0.828395  0.00490577
        1174    0.873065    0.828433  0.00490174
        1175     0.87327    0.828471  0.00489772
        1176    0.873447     0.82851   0.0048937
        1177    0.873592    0.828548  0.00488969
        1178    0.873705    0.828586  0.00488569
        1179    0.873784    0.828625   0.0048817
        1180    0.873827    0.828663  0.00487771
        1181    0.873833    0.828701  0.00487373
        1182    0.873802    0.828739  0.00486976
        1183    0.873732    0.828777  0.00486579
        1184    0.873621    0.828815  0.00486183
        1185    0.873468    0.828853  0.00485787
        1186    0.873274     0.82889  0.00485392
        1187    0.873035    0.828928  0.00484997
        1188    0.872751    0.828964  0.00484603
        1189    0.872421    0.829001  0.00484209
        1190    0.872043    0.829037  0.00483816
        1191    0.871617    0.829073  0.00483423
        1192    0.871142    0.829108   0.0048303
        1193    0.870616    0.829143  0.00482638
        1194    0.870039    0.829177  0.00482246
        1195     0.86941    0.829211  0.00481854
        1196    0.868731    0.829244  0.00481462
        1197    0.867999    0.829276  0.00481071
        1198    0.867214    0.829308   0.0048068
        1199    0.866375    0.829339  0.00480289
        1200    0.865484    0.829369  0.00479898
        1201     0.86454    0.829398  0.00479508
        1202    0.863541    0.829427  0.00479117
        1203     0.86249    0.829454  0.00478727
        1204    0.861384    0.829481  0.00478336
        1205    0.860226    0.829506  0.00477946
        1206    0.859015    0.829531  0.00477556
        1207    0.857752    0.829554  0.00477166
        1208    0.856439    0.829576  0.00476776
        1209    0.855077    0.829598  0.00476387
        1210    0.853666    0.829617  0.00475997
        1211    0.852206    0.829636  0.00475608
        1212    0.850701    0.829653  0.00475219
        1213     0.84915    0.829669   0.0047483
        1214    0.847554    0.829684  0.00474441
        1215    0.845918    0.829698  0.00474052
        1216     0.84424     0.82971  0.00473664
        1217    0.842525     0.82972  0.00473276
        1218    0.840773    0.829729  0.00472888
        1219    0.838987    0.829737  0.00472501
        1220    0.837168    0.829743  0.00472114
        1221    0.835319    0.829747  0.00471727
        1222    0.833443     0.82975  0.00471341
        1223    0.831542    0.829752  0.00470956
        1224     0.82962    0.829752  0.00470571
        1225     0.82768     0.82975  0.00470187
        1226    0.825722    0.829747  0.00469804
        1227    0.823751    0.829742  0.00469421
        1228     0.82177    0.829735  0.00469039
        1229     0.81978    0.829727  0.00468658
        1230    0.817785    0.829718  0.00468278
        1231    0.815787    0.829706  0.00467899
        1232    0.813791    0.829693  0.00467521
        1233      0.8118    0.829679  0.00467144
        1234    0.809817    0.829663  0.00466769
        1235    0.807845    0.829645  0.00466394
        1236    0.805887    0.829626  0.00466021
        1237    0.803946    0.829605  0.00465649
        1238    0.802026    0.829583  0.00465278
        1239    0.800131    0.829559  0.00464908
        1240    0.798263    0.829534   0.0046454
        1241    0.796426    0.829507  0.00464174
        1242    0.794623    0.829479  0.00463808
        1243    0.792857     0.82945  0.00463444
        1244    0.791133    0.829419  0.00463082
        1245    0.789452    0.829387  0.00462721
        1246    0.787817    0.829353  0.00462362
        1247    0.786231    0.829319  0.00462004
        1248    0.784697    0.829283  0.00461648
        1249    0.783219    0.829246  0.00461293
        1250    0.781798    0.829208   0.0046094
        1251    0.780437    0.829169  0.00460588
        1252    0.779138    0.829129  0.00460237
        1253    0.777903    0.829088  0.00459888
        1254    0.776733    0.829047   0.0045954
        1255    0.775631    0.829004  0.00459194
        1256    0.774599    0.828961  0.00458848
        1257    0.773638    0.828917  0.00458505
        1258     0.77275    0.828872  0.00458162
        1259    0.771935    0.828827   0.0045782
        1260    0.771196    0.828781   0.0045748
        1261    0.770532    0.828735   0.0045714
        1262    0.769945    0.828688  0.00456802
        1263    0.769435    0.828641  0.00456464
        1264    0.769002    0.828594  0.00456127
        1265    0.768646    0.828547  0.00455791
        1266    0.768368    0.828499  0.00455456
        1267    0.768167    0.828452  0.00455122
        1268    0.768043    0.828404  0.00454788
        1269    0.767997    0.828356  0.00454454
        1270    0.768027    0.828309  0.00454121
        1271    0.768133    0.828262  0.00453789
        1272    0.768313    0.828214  0.00453456
        1273    0.768566    0.828168  0.00453124
        1274     0.76889    0.828121  0.00452792
        1275    0.769285    0.828075  0.00452461
        1276    0.769748    0.828029  0.00452129
        1277     0.77028    0.827984  0.00451798
        1278    0.770877    0.827939  0.00451466
        1279    0.771538    0.827895  0.00451135
        1280     0.77226    0.827852  0.00450803
        1281    0.773041    0.827809  0.00450472
        1282    0.773879    0.827767   0.0045014
        1283    0.774771    0.827726  0.00449808
        1284    0.775717    0.827685  0.00449476
        1285    0.776714    0.827645  0.00449144
        1286    0.777759    0.827607  0.00448811
        1287    0.778851    0.827569  0.00448479
        1288    0.779985    0.827532  0.00448146
        1289    0.781161    0.827496  0.00447812
        1290    0.782376    0.827461  0.00447479
        1291    0.783627    0.827427  0.00447145
        1292    0.784912    0.827394  0.00446811
        1293    0.786229    0.827362  0.00446477
        1294    0.787576    0.827331  0.00446143
        1295    0.788951    0.827302  0.00445808
        1296    0.790351    0.827273  0.00445473
        1297    0.791775    0.827246  0.00445138
        1298     0.79322     0.82722  0.00444803
        1299    0.794683    0.827195  0.00444467
        1300    0.796163    0.827171  0.00444132
        1301    0.797658    0.827148  0.00443796
        1302    0.799167    0.827127  0.00443461
        1303    0.800688    0.827106  0.00443125
        1304    0.802219    0.827087  0.00442789
        1305    0.803758    0.827069  0.00442454
        1306    0.805304    0.827053  0.00442118
        1307    0.806854    0.827037  0.00441782
        1308    0.808408    0.827023  0.00441447
        1309    0.809963     0.82701  0.00441112
        1310    0.811518    0.826998  0.00440776
        1311    0.813072    0.826987  0.00440441
        1312    0.814625    0.826978  0.00440107
        1313    0.816173     0.82697  0.00439772
        1314    0.817717    0.826963  0.00439438
        1315    0.819255    0.826957  0.00439104
        1316    0.820785    0.826952  0.00438771
        1317    0.822308    0.826949  0.00438438
        1318    0.823822    0.826946  0.00438105
        1319    0.825326    0.826945  0.00437773
        1320    0.826819    0.826945  0.00437442
        1321      0.8283    0.826946  0.00437111
        1322    0.829769    0.826948   0.0043678
        1323    0.831223    0.826951   0.0043645
        1324    0.832663    0.826956   0.0043612
        1325    0.834086    0.826961  0.00435792
        1326    0.835492    0.826968  0.00435464
        1327     0.83688    0.826975  0.00435136
        1328    0.838247    0.826983  0.00434809
        1329    0.839594    0.826993  0.00434483
        1330     0.84092    0.827003  0.00434158
        1331    0.842224    0.827015  0.00433833
        1332    0.843504    0.827027  0.00433509
        1333    0.844759    0.827041  0.00433186
        1334    0.845989    0.827055  0.00432863
        1335    0.847193     0.82707  0.00432542
        1336    0.848371    0.827086  0.00432221
        1337     0.84952    0.827103  0.00431901
        1338     0.85064     0.82712  0.00431582
        1339    0.851731    0.827139  0.00431263
        1340    0.852791    0.827158  0.00430946
        1341     0.85382    0.827178  0.00430629
        1342    0.854816    0.827198  0.00430313
        1343     0.85578    0.827219  0.00429998
        1344    0.856709    0.827241  0.00429684
        1345    0.857603    0.827264   0.0042937
        1346    0.858463    0.827287  0.00429057
        1347    0.859287    0.827311  0.00428745
        1348    0.860074    0.827335  0.00428434
        1349    0.860824     0.82736  0.00428124
        1350    0.861538    0.827385  0.00427814
        1351    0.862214    0.827411  0.00427505
        1352    0.862852    0.827437  0.00427197
        1353    0.863452    0.827464   0.0042689
        1354    0.864012    0.827491  0.00426583
        1355    0.864532    0.827518  0.00426277
        1356    0.865013    0.827546  0.00425971
        1357    0.865455    0.827574  0.00425667
        1358    0.865858    0.827602  0.00425363
        1359    0.866222     0.82763  0.00425059
        1360    0.866549    0.827659  0.00424756
        1361    0.866836    0.827688  0.00424454
        1362    0.867086    0.827717  0.00424152
        1363    0.867298    0.827746  0.00423851
        1364    0.867473    0.827775   0.0042355
        1365    0.867612    0.827804   0.0042325
        1366    0.867716    0.827833   0.0042295
        1367    0.867786    0.827863  0.00422651
        1368    0.867823    0.827892  0.00422352
        1369    0.867827    0.827921  0.00422053
        1370    0.867801     0.82795  0.00421755
        1371    0.867745    0.827979  0.00421458
        1372     0.86766    0.828008   0.0042116
        1373    0.867548    0.828037  0.00420864
        1374    0.867411    0.828066  0.00420567
        1375    0.867249    0.828094  0.00420271
        1376    0.867063    0.828122  0.00419975
        1377    0.866857     0.82815  0.00419679
        1378     0.86663    0.828178  0.00419384
        1379    0.866384    0.828206  0.00419089
        1380     0.86612    0.828234  0.00418794
        1381    0.865842    0.828261    0.004185
        1382     0.86555    0.828288  0.00418206
        1383    0.865248    0.828314  0.00417912
        1384    0.864935    0.828341  0.00417618
        1385    0.864616    0.828367  0.00417325
        1386    0.864291    0.828393  0.00417032
        1387    0.863961    0.828419  0.00416739
        1388    0.863629    0.828444  0.00416447
        1389    0.863297    0.828469  0.00416155
        1390    0.862967    0.828494  0.00415863
        1391    0.862639    0.828519  0.00415571
        1392    0.862317    0.828543  0.00415279
        1393    0.862003    0.828567  0.00414988
        1394    0.861696    0.828591  0.00414697
        1395    0.861401    0.828614  0.00414407
        1396    0.861117    0.828637  0.00414116
        1397    0.860845     0.82866  0.00413826
        1398    0.860588    0.828683  0.00413537
        1399    0.860347    0.828706  0.00413247
        1400    0.860121    0.828728  0.00412958
        1401    0.859913    0.828751  0.00412669
        1402    0.859725    0.828773  0.00412381
        1403    0.859556    0.828795  0.00412093
        1404    0.859406    0.828816  0.00411805
        1405    0.859279    0.828838  0.00411518
        1406    0.859173     0.82886  0.00411231
        1407     0.85909    0.828881  0.00410944
        1408    0.859028    0.828903  0.00410658
        1409    0.858988    0.828924  0.00410372
        1410    0.858971    0.828945  0.00410086
        1411    0.858977    0.828967  0.00409801
        1412    0.859005    0.828988  0.00409517
        1413    0.859055    0.829009  0.00409232
        1414    0.859128     0.82903  0.00408948
        1415    0.859222    0.829052  0.00408665
        1416    0.859338    0.829073  0.00408382
        1417    0.859475    0.829095  0.00408099
        1418    0.859632    0.829116  0.00407817
        1419    0.859808    0.829138  0.00407536
        1420    0.860003    0.829159  0.00407254
        1421    0.860216    0.829181  0.00406974
        1422    0.860446    0.829203  0.00406693
        1423    0.860691    0.829225  0.00406414
        1424    0.860953    0.829248  0.00406134
        1425    0.861228     0.82927  0.00405855
        1426    0.861517    0.829293  0.00405577
        1427    0.861818    0.829316  0.00405299
        1428    0.862131    0.829339  0.00405022
        1429    0.862455    0.829362  0.00404745
        1430    0.862789    0.829385  0.00404469
        1431    0.863132    0.829409  0.00404193
        1432    0.863484    0.829433  0.00403918
        1433    0.863842    0.829457  0.00403643
        1434    0.864207    0.829481  0.00403369
        1435    0.864577    0.829505  0.00403095
        1436    0.864952     0.82953  0.00402822
        1437     0.86533    0.829555   0.0040255
        1438    0.865712     0.82958  0.00402277
        1439    0.866097    0.829605  0.00402006
        1440    0.866483    0.829631  0.00401735
        1441    0.866871    0.829657  0.00401464
        1442    0.867259    0.829683  0.00401195
        1443    0.867649    0.829709  0.00400925
        1444     0.86804    0.829736  0.00400656
        1445    0.868431    0.829762  0.00400388
        1446    0.868823     0.82979   0.0040012
        1447    0.869214    0.829817  0.00399853
        1448    0.869604    0.829844  0.00399586
        1449    0.869993    0.829872   0.0039932
        1450    0.870381      0.8299  0.00399054
        1451    0.870767    0.829928  0.00398789
        1452    0.871151    0.829956  0.00398525
        1453    0.871534    0.829985  0.00398261
        1454    0.871916    0.830014  0.00397997
        1455    0.872296    0.830043  0.00397734
        1456    0.872676    0.830072  0.00397472
        1457    0.873054    0.830102   0.0039721
        1458    0.873432    0.830131  0.00396949
        1459     0.87381    0.830161  0.00396688
        1460    0.874187    0.830192  0.00396428
        1461    0.874564    0.830222  0.00396168
        1462    0.874942    0.830252  0.00395909
        1463    0.875321    0.830283   0.0039565
        1464    0.875702    0.830314  0.00395392
        1465    0.876083    0.830346  0.00395135
        1466    0.876467    0.830377  0.00394878
        1467    0.876852    0.830409  0.00394621
        1468    0.877241    0.830441  0.00394365
        1469    0.877634    0.830473   0.0039411
        1470    0.878032    0.830505  0.00393855
        1471    0.878434    0.830538  0.00393601
        1472    0.878842     0.83057  0.00393347
        1473    0.879256    0.830604  0.00393094
        1474    0.879676    0.830637  0.00392841
        1475    0.880101     0.83067  0.00392589
        1476    0.880533    0.830704  0.00392338
        1477    0.880972    0.830738  0.00392087
        1478    0.881419    0.830772  0.00391837
        1479    0.881872    0.830807  0.00391587
        1480    0.882334    0.830842  0.00391338
        1481    0.882803    0.830877  0.00391089
        1482    0.883281    0.830912  0.00390841
        1483    0.883768    0.830948  0.00390594
        1484    0.884264    0.830984  0.00390348
        1485    0.884769     0.83102  0.00390101
        1486    0.885283    0.831057  0.00389856
        1487    0.885807    0.831093  0.00389611
        1488     0.88634    0.831131  0.00389367
        1489    0.886882    0.831168  0.00389124
        1490    0.887433    0.831206  0.00388881
        1491    0.887995    0.831244  0.00388639
        1492    0.888565    0.831282  0.00388397
        1493    0.889144    0.831321  0.00388156
        1494    0.889732     0.83136  0.00387916
        1495    0.890326      0.8314  0.00387677
        1496    0.890927    0.831439  0.00387438
        1497    0.891534    0.831479    0.003872
        1498    0.892145     0.83152  0.00386963
        1499     0.89276    0.831561  0.00386726
        1500    0.893379    0.831602   0.0038649
        1501       0.894    0.831644  0.00386255
        1502    0.894622    0.831686  0.00386021
        1503    0.895245    0.831728  0.00385787
        1504    0.895867     0.83177  0.00385554
        1505    0.896487    0.831813  0.00385322
        1506    0.897104    0.831857   0.0038509
        1507    0.897715    0.831901   0.0038486
        1508     0.89832    0.831945   0.0038463
        1509    0.898918    0.831989    0.003844
        1510    0.899506    0.832034  0.00384172
        1511    0.900083    0.832079  0.00383944
        1512    0.900649    0.832124  0.00383717
        1513      0.9012     0.83217   0.0038349
        1514    0.901737    0.832216  0.00383265
        1515    0.902256    0.832262   0.0038304
        1516    0.902757    0.832308  0.00382815
        1517    0.903235    0.832355  0.00382591
        1518     0.90369    0.832402  0.00382368
        1519    0.904119    0.832449  0.00382146
        1520    0.904522    0.832497  0.00381924
        1521    0.904897    0.832544  0.00381702
        1522    0.905242    0.832592  0.00381481
        1523    0.905556     0.83264  0.00381261
        1524    0.905836    0.832688  0.00381041
        1525     0.90608    0.832736  0.00380821
        1526    0.906286    0.832784  0.00380602
        1527    0.906454    0.832833  0.00380384
        1528    0.906583    0.832881  0.00380165
        1529    0.906669    0.832929  0.00379947
        1530    0.906713    0.832977   0.0037973
        1531    0.906713    0.833026  0.00379512
        1532    0.906667    0.833074  0.00379295
        1533    0.906574    0.833122  0.00379078
        1534    0.906434    0.833169  0.00378861
        1535    0.906244    0.833217  0.00378644
        1536    0.906005    0.833264  0.00378427
        1537    0.905716    0.833311   0.0037821
        1538    0.905377    0.833358  0.00377993
        1539    0.904987    0.833405  0.00377776
        1540    0.904547    0.833451  0.00377559
        1541    0.904054    0.833497  0.00377342
        1542    0.903509    0.833542  0.00377125
        1543    0.902912    0.833587  0.00376907
        1544    0.902263    0.833632  0.00376689
        1545    0.901562    0.833676  0.00376471
        1546    0.900809    0.833719  0.00376253
        1547    0.900005    0.833762  0.00376034
        1548     0.89915    0.833804  0.00375815
        1549    0.898245    0.833846  0.00375595
        1550    0.897291    0.833887  0.00375375
        1551     0.89629    0.833927  0.00375154
        1552    0.895243    0.833966  0.00374934
        1553     0.89415    0.834005  0.00374712
        1554    0.893012    0.834043   0.0037449
        1555    0.891831     0.83408  0.00374268
        1556    0.890609    0.834117  0.00374045
        1557    0.889345    0.834152  0.00373822
        1558    0.888043    0.834187  0.00373598
        1559    0.886703     0.83422  0.00373373
        1560    0.885327    0.834253  0.00373148
        1561    0.883917    0.834285  0.00372923
        1562    0.882475    0.834316  0.00372697
        1563    0.881004    0.834346   0.0037247
        1564    0.879504    0.834375  0.00372243
        1565    0.877979    0.834402  0.00372016
        1566     0.87643    0.834429  0.00371788
        1567    0.874858    0.834455   0.0037156
        1568    0.873266     0.83448  0.00371331
        1569    0.871656    0.834504  0.00371102
        1570     0.87003    0.834526  0.00370872
        1571     0.86839    0.834548  0.00370643
        1572    0.866737    0.834568  0.00370412
        1573    0.865075    0.834588  0.00370182
        1574    0.863403    0.834606  0.00369951
        1575    0.861723    0.834623   0.0036972
        1576    0.860039    0.834639  0.00369489
        1577    0.858349    0.834654  0.00369258
        1578    0.856659    0.834668  0.00369027
        1579    0.854967    0.834681  0.00368795
        1580    0.853275    0.834693  0.00368564
        1581    0.851585    0.834704  0.00368332
        1582    0.849898    0.834713  0.00368101
        1583    0.848216    0.834722  0.00367869
        1584    0.846539    0.834729  0.00367638
        1585     0.84487    0.834736  0.00367406
        1586    0.843209    0.834741  0.00367175
        1587    0.841559    0.834745  0.00366944
        1588    0.839919    0.834748  0.00366713
        1589    0.838289    0.834751  0.00366482
        1590    0.836673    0.834752  0.00366252
        1591     0.83507    0.834752  0.00366022
        1592    0.833481    0.834751  0.00365792
        1593    0.831908     0.83475  0.00365562
        1594     0.83035    0.834747  0.00365333
        1595    0.828807    0.834743  0.00365104
        1596    0.827281    0.834738  0.00364875
        1597    0.825771    0.834733  0.00364647
        1598    0.824279    0.834726   0.0036442
        1599    0.822806    0.834719  0.00364193
        1600    0.821351     0.83471  0.00363966
        1601    0.819915    0.834701   0.0036374
        1602    0.818499    0.834691  0.00363514
        1603    0.817104     0.83468  0.00363289
        1604    0.815729    0.834668  0.00363065
        1605    0.814377    0.834656  0.00362841
        1606    0.813047    0.834642  0.00362617
        1607     0.81174    0.834628  0.00362394
        1608    0.810455    0.834613  0.00362172
        1609    0.809192    0.834597   0.0036195
        1610    0.807952    0.834581  0.00361729
        1611    0.806736    0.834563  0.00361509
        1612    0.805544    0.834545  0.00361289
        1613    0.804376    0.834527   0.0036107
        1614    0.803233    0.834507  0.00360851
        1615    0.802115    0.834487  0.00360634
        1616    0.801023    0.834466  0.00360416
        1617    0.799957    0.834445    0.003602
        1618    0.798919    0.834423  0.00359984
        1619    0.797908    0.834401  0.00359769
        1620    0.796926    0.834377  0.00359554
        1621    0.795973    0.834354   0.0035934
        1622    0.795049    0.834329  0.00359127
        1623    0.794156    0.834305  0.00358914
        1624    0.793294    0.834279  0.00358702
        1625    0.792465    0.834254   0.0035849
        1626    0.791669    0.834228  0.00358279
        1627    0.790907    0.834201  0.00358069
        1628    0.790179    0.834174  0.00357859
        1629    0.789486    0.834146   0.0035765
        1630    0.788829    0.834119  0.00357441
        1631    0.788208     0.83409  0.00357233
        1632    0.787624    0.834062  0.00357026
        1633    0.787077    0.834033  0.00356819
        1634    0.786568    0.834004  0.00356612
        1635    0.786098    0.833975  0.00356406
        1636    0.785667    0.833945  0.00356201
        1637    0.785275    0.833916  0.00355995
        1638    0.784925    0.833886  0.00355791
        1639    0.784615    0.833856  0.00355586
        1640    0.784346    0.833825  0.00355382
        1641    0.784118    0.833795  0.00355179
        1642    0.783931    0.833765  0.00354975
        1643    0.783786    0.833734  0.00354772
        1644    0.783683    0.833704  0.00354569
        1645    0.783622    0.833674  0.00354367
        1646    0.783604    0.833643  0.00354165
        1647    0.783629    0.833613  0.00353963
        1648    0.783695    0.833582  0.00353761
        1649    0.783803    0.833552  0.00353559
        1650    0.783953    0.833522  0.00353358
        1651    0.784145    0.833492  0.00353156
        1652    0.784377    0.833463  0.00352955
        1653     0.78465    0.833433  0.00352754
        1654    0.784963    0.833404  0.00352553
        1655    0.785317    0.833375  0.00352352
        1656    0.785709    0.833346  0.00352151
        1657    0.786141    0.833317   0.0035195
        1658    0.786612    0.833289  0.00351749
        1659     0.78712    0.833261  0.00351548
        1660    0.787665    0.833234  0.00351347
        1661    0.788246    0.833207  0.00351146
        1662    0.788861     0.83318  0.00350945
        1663    0.789509    0.833154  0.00350743
        1664    0.790189    0.833128  0.00350542
        1665      0.7909    0.833103  0.00350341
        1666    0.791641    0.833078  0.00350139
        1667    0.792411    0.833053  0.00349938
        1668     0.79321     0.83303  0.00349736
        1669    0.794035    0.833006  0.00349534
        1670    0.794885    0.832983  0.00349332
        1671    0.795758    0.832961  0.00349131
        1672    0.796653    0.832939  0.00348928
        1673    0.797569    0.832918  0.00348726
        1674    0.798503    0.832898  0.00348524
        1675    0.799455    0.832878  0.00348322
        1676    0.800423    0.832858  0.00348119
        1677    0.801406     0.83284  0.00347917
        1678    0.802401    0.832821  0.00347714
        1679    0.803408    0.832804  0.00347511
        1680    0.804425    0.832787  0.00347309
        1681    0.805452    0.832771  0.00347106
        1682    0.806485    0.832755  0.00346903
        1683    0.807524     0.83274    0.003467
        1684    0.808567    0.832726  0.00346497
        1685    0.809612    0.832712  0.00346294
        1686    0.810658    0.832699  0.00346091
        1687    0.811703    0.832687  0.00345888
        1688    0.812745    0.832675  0.00345686
        1689    0.813784    0.832664  0.00345483
        1690    0.814817    0.832653   0.0034528
        1691    0.815843    0.832643  0.00345077
        1692    0.816859    0.832634  0.00344874
        1693    0.817865    0.832625  0.00344672
        1694    0.818859    0.832617  0.00344469
        1695     0.81984    0.832609  0.00344267
        1696    0.820806    0.832602  0.00344065
        1697    0.821755    0.832596  0.00343863
        1698    0.822686     0.83259   0.0034366
        1699    0.823597    0.832585  0.00343459
        1700    0.824488     0.83258  0.00343257
        1701    0.825357    0.832576  0.00343055
        1702    0.826205    0.832572  0.00342854
        1703    0.827028    0.832569  0.00342653
        1704    0.827826    0.832566  0.00342452
        1705    0.828597    0.832564  0.00342251
        1706     0.82934    0.832562  0.00342051
        1707    0.830055     0.83256   0.0034185
        1708    0.830738    0.832559   0.0034165
        1709    0.831389    0.832559   0.0034145
        1710    0.832008    0.832558   0.0034125
        1711    0.832592    0.832558  0.00341051
        1712    0.833142    0.832559  0.00340852
        1713    0.833654    0.832559  0.00340653
        1714     0.83413     0.83256  0.00340454
        1715    0.834567    0.832561  0.00340256
        1716    0.834966    0.832563  0.00340057
        1717    0.835325    0.832564  0.00339859
        1718    0.835644    0.832566  0.00339662
        1719    0.835922    0.832568  0.00339464
        1720    0.836158     0.83257  0.00339267
        1721    0.836353    0.832572   0.0033907
        1722    0.836505    0.832575  0.00338873
        1723    0.836614    0.832577  0.00338676
        1724     0.83668    0.832579   0.0033848
        1725    0.836703    0.832582  0.00338284
        1726    0.836683    0.832584  0.00338088
        1727     0.83662    0.832587  0.00337892
        1728    0.836514    0.832589  0.00337697
        1729    0.836365    0.832591  0.00337501
        1730    0.836173    0.832593  0.00337306
        1731    0.835937    0.832595  0.00337112
        1732    0.835656    0.832597  0.00336917
        1733    0.835333    0.832598  0.00336723
        1734    0.834966      0.8326  0.00336529
        1735    0.834557    0.832601  0.00336335
        1736    0.834106    0.832602  0.00336141
        1737    0.833614    0.832602  0.00335947
        1738    0.833082    0.832603  0.00335754
        1739    0.832509    0.832602  0.00335561
        1740    0.831897    0.832602  0.00335368
        1741    0.831247    0.832601  0.00335175
        1742    0.830559      0.8326  0.00334983
        1743    0.829835    0.832599  0.00334791
        1744    0.829076    0.832597  0.00334599
        1745    0.828282    0.832594  0.00334407
        1746    0.827456    0.832591  0.00334216
        1747    0.826598    0.832588  0.00334025
        1748    0.825709    0.832584  0.00333834
        1749    0.824791    0.832579  0.00333643
        1750    0.823846    0.832574  0.00333453
        1751    0.822876    0.832569  0.00333263
        1752     0.82188    0.832563  0.00333074
        1753     0.82086    0.832556  0.00332884
        1754    0.819819    0.832549  0.00332695
        1755     0.81876    0.832541  0.00332507
        1756    0.817683    0.832532  0.00332318
        1757    0.816588    0.832523   0.0033213
        1758    0.815478    0.832514  0.00331943
        1759    0.814353    0.832503  0.00331756
        1760    0.813216    0.832492  0.00331569
        1761    0.812068    0.832481  0.00331383
        1762    0.810909    0.832469  0.00331197
        1763    0.809742    0.832456  0.00331012
        1764    0.808568    0.832442  0.00330827
        1765    0.807389    0.832428  0.00330642
        1766    0.806208    0.832413  0.00330458
        1767    0.805025    0.832398  0.00330275
        1768    0.803842    0.832381  0.00330092
        1769     0.80266    0.832365   0.0032991
        1770    0.801481    0.832347  0.00329728
        1771    0.800305    0.832329  0.00329547
        1772    0.799133     0.83231  0.00329366
        1773    0.797968    0.832291  0.00329186
        1774     0.79681    0.832271  0.00329007
        1775     0.79566     0.83225  0.00328828
        1776     0.79452    0.832229   0.0032865
        1777     0.79339    0.832207  0.00328472
        1778    0.792272    0.832185  0.00328295
        1779    0.791166    0.832162  0.00328118
        1780    0.790073    0.832138  0.00327943
        1781    0.788993    0.832114  0.00327767
        1782    0.787928    0.832089  0.00327593
        1783    0.786878    0.832064  0.00327419
        1784    0.785843    0.832038  0.00327246
        1785    0.784824    0.832011  0.00327073
        1786     0.78382    0.831984  0.00326901
        1787    0.782832    0.831957   0.0032673
        1788     0.78186    0.831929  0.00326559
        1789    0.780905      0.8319  0.00326389
        1790    0.779966    0.831871  0.00326219
        1791    0.779044    0.831842  0.00326051
        1792    0.778138    0.831812  0.00325882
        1793    0.777249    0.831781  0.00325715
        1794    0.776375    0.831751  0.00325548
        1795    0.775517    0.831719  0.00325382
        1796    0.774676    0.831687  0.00325216
        1797     0.77385    0.831655  0.00325051
        1798     0.77304    0.831623  0.00324886
        1799    0.772244     0.83159  0.00324723
        1800    0.771462    0.831556  0.00324559
        1801    0.770694    0.831522  0.00324397
        1802    0.769938    0.831488  0.00324235
        1803    0.769195    0.831454  0.00324073
        1804    0.768463    0.831419  0.00323913
        1805    0.767742    0.831384  0.00323752
        1806    0.767031    0.831348  0.00323593
        1807     0.76633    0.831312  0.00323434
        1808    0.765638    0.831276  0.00323275
        1809    0.764955    0.831239  0.00323117
        1810    0.764279    0.831202   0.0032296
        1811    0.763612    0.831165  0.00322803
        1812    0.762952    0.831127  0.00322647
        1813    0.762299    0.831089  0.00322491
        1814    0.761652    0.831051  0.00322336
        1815    0.761011    0.831012  0.00322182
        1816    0.760375    0.830973  0.00322028
        1817    0.759743    0.830934  0.00321874
        1818    0.759114    0.830895  0.00321722
        1819    0.758489    0.830855  0.00321569
        1820    0.757867    0.830815  0.00321418
        1821    0.757248    0.830774  0.00321266
        1822    0.756634    0.830734  0.00321116
        1823    0.756022    0.830693  0.00320966
        1824    0.755413    0.830651  0.00320816
        1825    0.754808     0.83061  0.00320668
        1826    0.754207    0.830568  0.00320519
        1827    0.753609    0.830526  0.00320372
        1828    0.753015    0.830483  0.00320224
        1829    0.752425    0.830441  0.00320078
        1830    0.751839    0.830398  0.00319932
        1831    0.751258    0.830354  0.00319786
        1832    0.750683    0.830311  0.00319641
        1833    0.750114    0.830267  0.00319497
        1834     0.74955    0.830223  0.00319353
        1835    0.748994    0.830179  0.00319209
        1836    0.748445    0.830134  0.00319067
        1837    0.747904     0.83009  0.00318924
        1838    0.747373    0.830045  0.00318783
        1839    0.746851    0.829999  0.00318641
        1840     0.74634    0.829954  0.00318501
        1841    0.745841    0.829908   0.0031836
        1842    0.745354    0.829862  0.00318221
        1843     0.74488    0.829816  0.00318081
        1844    0.744419     0.82977  0.00317943
        1845    0.743972    0.829723  0.00317804
        1846    0.743541    0.829677  0.00317666
        1847    0.743125     0.82963  0.00317529
        1848    0.742727    0.829583  0.00317392
        1849    0.742344    0.829536  0.00317255
        1850     0.74198    0.829488  0.00317119
        1851    0.741635    0.829441  0.00316983
        1852    0.741308    0.829393  0.00316848
        1853    0.741001    0.829346  0.00316713
        1854    0.740716    0.829298  0.00316578
        1855    0.740451     0.82925  0.00316444
        1856    0.740208    0.829202  0.00316309
        1857    0.739986    0.829154  0.00316176
        1858    0.739786    0.829106  0.00316042
        1859    0.739609    0.829058  0.00315909
        1860    0.739455    0.829009  0.00315776
        1861    0.739324    0.828961  0.00315643
        1862    0.739216    0.828913   0.0031551
        1863    0.739132    0.828865  0.00315377
        1864    0.739073    0.828817  0.00315245
        1865    0.739037    0.828769  0.00315113
        1866    0.739025     0.82872  0.00314981
        1867    0.739038    0.828672  0.00314848
        1868    0.739077    0.828624  0.00314716
        1869    0.739141    0.828577  0.00314584
        1870    0.739228    0.828529  0.00314453
        1871     0.73934    0.828481  0.00314321
        1872    0.739476    0.828434  0.00314189
        1873    0.739635    0.828386  0.00314057
        1874    0.739819    0.828339  0.00313925
        1875    0.740026    0.828292  0.00313793
        1876    0.740257    0.828245   0.0031366
        1877    0.740512    0.828198  0.00313528
        1878     0.74079    0.828152  0.00313396
        1879    0.741094    0.828105  0.00313263
        1880    0.741421    0.828059   0.0031313
        1881    0.741773    0.828013  0.00312998
        1882    0.742149    0.827968  0.00312864
        1883    0.742548    0.827922  0.00312731
        1884     0.74297    0.827877  0.00312598
        1885    0.743417    0.827832  0.00312464
        1886    0.743888    0.827788   0.0031233
        1887    0.744384    0.827744  0.00312196
        1888    0.744903      0.8277  0.00312061
        1889    0.745447    0.827656  0.00311926
        1890    0.746015    0.827613  0.00311791
        1891    0.746607     0.82757  0.00311656
        1892    0.747225    0.827528   0.0031152
        1893    0.747867    0.827486  0.00311384
        1894    0.748536    0.827444  0.00311247
        1895     0.74923    0.827403  0.00311111
        1896    0.749951    0.827362  0.00310973
        1897    0.750699    0.827322  0.00310836
        1898    0.751475    0.827282  0.00310698
        1899    0.752281    0.827242  0.00310559
        1900    0.753114    0.827203   0.0031042
        1901    0.753977    0.827165  0.00310281
        1902     0.75487    0.827127  0.00310141
        1903    0.755793    0.827089      0.0031
        1904    0.756747    0.827052   0.0030986
        1905    0.757734    0.827016  0.00309718
        1906    0.758753     0.82698  0.00309577
        1907    0.759807    0.826945  0.00309434
        1908    0.760894     0.82691  0.00309291
        1909    0.762014    0.826876  0.00309148
        1910    0.763171    0.826843  0.00309004
        1911    0.764363     0.82681   0.0030886
        1912    0.765593    0.826778  0.00308715
        1913    0.766859    0.826747  0.00308569
        1914    0.768162    0.826716  0.00308423
        1915    0.769502    0.826686  0.00308277
        1916    0.770879    0.826657   0.0030813
        1917    0.772292    0.826629  0.00307982
        1918    0.773743    0.826601  0.00307834
        1919    0.775233    0.826574  0.00307685
        1920    0.776762    0.826548  0.00307536
        1921    0.778329    0.826523  0.00307386
        1922    0.779935    0.826499  0.00307235
        1923    0.781581    0.826476  0.00307085
        1924    0.783263    0.826453  0.00306933
        1925    0.784984    0.826432  0.00306781
        1926    0.786742    0.826411  0.00306629
        1927    0.788538    0.826391  0.00306476
        1928    0.790372    0.826373  0.00306323
        1929    0.792241    0.826355  0.00306169
        1930    0.794146    0.826338  0.00306015
        1931    0.796085    0.826323  0.00305861
        1932    0.798056    0.826308  0.00305706
        1933     0.80006    0.826294  0.00305551
        1934    0.802094    0.826282  0.00305395
        1935    0.804159    0.826271   0.0030524
        1936    0.806251     0.82626  0.00305084
        1937    0.808371    0.826251  0.00304928
        1938    0.810515    0.826243  0.00304771
        1939    0.812683    0.826236  0.00304615
        1940    0.814873     0.82623  0.00304458
        1941    0.817082    0.826225  0.00304302
        1942    0.819311    0.826222  0.00304145
        1943    0.821557    0.826219  0.00303989
        1944    0.823816    0.826218  0.00303833
        1945    0.826087    0.826218  0.00303676
        1946    0.828368    0.826219   0.0030352
        1947    0.830655    0.826221  0.00303365
        1948    0.832946    0.826225  0.00303209
        1949    0.835237    0.826229  0.00303054
        1950    0.837528    0.826235  0.00302899
        1951    0.839814    0.826242  0.00302745
        1952    0.842094     0.82625  0.00302591
        1953    0.844363     0.82626  0.00302437
        1954    0.846621     0.82627  0.00302284
        1955    0.848863    0.826282  0.00302132
        1956    0.851088    0.826294   0.0030198
        1957    0.853292    0.826308  0.00301829
        1958    0.855473    0.826323  0.00301678
        1959    0.857627    0.826339  0.00301528
        1960    0.859753    0.826356  0.00301379
        1961    0.861847    0.826374  0.00301231
        1962    0.863907    0.826393  0.00301084
        1963     0.86593    0.826413  0.00300937
        1964    0.867912    0.826435  0.00300791
        1965    0.869851    0.826457  0.00300646
        1966    0.871745     0.82648  0.00300502
        1967    0.873591    0.826504  0.00300359
        1968    0.875388    0.826528  0.00300217
        1969    0.877132    0.826554  0.00300075
        1970    0.878822    0.826581  0.00299935
        1971    0.880456    0.826608  0.00299795
        1972     0.88203    0.826636  0.00299656
        1973    0.883544    0.826665  0.00299518
        1974    0.884996    0.826694  0.00299381
        1975    0.886386    0.826725  0.00299244
        1976    0.887711    0.826756  0.00299109
        1977    0.888969    0.826787  0.00298974
        1978     0.89016    0.826819   0.0029884
        1979    0.891281    0.826852  0.00298707
        1980    0.892333    0.826885  0.00298574
        1981    0.893314    0.826918  0.00298443
        1982    0.894224    0.826952  0.00298311
        1983    0.895061    0.826987  0.00298181
        1984    0.895824    0.827021  0.00298051
        1985    0.896514    0.827056  0.00297921
        1986    0.897131    0.827092  0.00297792
        1987    0.897675    0.827127  0.00297663
        1988    0.898147    0.827163  0.00297535
        1989    0.898546    0.827199  0.00297407
        1990    0.898872    0.827235  0.00297279
        1991    0.899126    0.827271  0.00297152
        1992    0.899307    0.827307  0.00297025
        1993    0.899417    0.827343  0.00296898
        1994    0.899458    0.827379  0.00296771
        1995    0.899429    0.827415  0.00296644
        1996    0.899331    0.827451  0.00296517
        1997    0.899168    0.827487  0.00296391
        1998     0.89894    0.827523  0.00296264
        1999    0.898649    0.827559  0.00296137
        2000    0.898296    0.827594   0.0029601
