           1     -6.6331     -6.6331           0
           2    -6.50162    -6.56736   0.0464861
           3    -6.37698     -6.5039   0.0603757
           4    -6.20377    -6.42887   0.0792014
           5    -6.18068    -6.37923   0.0773675
           6    -6.13185      -6.338   0.0746548
           7    -6.06603    -6.29915   0.0734071
           8    -5.99231    -6.26079   0.0735719
           9    -6.03562    -6.23577   0.0695215
          10    -6.06274    -6.21847   0.0646869
          11    -6.09329    -6.20709    0.059799
          12    -6.06266    -6.19505   0.0560138
          13    -6.07913    -6.18614   0.0524101
          14    -6.09632    -6.17972   0.0490576
          15    -5.97295    -6.16594   0.0476845
          16    -5.96482    -6.15337   0.0463313
          17    -6.02257    -6.14567   0.0442402
          18    -6.06925    -6.14143   0.0419856
          19    -5.98705     -6.1333   0.0405544
          20    -5.90091    -6.12168   0.0401569
          21    -5.86163     -6.1093   0.0401086
          22    -5.84572    -6.09732    0.040035
          23    -5.75554    -6.08246   0.0409594
          24    -5.75457     -6.0688   0.0414687
          25    -5.72601    -6.05508   0.0420156
          26    -5.70556    -6.04164   0.0424959
          27    -5.69665    -6.02886   0.0427997
          28    -5.71454    -6.01764    0.042718
          29    -5.75422    -6.00855   0.0421996
          30    -5.63053    -5.99595   0.0426328
          31     -5.6524    -5.98487   0.0426737
          32    -5.79214    -5.97885    0.041763
          33    -5.79572     -5.9733   0.0408645
          34    -5.78416    -5.96774   0.0400394
          35    -5.91192    -5.96614   0.0389272
          36     -5.8758    -5.96363   0.0379267
          37    -5.80762    -5.95942   0.0371353
          38    -5.82043    -5.95576   0.0363377
          39    -5.80947    -5.95201   0.0355991
          40    -5.85808    -5.94966   0.0347864
          41    -5.86942     -5.9477    0.033993
          42    -5.93709    -5.94745   0.0331846
          43    -5.88937     -5.9461   0.0324403
          44    -5.93412    -5.94583   0.0317042
          45    -5.82838    -5.94322   0.0311069
          46    -5.74755    -5.93896   0.0307201
          47    -5.74587    -5.93485     0.03034
          48    -5.76068    -5.93123   0.0299241
          49    -5.79469    -5.92844   0.0294428
          50    -5.79993    -5.92587   0.0289659
          51    -5.77727    -5.92295   0.0285441
          52    -5.72834    -5.91921   0.0282395
          53    -5.72589    -5.91556   0.0279413
          54    -5.76308    -5.91274   0.0275662
          55    -5.76742     -5.9101   0.0271913
          56    -5.68239    -5.90603    0.027008
          57    -5.69941    -5.90241   0.0267764
          58     -5.6883    -5.89872    0.026568
          59    -5.74057    -5.89604   0.0262525
          60    -5.77961    -5.89409   0.0258866
          61    -5.80417    -5.89262   0.0255042
          62    -5.86679     -5.8922   0.0250962
          63    -5.82822    -5.89119   0.0247184
          64    -5.83521    -5.89031   0.0243477
          65    -5.88733    -5.89027   0.0239731
          66    -5.85116    -5.88968   0.0236172
          67    -5.77019    -5.88789    0.023332
          68    -5.85298    -5.88738   0.0229945
          69     -5.8672    -5.88709   0.0226631
          70    -5.65958    -5.88384   0.0225712
          71     -5.7032    -5.88129   0.0223962
          72    -5.78964    -5.88002   0.0221213
          73    -5.76301    -5.87842   0.0218763
          74    -5.77575    -5.87703   0.0216246
          75     -5.7941    -5.87592   0.0213645
          76    -5.79436    -5.87485   0.0211104
          77    -5.73295    -5.87301   0.0209165
          78    -5.71232    -5.87095   0.0207495
          79    -5.72686    -5.86912   0.0205669
          80    -5.77639    -5.86796   0.0203424
          81    -5.83839     -5.8676   0.0200946
          82    -5.73944    -5.86604   0.0199102
          83    -5.70959    -5.86415   0.0197593
          84    -5.71588    -5.86239   0.0196028
          85    -5.65755    -5.85998   0.0195197
          86    -5.68007    -5.85788   0.0194045
          87    -5.74437    -5.85658   0.0192253
          88    -5.80634    -5.85601   0.0190153
          89    -5.81628    -5.85556   0.0188069
          90    -5.77791     -5.8547   0.0186177
          91    -5.76251    -5.85369   0.0184407
          92    -5.71934    -5.85223   0.0182979
          93    -5.71607    -5.85076   0.0181597
          94    -5.72105    -5.84938   0.0180188
          95    -5.69585    -5.84777   0.0179015
          96    -5.67086    -5.84592   0.0178096
          97    -5.71641    -5.84459    0.017676
          98    -5.58732    -5.84196   0.0176895
          99    -5.67972    -5.84032   0.0175866
         100    -5.69131    -5.83883   0.0174737
         101    -5.73626    -5.83782   0.0173302
         102    -5.64461    -5.83592   0.0172635
         103    -5.57988    -5.83344   0.0172739
         104    -5.50302    -5.83026   0.0173975
         105    -5.53855    -5.82748   0.0174523
         106    -5.58884    -5.82523   0.0174322
         107     -5.6856    -5.82393   0.0173181
         108    -5.63986    -5.82222   0.0172414
         109    -5.66864    -5.82081   0.0171407
         110    -5.65771    -5.81933   0.0170489
         111    -5.60031    -5.81736   0.0170091
         112    -5.49624    -5.81449   0.0170971
         113    -5.61407    -5.81272   0.0170376
         114    -5.67297    -5.81149   0.0169322
         115    -5.58316     -5.8095    0.016901
         116    -5.62129    -5.80788    0.016833
         117    -5.58486    -5.80598   0.0167967
         118    -5.54011    -5.80372   0.0168048
         119    -5.50555    -5.80122   0.0168493
         120    -5.46962    -5.79845    0.016934
         121    -5.68913    -5.79755   0.0168181
         122    -5.72911    -5.79699   0.0166896
         123    -5.64995    -5.79579   0.0165967
         124    -5.57284      -5.794   0.0165599
         125    -5.56347    -5.79215   0.0165298
         126    -5.52149       -5.79   0.0165376
         127    -5.61821    -5.78865   0.0164626
         128    -5.64293    -5.78751   0.0163733
         129    -5.77854    -5.78744   0.0162466
         130    -5.74511    -5.78712   0.0161248
         131    -5.66498    -5.78619   0.0160287
         132    -5.63552    -5.78504   0.0159478
         133    -5.60243    -5.78367   0.0158869
         134     -5.6367    -5.78257   0.0158062
         135    -5.62854    -5.78143   0.0157302
         136    -5.63381    -5.78035    0.015652
         137    -5.59986    -5.77903   0.0155931
         138    -5.66994    -5.77824   0.0155001
         139    -5.80735    -5.77845     0.01539
         140    -5.64178    -5.77747    0.015311
         141    -5.51075    -5.77558   0.0153188
         142    -5.47267    -5.77345   0.0153588
         143    -5.36229    -5.77057   0.0155181
         144     -5.4846    -5.76859   0.0155369
         145    -5.43855    -5.76631   0.0155956
         146    -5.42603    -5.76398    0.015662
         147    -5.53459    -5.76242    0.015633
         148    -5.48313    -5.76053   0.0156408
         149    -5.42635    -5.75829   0.0156958
         150    -5.51393    -5.75666   0.0156755
         151     -5.6261     -5.7558   0.0155955
         152    -5.65064     -5.7551   0.0155083
         153    -5.64107    -5.75436   0.0154248
         154    -5.63207    -5.75356   0.0153451
         155    -5.56318    -5.75234   0.0152952
         156    -5.50684    -5.75076   0.0152779
         157      -5.485    -5.74907    0.015274
         158    -5.45927    -5.74724   0.0152871
         159    -5.54401    -5.74596   0.0152443
         160    -5.55591    -5.74477   0.0151952
         161     -5.5427    -5.74351   0.0151526
         162    -5.49581    -5.74199    0.015136
         163      -5.558    -5.74086   0.0150852
         164    -5.58799    -5.73992    0.015022
         165    -5.49777    -5.73846   0.0150024
         166    -5.55845    -5.73737   0.0149512
         167    -5.48001    -5.73583   0.0149409
         168    -5.59969    -5.73502   0.0148739
         169    -5.57719    -5.73409   0.0148152
         170    -5.65071     -5.7336   0.0147362
         171    -5.69239    -5.73336    0.014652
         172    -5.70471    -5.73319   0.0145677
         173    -5.67084    -5.73283    0.014488
         174    -5.66292    -5.73243   0.0144103
         175    -5.69432    -5.73221   0.0143296
         176     -5.6765    -5.73189   0.0142517
         177    -5.55909    -5.73092   0.0142045
         178    -5.57886    -5.73006   0.0141504
         179    -5.66715    -5.72971   0.0140757
         180    -5.57034    -5.72883   0.0140253
         181    -5.64846    -5.72838   0.0139549
         182    -5.56843     -5.7275   0.0139058
         183     -5.5629     -5.7266   0.0138589
         184    -5.50016    -5.72537   0.0138381
         185    -5.55249    -5.72444   0.0137948
         186     -5.5933    -5.72373   0.0137387
         187    -5.55387    -5.72282   0.0136952
         188    -5.52148    -5.72175   0.0136642
         189    -5.54466    -5.72082    0.013624
         190    -5.49334    -5.71962   0.0136048
         191    -5.50512     -5.7185   0.0135798
         192     -5.5566    -5.71765   0.0135352
         193    -5.55704    -5.71682   0.0134907
         194    -5.47746    -5.71559   0.0134774
         195    -5.43198    -5.71413   0.0134866
         196    -5.48277    -5.71295   0.0134693
         197    -5.48315    -5.71179   0.0134513
         198    -5.47646     -5.7106   0.0134358
         199    -5.43625    -5.70922   0.0134388
         200    -5.50206    -5.70818   0.0134115
         201     -5.4378    -5.70684   0.0134121
         202    -5.46245    -5.70563   0.0134001
         203    -5.40999    -5.70417    0.013413
         204    -5.51447    -5.70324   0.0133795
         205    -5.49556    -5.70223   0.0133525
         206    -5.48777    -5.70119   0.0133282
         207    -5.52437    -5.70033   0.0132912
         208    -5.50429    -5.69939   0.0132607
         209    -5.39107    -5.69792    0.013279
         210    -5.34539    -5.69624   0.0133215
         211    -5.32253    -5.69447   0.0133755
         212    -5.35722    -5.69287   0.0134067
         213    -5.41526    -5.69157    0.013407
         214    -5.46861    -5.69053   0.0133847
         215    -5.57305    -5.68998   0.0133336
         216    -5.51738    -5.68918   0.0132958
         217    -5.49605    -5.68829   0.0132643
         218    -5.48469    -5.68736   0.0132363
         219    -5.48654    -5.68644   0.0132076
         220    -5.50289    -5.68561   0.0131739
         221    -5.52342    -5.68488   0.0131347
         222    -5.49839    -5.68404   0.0131024
         223    -5.42231    -5.68286   0.0130961
         224    -5.52225    -5.68214   0.0130572
         225    -5.54574    -5.68154   0.0130133
         226    -5.43176    -5.68043   0.0130025
         227     -5.5202    -5.67973   0.0129644
         228    -5.52421    -5.67904   0.0129255
         229    -5.43723    -5.67799   0.0129121
         230    -5.37146    -5.67666   0.0129245
         231    -5.44368    -5.67565   0.0129079
         232    -5.45318    -5.67469   0.0128878
         233    -5.34565    -5.67328   0.0129096
         234    -5.40049    -5.67211    0.012907
         235    -5.49948    -5.67138    0.012873
         236    -5.31396    -5.66986   0.0129072
         237     -5.4435    -5.66891    0.012888
         238    -5.45095    -5.66799   0.0128664
         239    -5.44109    -5.66704   0.0128475
         240    -5.53859    -5.66651   0.0128051
         241    -5.49867    -5.66581   0.0127709
         242    -5.48625    -5.66507   0.0127397
         243    -5.43479    -5.66412   0.0127225
         244    -5.44572    -5.66323   0.0127018
         245     -5.4615     -5.6624   0.0126766
         246    -5.41822    -5.66141   0.0126638
         247    -5.49708    -5.66074     0.01263
         248    -5.44302    -5.65987   0.0126096
         249    -5.51208    -5.65927   0.0125729
         250    -5.47365    -5.65853   0.0125445
         251    -5.46873    -5.65777   0.0125173
         252    -5.40817    -5.65678   0.0125068
         253    -5.48451     -5.6561   0.0124759
         254    -5.38425    -5.65503   0.0124726
         255     -5.3905    -5.65399   0.0124667
         256    -5.40897    -5.65304   0.0124547
         257    -5.43471    -5.65219   0.0124352
         258     -5.4367    -5.65135    0.012415
         259    -5.34862    -5.65018    0.012422
         260    -5.32059    -5.64892   0.0124387
         261    -5.36192    -5.64782   0.0124396
         262    -5.38991    -5.64683    0.012431
         263    -5.45704    -5.64611   0.0124046
         264    -5.37655    -5.64509   0.0123996
         265    -5.30469    -5.64381   0.0124192
         266     -5.4231    -5.64298   0.0124002
         267    -5.48356    -5.64238   0.0123681
         268    -5.46615    -5.64172   0.0123394
         269    -5.42472    -5.64091   0.0123199
         270    -5.37288    -5.63992   0.0123142
         271    -5.43048    -5.63915    0.012293
         272    -5.48967     -5.6386     0.01226
         273    -5.47132    -5.63799   0.0122304
         274    -5.39106    -5.63708    0.012219
         275    -5.44596    -5.63639   0.0121943
         276    -5.45649    -5.63574   0.0121675
         277    -5.38995    -5.63485   0.0121559
         278    -5.46517    -5.63424   0.0121275
         279      -5.483     -5.6337   0.0120961
         280    -5.42258    -5.63294   0.0120764
         281    -5.42832    -5.63222   0.0120554
         282     -5.3338    -5.63116    0.012059
         283    -5.46342    -5.63057   0.0120309
         284     -5.4856    -5.63005   0.0119994
         285    -5.44673    -5.62941   0.0119745
         286    -5.49552    -5.62894   0.0119418
         287    -5.44458     -5.6283   0.0119174
         288    -5.36221    -5.62738   0.0119118
         289    -5.46099     -5.6268   0.0118845
         290    -5.61502    -5.62676   0.0118436
         291     -5.5333    -5.62644   0.0118072
         292    -5.49875      -5.626   0.0117749
         293    -5.51887    -5.62564   0.0117404
         294    -5.49705     -5.6252   0.0117086
         295    -5.50568    -5.62479   0.0116759
         296    -5.47701    -5.62429   0.0116471
         297    -5.46032    -5.62374    0.011621
         298    -5.38763    -5.62295    0.011609
         299    -5.40906    -5.62224   0.0115922
         300    -5.40062     -5.6215    0.011577
         301    -5.35175     -5.6206   0.0115732
         302    -5.36819    -5.61976    0.011565
         303    -5.53642    -5.61949   0.0115301
         304    -5.54609    -5.61925   0.0114947
         305    -5.56563    -5.61907   0.0114584
         306    -5.56805    -5.61891   0.0114222
         307    -5.58593     -5.6188   0.0113855
         308     -5.5782    -5.61867   0.0113493
         309    -5.52873    -5.61838   0.0113163
         310    -5.55579    -5.61817   0.0112816
         311    -5.52509    -5.61787   0.0112493
         312     -5.4525    -5.61734   0.0112257
         313    -5.54997    -5.61713   0.0111919
         314    -5.40591    -5.61646   0.0111764
         315    -5.41952    -5.61583   0.0111584
         316    -5.36314    -5.61503   0.0111517
         317    -5.45539    -5.61453   0.0111279
         318    -5.45893    -5.61404   0.0111037
         319    -5.40973     -5.6134   0.0110873
         320    -5.54906     -5.6132   0.0110545
         321    -5.62424    -5.61323   0.0110201
         322    -5.54927    -5.61303   0.0109877
         323    -5.44174     -5.6125   0.0109665
         324    -5.38566     -5.6118   0.0109549
         325    -5.37986    -5.61109   0.0109444
         326    -5.34374    -5.61027   0.0109416
         327    -5.35277    -5.60948   0.0109364
         328    -5.32737    -5.60862   0.0109368
         329    -5.46059    -5.60817   0.0109128
         330    -5.42142     -5.6076   0.0108944
         331    -5.40632      -5.607   0.0108785
         332    -5.46199    -5.60656   0.0108545
         333    -5.42374    -5.60601   0.0108357
         334    -5.52226    -5.60576   0.0108062
         335    -5.51506    -5.60549   0.0107773
         336     -5.5067     -5.6052   0.0107493
         337    -5.32432    -5.60436   0.0107496
         338    -5.37788    -5.60369   0.0107387
         339    -5.36484    -5.60299   0.0107301
         340    -5.32958    -5.60218   0.0107286
         341    -5.30529    -5.60131   0.0107324
         342    -5.37497    -5.60065   0.0107215
         343    -5.41107     -5.6001   0.0107044
         344    -5.47934    -5.59975   0.0106791
         345    -5.53882    -5.59957   0.0106496
         346    -5.56144    -5.59946   0.0106194
         347    -5.49743    -5.59917   0.0105928
         348    -5.53285    -5.59898   0.0105641
         349    -5.57144     -5.5989   0.0105341
         350    -5.51305    -5.59865   0.0105069
         351    -5.51862    -5.59842   0.0104794
         352    -5.53741    -5.59825   0.0104511
         353    -5.55152    -5.59812   0.0104223
         354    -5.38825    -5.59752   0.0104097
         355     -5.3761     -5.5969   0.0103991
         356    -5.38792    -5.59631   0.0103864
         357    -5.41822    -5.59582   0.0103693
         358    -5.45497    -5.59542   0.0103478
         359    -5.36562    -5.59478   0.0103388
         360    -5.45787     -5.5944    0.010317
         361    -5.48063    -5.59409   0.0102933
         362    -5.48947     -5.5938   0.0102689
         363    -5.44703    -5.59339   0.0102485
         364    -5.45668    -5.59302   0.0102273
         365    -5.40203    -5.59249   0.0102126
         366    -5.41277      -5.592   0.0101965
         367    -5.38851    -5.59145   0.0101838
         368    -5.38562    -5.59089   0.0101715
         369    -5.48317     -5.5906   0.0101481
         370    -5.50655    -5.59037   0.0101232
         371    -5.39721    -5.58985   0.0101093
         372    -5.41488    -5.58938   0.0100931
         373    -5.39525    -5.58886   0.0100794
         374    -5.20064    -5.58782   0.0101058
         375    -5.28837    -5.58702   0.0101103
         376    -5.41918    -5.58658   0.0100933
         377    -5.46158    -5.58624    0.010072
         378    -5.46535    -5.58592   0.0100504
         379    -5.51821    -5.58575   0.0100255
         380    -5.46312    -5.58542   0.0100043
         381     -5.4111    -5.58497  0.00998847
         382    -5.41648    -5.58452  0.00997206
         383    -5.44019    -5.58415  0.00995314
         384    -5.41449    -5.58371  0.00993702
         385    -5.41388    -5.58326    0.009921
         386     -5.4632    -5.58295  0.00990017
         387    -5.40493    -5.58249  0.00988527
         388    -5.37868    -5.58197  0.00987374
         389    -5.39239    -5.58148  0.00986038
         390     -5.3435    -5.58087  0.00985395
         391    -5.35399    -5.58029  0.00984582
         392    -5.38314    -5.57979  0.00983354
         393    -5.39863    -5.57933  0.00981932
         394    -5.45817    -5.57902  0.00979921
         395    -5.45473     -5.5787  0.00977945
         396    -5.37008    -5.57818  0.00976894
         397    -5.33685    -5.57757  0.00976323
         398    -5.35188      -5.577  0.00975515
         399    -5.35966    -5.57646   0.0097459
         400    -5.34511    -5.57588  0.00973868
         401    -5.36952    -5.57536  0.00972798
         402    -5.34554    -5.57479  0.00972057
         403    -5.46144    -5.57451  0.00970051
         404    -5.56735    -5.57449  0.00967652
         405    -5.56739    -5.57448  0.00965264
         406    -5.47234    -5.57423  0.00963214
         407    -5.46196    -5.57395  0.00961243
         408    -5.44792    -5.57364  0.00959383
         409    -5.56881    -5.57363  0.00957038
         410     -5.4531    -5.57333  0.00955155
         411    -5.54819    -5.57327  0.00952851
         412    -5.49951    -5.57309  0.00950706
         413    -5.40577    -5.57269  0.00949267
         414     -5.4102     -5.5723  0.00947785
         415    -5.47569    -5.57206  0.00945787
         416    -5.57691    -5.57208  0.00943514
         417      -5.554    -5.57203  0.00941262
         418    -5.45235    -5.57175  0.00939445
         419    -5.46602    -5.57149  0.00937542
         420    -5.31916    -5.57089  0.00937233
         421    -5.41632    -5.57053  0.00935725
         422    -5.43359     -5.5702   0.0093407
         423    -5.42129    -5.56985  0.00932525
         424    -5.49231    -5.56967  0.00930505
         425    -5.44395    -5.56937  0.00928786
         426    -5.38909    -5.56895  0.00927569
         427    -5.45046    -5.56867  0.00925812
         428    -5.38894    -5.56825  0.00924601
         429    -5.45562    -5.56799  0.00922818
         430    -5.44945    -5.56771  0.00921084
         431    -5.49181    -5.56754  0.00919115
         432     -5.4105    -5.56717  0.00917706
         433    -5.29767    -5.56655  0.00917695
         434    -5.32176    -5.56599  0.00917312
         435     -5.4021    -5.56561  0.00915977
         436    -5.32588    -5.56506  0.00915525
         437    -5.23067    -5.56429  0.00916622
         438    -5.23034    -5.56353  0.00917694
         439    -5.23694    -5.56279  0.00918614
         440    -5.29457    -5.56218  0.00918547
         441    -5.34294    -5.56168  0.00917808
         442    -5.32849    -5.56115  0.00917247
         443    -5.36191     -5.5607  0.00916279
         444    -5.37924    -5.56029  0.00915126
         445    -5.29595     -5.5597  0.00914995
         446    -5.30411    -5.55913  0.00914737
         447    -5.23625    -5.55841  0.00915538
         448    -5.26732    -5.55776  0.00915797
         449    -5.28496    -5.55715   0.0091577
         450    -5.25278    -5.55647  0.00916229
         451    -5.24886    -5.55579  0.00916733
         452    -5.21449    -5.55503  0.00917809
         453    -5.26119    -5.55439  0.00918073
         454     -5.3096    -5.55385  0.00917632
         455    -5.32638    -5.55335  0.00916976
         456    -5.36934    -5.55294  0.00915853
         457    -5.40178    -5.55261  0.00914446
         458    -5.38091    -5.55224  0.00913217
         459    -5.32075    -5.55173  0.00912619
         460     -5.3094    -5.55121  0.00912155
         461    -5.31674     -5.5507  0.00911593
         462    -5.37418    -5.55032   0.0091042
         463    -5.34268    -5.54987  0.00909557
         464    -5.39182    -5.54953  0.00908235
         465    -5.33041    -5.54906  0.00907503
         466    -5.29873    -5.54852  0.00907144
         467     -5.4085    -5.54822  0.00905697
         468    -5.55004    -5.54822  0.00903762
         469    -5.51659    -5.54815   0.0090186
         470    -5.39102    -5.54782  0.00900561
         471     -5.5064    -5.54773  0.00898692
         472    -5.49035    -5.54761   0.0089687
         473    -5.46256    -5.54743  0.00895154
         474    -5.42204    -5.54717  0.00893656
         475    -5.45353    -5.54697  0.00891992
         476    -5.43815    -5.54674  0.00890411
         477    -5.51226    -5.54667  0.00888574
         478     -5.5208    -5.54661  0.00886731
         479    -5.49949    -5.54652  0.00884935
         480    -5.44237     -5.5463  0.00883357
         481    -5.49147    -5.54619  0.00881594
         482     -5.5034     -5.5461   0.0087981
         483    -5.46192    -5.54592  0.00878161
         484    -5.51002    -5.54585  0.00876378
         485    -5.49503    -5.54574  0.00874633
         486    -5.49527    -5.54564  0.00872895
         487    -5.49785    -5.54554  0.00871158
         488    -5.47788     -5.5454  0.00869483
         489    -5.52033    -5.54535   0.0086772
         490    -5.41954    -5.54509  0.00866329
         491    -5.47092    -5.54494  0.00864697
         492    -5.51672    -5.54489  0.00862958
         493    -5.56394    -5.54492  0.00861216
         494    -5.51089    -5.54486  0.00859501
         495    -5.43903    -5.54464   0.0085803
         496    -5.43548    -5.54442  0.00856582
         497    -5.44146    -5.54421  0.00855109
         498    -5.45822    -5.54404  0.00853567
         499    -5.35899    -5.54367  0.00852661
         500    -5.46046     -5.5435  0.00851118
         501    -5.56093    -5.54354  0.00849427
         502    -5.49303    -5.54344  0.00847794
         503    -5.47151     -5.5433  0.00846229
         504    -5.51015    -5.54323  0.00844576
         505    -5.44788    -5.54304  0.00843114
         506    -5.38952    -5.54274  0.00841994
         507    -5.44541    -5.54255  0.00840552
         508    -5.44623    -5.54236  0.00839111
         509    -5.52999    -5.54233  0.00837466
         510    -5.42119    -5.54209  0.00836161
         511    -5.40108    -5.54182   0.0083498
         512    -5.43146     -5.5416  0.00833627
         513    -5.33357     -5.5412  0.00832988
         514    -5.40561    -5.54093  0.00831785
         515    -5.40638    -5.54067   0.0083058
         516    -5.35474    -5.54031  0.00829751
         517     -5.4338    -5.54011  0.00828402
         518    -5.52168    -5.54007  0.00826811
         519     -5.4035    -5.53981  0.00825636
         520    -5.31315    -5.53937  0.00825198
         521    -5.36578    -5.53904  0.00824287
         522    -5.47749    -5.53892  0.00822792
         523    -5.48143    -5.53881  0.00821292
         524    -5.38206    -5.53851  0.00820269
         525    -5.50544    -5.53845  0.00818731
         526    -5.53369    -5.53844  0.00817175
         527    -5.62681    -5.53861  0.00815797
         528    -5.50293    -5.53854  0.00814279
         529    -5.51438    -5.53849  0.00812753
         530     -5.4689    -5.53836  0.00811326
         531    -5.40453    -5.53811  0.00810189
         532    -5.36755    -5.53779    0.008093
         533    -5.44727    -5.53762   0.0080796
         534    -5.35055    -5.53727  0.00807206
         535    -5.25699    -5.53675  0.00807396
         536    -5.15724    -5.53604  0.00808988
         537    -5.25928    -5.53552  0.00809121
         538     -5.3576    -5.53519  0.00808293
         539    -5.28941    -5.53474  0.00808078
         540    -5.29051    -5.53428  0.00807847
         541    -5.29125    -5.53383  0.00807602
         542     -5.3153    -5.53343  0.00807117
         543    -5.31439    -5.53303  0.00806638
         544    -5.31906    -5.53263  0.00806114
         545    -5.37966    -5.53235  0.00805123
         546    -5.30512    -5.53194  0.00804724
         547    -5.31765    -5.53155  0.00804206
         548    -5.28288    -5.53109  0.00804017
         549    -5.24428    -5.53057  0.00804248
         550    -5.32254    -5.53019  0.00803675
         551    -5.36198    -5.52989  0.00802796
         552    -5.39073    -5.52963  0.00801737
         553     -5.5293    -5.52963  0.00800287
         554    -5.40562    -5.52941  0.00799156
         555    -5.41439     -5.5292  0.00797985
         556    -5.48033    -5.52911  0.00796598
         557    -5.52738    -5.52911  0.00795168
         558    -5.55686    -5.52916  0.00793758
         559    -5.54414    -5.52919  0.00792343
         560    -5.52877    -5.52919  0.00790928
         561    -5.48151     -5.5291  0.00789564
         562    -5.46319    -5.52898  0.00788246
         563    -5.49589    -5.52893  0.00786868
         564    -5.54749    -5.52896  0.00785479
         565    -5.54382    -5.52899  0.00784094
         566    -5.53113    -5.52899  0.00782708
         567    -5.54012    -5.52901   0.0078133
         568    -5.53949    -5.52903  0.00779957
         569    -5.53595    -5.52904  0.00778587
         570    -5.46481    -5.52893  0.00777303
         571    -5.39964     -5.5287  0.00776271
         572    -5.46995     -5.5286  0.00774982
         573    -5.45003    -5.52846  0.00773751
         574    -5.39087    -5.52822  0.00772774
         575    -5.32901    -5.52787  0.00772206
         576    -5.37251     -5.5276  0.00771337
         577    -5.36242    -5.52732  0.00770531
         578    -5.35456    -5.52702  0.00769777
         579    -5.32085    -5.52666  0.00769271
         580    -5.40629    -5.52646  0.00768224
         581    -5.46149    -5.52634  0.00766984
         582    -5.46881    -5.52624  0.00765729
         583    -5.40469    -5.52604    0.007647
         584    -5.38285    -5.52579  0.00763783
         585    -5.42923    -5.52563  0.00762656
         586    -5.49753    -5.52558   0.0076137
         587    -5.40719    -5.52538   0.0076034
         588    -5.41045    -5.52518  0.00759298
         589    -5.29871     -5.5248  0.00758982
         590    -5.30051    -5.52442  0.00758647
         591    -5.37523    -5.52416  0.00757783
         592    -5.30025    -5.52379  0.00757446
         593    -5.31565    -5.52343  0.00756982
         594    -5.36303    -5.52316  0.00756189
         595    -5.39362    -5.52295  0.00755231
         596    -5.43436     -5.5228   0.0075411
         597    -5.35344    -5.52251   0.0075338
         598    -5.37424    -5.52227  0.00752528
         599    -5.39193    -5.52205  0.00751587
         600    -5.38049    -5.52181  0.00750704
         601    -5.50289    -5.52178  0.00749462
         602    -5.50972    -5.52176  0.00748219
         603     -5.4902    -5.52171  0.00746997
         604    -5.47341    -5.52163  0.00745803
         605    -5.48008    -5.52156  0.00744602
         606     -5.4291    -5.52141  0.00743529
         607    -5.51331    -5.52139  0.00742306
         608    -5.51772    -5.52139  0.00741085
         609    -5.49281    -5.52134  0.00739883
         610    -5.47753    -5.52127  0.00738705
         611    -5.48157    -5.52121  0.00737525
         612    -5.50184    -5.52117  0.00736326
         613    -5.50526    -5.52115   0.0073513
         614     -5.4526    -5.52104  0.00734017
         615    -5.47421    -5.52096  0.00732863
         616    -5.46295    -5.52087  0.00731734
         617    -5.40398    -5.52068  0.00730793
         618    -5.42128    -5.52052  0.00729788
         619    -5.41457    -5.52034  0.00728809
         620    -5.43927    -5.52021  0.00727751
         621     -5.3956    -5.52001  0.00726856
         622     -5.3324    -5.51971  0.00726313
         623    -5.34028    -5.51942  0.00725718
         624    -5.35226    -5.51916  0.00725049
         625    -5.39605    -5.51896  0.00724156
         626    -5.51046    -5.51894  0.00723001
         627     -5.4604    -5.51885  0.00721908
         628    -5.45494    -5.51875   0.0072083
         629    -5.42241     -5.5186  0.00719847
         630    -5.38472    -5.51838  0.00719018
         631    -5.34549    -5.51811    0.007184
         632    -5.36719    -5.51787   0.0071766
         633    -5.44073    -5.51775   0.0071663
         634    -5.35202    -5.51749  0.00715976
         635    -5.40648    -5.51731  0.00715062
         636     -5.4467     -5.5172  0.00714024
         637    -5.37608    -5.51698  0.00713247
         638    -5.35783    -5.51673  0.00712565
         639     -5.3425    -5.51646  0.00711971
         640    -5.40296    -5.51628   0.0071108
         641     -5.4316    -5.51615  0.00710093
         642    -5.48381     -5.5161  0.00709005
         643    -5.58061     -5.5162  0.00707973
         644    -5.62411    -5.51637  0.00707072
         645    -5.65792    -5.51659  0.00706316
         646     -5.6317    -5.51676  0.00705448
         647    -5.58723    -5.51687  0.00704441
         648    -5.50585    -5.51686  0.00703356
         649    -5.51287    -5.51685  0.00702273
         650    -5.38513    -5.51665  0.00701485
         651    -5.29795    -5.51631  0.00701211
         652    -5.29511    -5.51597  0.00700956
         653    -5.29188    -5.51563  0.00700722
         654    -5.34428    -5.51537   0.0070014
         655    -5.31505    -5.51506  0.00699739
         656    -5.41112     -5.5149  0.00698852
         657    -5.35835    -5.51466  0.00698194
         658     -5.4788    -5.51461  0.00697154
         659     -5.5042    -5.51459  0.00696098
         660    -5.47549    -5.51453  0.00695069
         661    -5.39543    -5.51435  0.00694251
         662    -5.45291    -5.51426  0.00693264
         663     -5.4894    -5.51422  0.00692229
         664    -5.49655     -5.5142  0.00691191
         665     -5.4567    -5.51411  0.00690206
         666    -5.51049    -5.51411   0.0068917
         667    -5.53096    -5.51413  0.00688141
         668    -5.50558    -5.51412  0.00687112
         669    -5.44179    -5.51401   0.0068617
         670     -5.3466    -5.51376  0.00685601
         671     -5.3877    -5.51357  0.00684836
         672    -5.37323    -5.51336  0.00684136
         673    -5.50108    -5.51335  0.00683121
         674    -5.52569    -5.51336   0.0068211
         675    -5.50412    -5.51335  0.00681101
         676    -5.56653    -5.51343  0.00680139
         677    -5.52168    -5.51344  0.00679136
         678    -5.42693    -5.51331  0.00678254
         679    -5.58309    -5.51342  0.00677333
         680    -5.59666    -5.51354  0.00676447
         681    -5.55207    -5.51359  0.00675478
         682    -5.56659    -5.51367  0.00674532
         683    -5.55411    -5.51373   0.0067357
         684    -5.50167    -5.51371  0.00672588
         685     -5.5963    -5.51383  0.00671714
         686    -5.62621      -5.514  0.00670934
         687    -5.61909    -5.51415  0.00670132
         688    -5.65454    -5.51436  0.00669469
         689    -5.54628     -5.5144  0.00668513
         690    -5.48819    -5.51436  0.00667555
         691    -5.50336    -5.51435  0.00666591
         692    -5.49633    -5.51432  0.00665633
         693     -5.6227    -5.51448  0.00664856
         694    -5.62915    -5.51464  0.00664103
         695    -5.50886    -5.51464  0.00663148
         696    -5.45679    -5.51455  0.00662247
         697    -5.54098    -5.51459  0.00661308
         698    -5.45785    -5.51451  0.00660411
         699    -5.39391    -5.51434  0.00659691
         700    -5.36507    -5.51412  0.00659093
         701    -5.41052    -5.51398  0.00658319
         702    -5.42734    -5.51385  0.00657497
         703    -5.43711    -5.51374  0.00656652
         704    -5.41239     -5.5136  0.00655877
         705    -5.41044    -5.51345   0.0065511
         706      -5.339    -5.51321  0.00654648
         707    -5.35713    -5.51298  0.00654094
         708    -5.28729    -5.51267  0.00653947
         709    -5.33248    -5.51241  0.00653518
         710    -5.36975    -5.51221  0.00652906
         711    -5.44499    -5.51212  0.00652056
         712    -5.40261    -5.51196  0.00651322
         713    -5.29294    -5.51165  0.00651132
         714    -5.40013     -5.5115  0.00650408
         715    -5.39068    -5.51133  0.00649718
         716    -5.35654    -5.51111   0.0064917
         717    -5.33934    -5.51087  0.00648706
         718    -5.34929    -5.51065  0.00648193
         719    -5.38917    -5.51048  0.00647512
         720    -5.36448    -5.51028   0.0064693
         721    -5.36046    -5.51007  0.00646366
         722    -5.38477     -5.5099  0.00645704
         723    -5.41481    -5.50976  0.00644945
         724    -5.29216    -5.50946  0.00644754
         725    -5.32115     -5.5092  0.00644387
         726    -5.28107    -5.50889  0.00644266
         727    -5.35171    -5.50867  0.00643742
         728    -5.40493    -5.50853  0.00643015
         729    -5.37692    -5.50835  0.00642387
         730    -5.45511    -5.50828  0.00641548
         731    -5.57049    -5.50836  0.00640727
         732    -5.54594    -5.50841  0.00639872
         733    -5.51408    -5.50842     0.00639
         734    -5.58574    -5.50853  0.00638216
         735    -5.45171    -5.50845  0.00637395
         736    -5.43561    -5.50835  0.00636605
         737    -5.39195    -5.50819  0.00635937
         738    -5.33445    -5.50796  0.00635511
         739    -5.40913    -5.50782  0.00634792
         740    -5.50393    -5.50782  0.00633934
         741    -5.53118    -5.50785  0.00633087
         742     -5.5226    -5.50787  0.00632237
         743    -5.49673    -5.50785  0.00631388
         744    -5.50884    -5.50786  0.00630539
         745    -5.49595    -5.50784  0.00629695
         746    -5.46707    -5.50779  0.00628874
         747    -5.45458    -5.50771  0.00628073
         748     -5.4586    -5.50765  0.00627267
         749     -5.5294    -5.50768  0.00626437
         750    -5.47819    -5.50764  0.00625614
         751    -5.53963    -5.50768  0.00624795
         752    -5.53455    -5.50772  0.00623975
         753    -5.50224    -5.50771  0.00623146
         754     -5.4821    -5.50768  0.00622329
         755    -5.42406    -5.50756  0.00621603
         756    -5.42286    -5.50745  0.00620882
         757    -5.35726    -5.50725  0.00620379
         758    -5.25279    -5.50692  0.00620468
         759    -5.31009    -5.50666  0.00620192
         760    -5.39234    -5.50651  0.00619559
         761    -5.35706    -5.50631  0.00619056
         762    -5.40433    -5.50618  0.00618388
         763    -5.34119    -5.50596  0.00617955
         764    -5.40578    -5.50583  0.00617286
         765    -5.34858    -5.50563  0.00616821
         766    -5.37268    -5.50545   0.0061626
         767    -5.44579    -5.50537  0.00615505
         768    -5.41619    -5.50526  0.00614813
         769     -5.4178    -5.50514  0.00614119
         770    -5.42398    -5.50504  0.00613412
         771    -5.57287    -5.50513  0.00612679
         772    -5.52861    -5.50516  0.00611893
         773    -5.47179    -5.50511  0.00611117
         774    -5.49644     -5.5051  0.00610329
         775    -5.43243    -5.50501  0.00609613
         776    -5.42363     -5.5049  0.00608918
         777    -5.45947    -5.50485  0.00608162
         778    -5.51148    -5.50485  0.00607381
         779    -5.47228    -5.50481  0.00606616
         780    -5.47215    -5.50477  0.00605852
         781    -5.34402    -5.50457  0.00605426
         782    -5.31898    -5.50433  0.00605117
         783    -5.35711    -5.50414  0.00604636
         784    -5.39572      -5.504  0.00604023
         785    -5.53319    -5.50404  0.00603265
         786    -5.46016    -5.50398  0.00602523
         787    -5.47738    -5.50395  0.00601767
         788    -5.26049    -5.50364  0.00601796
         789    -5.26072    -5.50333  0.00601821
         790    -5.30066    -5.50308  0.00601605
         791    -5.26912    -5.50278  0.00601571
         792    -5.34866    -5.50259  0.00601126
         793    -5.37949    -5.50243  0.00600569
         794    -5.38495    -5.50228  0.00599995
         795    -5.35944     -5.5021  0.00599509
         796    -5.37158    -5.50194   0.0059898
         797    -5.32065    -5.50171   0.0059866
         798    -5.38637    -5.50157  0.00598084
         799    -5.31177    -5.50133  0.00597807
         800    -5.32669    -5.50111  0.00597459
         801    -5.32342    -5.50089  0.00597124
         802    -5.36936    -5.50072  0.00596605
         803    -5.39001    -5.50059  0.00596021
         804    -5.43944    -5.50051  0.00595329
         805    -5.43791    -5.50043   0.0059464
         806    -5.47816    -5.50041  0.00593908
         807    -5.44801    -5.50034  0.00593208
         808    -5.50107    -5.50034  0.00592474
         809    -5.59312    -5.50046  0.00591852
         810    -5.54481    -5.50051  0.00591147
         811    -5.54118    -5.50056  0.00590439
         812    -5.63213    -5.50072  0.00589935
         813    -5.58446    -5.50083  0.00589299
         814    -5.49712    -5.50082  0.00588575
         815     -5.4124    -5.50071  0.00587953
         816    -5.43098    -5.50063  0.00587294
         817     -5.3817    -5.50048  0.00586756
         818    -5.33049    -5.50027  0.00586407
         819    -5.50305    -5.50028  0.00585691
         820    -5.41549    -5.50017  0.00585068
         821    -5.52397     -5.5002  0.00584362
         822    -5.48488    -5.50018  0.00583654
         823    -5.48041    -5.50016   0.0058295
         824    -5.56594    -5.50024  0.00582297
         825    -5.47047     -5.5002  0.00581603
         826    -5.45096    -5.50014  0.00580929
         827    -5.40036    -5.50002  0.00580352
         828    -5.39234    -5.49989  0.00579797
         829    -5.38855    -5.49976  0.00579253
         830     -5.4652    -5.49972   0.0057857
         831    -5.47729    -5.49969   0.0057788
         832    -5.43842    -5.49962  0.00577232
         833    -5.53659    -5.49966  0.00576556
         834     -5.4365    -5.49959  0.00575915
         835    -5.39997    -5.49947  0.00575349
         836    -5.34249    -5.49928  0.00574967
         837    -5.29813    -5.49904  0.00574782
         838    -5.37398    -5.49889   0.0057429
         839    -5.37697    -5.49874  0.00573789
         840    -5.46912    -5.49871  0.00573117
         841    -5.51043    -5.49872  0.00572437
         842    -5.38597    -5.49859  0.00571914
         843    -5.39342    -5.49846  0.00571371
         844    -5.38343    -5.49833  0.00570857
         845    -5.32221    -5.49812  0.00570562
         846    -5.24247    -5.49782  0.00570687
         847    -5.29165    -5.49757  0.00570532
         848    -5.33332    -5.49738  0.00570188
         849     -5.3037    -5.49715  0.00569973
         850    -5.23624    -5.49684  0.00570128
         851    -5.29836    -5.49661  0.00569935
         852    -5.49633    -5.49661  0.00569266
         853    -5.47833    -5.49659  0.00568603
         854    -5.46221    -5.49655  0.00567951
         855    -5.44033    -5.49648  0.00567325
         856    -5.46145    -5.49644  0.00566677
         857    -5.58338    -5.49654  0.00566106
         858    -5.52527    -5.49658  0.00565456
         859    -5.42814     -5.4965  0.00564854
         860     -5.4954     -5.4965  0.00564198
         861    -5.55383    -5.49656  0.00563582
         862    -5.51899    -5.49659  0.00562934
         863    -5.49201    -5.49658  0.00562282
         864    -5.32472    -5.49639  0.00561983
         865    -5.37862    -5.49625  0.00561498
         866    -5.40329    -5.49614  0.00560952
         867    -5.39011    -5.49602  0.00560438
         868    -5.39256     -5.4959  0.00559919
         869     -5.3778    -5.49576   0.0055944
         870    -5.55849    -5.49584  0.00558843
         871    -5.46552     -5.4958  0.00558213
         872    -5.46069    -5.49576  0.00557587
         873    -5.57337    -5.49585  0.00557019
         874    -5.65331    -5.49603  0.00556673
         875     -5.5312    -5.49607  0.00556051
         876    -5.45956    -5.49603  0.00555432
         877    -5.45773    -5.49599  0.00554816
         878     -5.4665    -5.49595  0.00554194
         879    -5.41572    -5.49586  0.00553639
         880    -5.34851    -5.49569  0.00553263
         881    -5.32554     -5.4955  0.00552972
         882    -5.44847    -5.49545  0.00552371
         883    -5.43375    -5.49538   0.0055179
         884    -5.39594    -5.49526   0.0055128
         885    -5.35122     -5.4951  0.00550897
         886    -5.32364    -5.49491  0.00550615
         887    -5.23214    -5.49461  0.00550791
         888    -5.30312     -5.4944  0.00550593
         889     -5.3844    -5.49427  0.00550112
         890    -5.28736    -5.49404  0.00549985
         891    -5.20679    -5.49372  0.00550312
         892    -5.26025    -5.49346  0.00550317
         893    -5.32504    -5.49327  0.00550024
         894    -5.40678    -5.49317  0.00549494
         895    -5.38102    -5.49305  0.00549023
         896    -5.44224    -5.49299  0.00548439
         897    -5.40608    -5.49289  0.00547913
         898    -5.55999    -5.49297  0.00547354
         899    -5.62725    -5.49312  0.00546949
         900    -5.55129    -5.49318   0.0054638
         901     -5.5852    -5.49328  0.00545869
         902    -5.50719     -5.4933  0.00545266
         903    -5.51635    -5.49332  0.00544668
         904     -5.5556    -5.49339  0.00544109
         905    -5.48098    -5.49338  0.00543509
         906    -5.46148    -5.49334  0.00542921
         907    -5.46837    -5.49332  0.00542329
         908     -5.4747     -5.4933  0.00541736
         909    -5.38762    -5.49318  0.00541265
         910    -5.38123    -5.49306   0.0054081
         911    -5.38322    -5.49294   0.0054035
         912    -5.39862    -5.49283  0.00539857
         913    -5.37834    -5.49271  0.00539411
         914    -5.45404    -5.49266  0.00538837
         915    -5.47459    -5.49264  0.00538252
         916     -5.5206    -5.49268  0.00537673
         917     -5.4979    -5.49268  0.00537087
         918    -5.49004    -5.49268  0.00536502
         919      -5.518    -5.49271  0.00535926
         920    -5.51932    -5.49273  0.00535351
         921    -5.56342    -5.49281  0.00534825
         922    -5.50731    -5.49283  0.00534247
         923    -5.52039    -5.49286  0.00533676
         924    -5.56845    -5.49294  0.00533161
         925    -5.45085    -5.49289  0.00532604
         926    -5.40186    -5.49279   0.0053212
         927    -5.38245    -5.49268  0.00531679
         928    -5.30825    -5.49248  0.00531477
         929    -5.39763    -5.49237  0.00531003
         930    -5.49137    -5.49237  0.00530432
         931     -5.4092    -5.49228  0.00529938
         932    -5.47396    -5.49226  0.00529373
         933    -5.42233    -5.49219  0.00528859
         934    -5.43898    -5.49213  0.00528323
         935    -5.36405      -5.492  0.00527936
         936    -5.42808    -5.49193  0.00527416
         937    -5.41537    -5.49185  0.00526916
         938    -5.35728     -5.4917   0.0052655
         939    -5.34708    -5.49155  0.00526214
         940    -5.43178    -5.49148  0.00525693
         941     -5.4499    -5.49144  0.00525153
         942    -5.35406    -5.49129  0.00524798
         943    -5.39651    -5.49119  0.00524337
         944    -5.44006    -5.49114   0.0052381
         945    -5.48964    -5.49114  0.00523256
         946      -5.435    -5.49108  0.00522736
         947    -5.43819    -5.49102  0.00522214
         948    -5.33315    -5.49086  0.00521929
         949    -5.40476    -5.49077  0.00521457
         950    -5.40739    -5.49068  0.00520982
         951    -5.25973    -5.49044     0.00521
         952    -5.25929    -5.49019  0.00521018
         953    -5.33096    -5.49003   0.0052074
         954    -5.38783    -5.48992  0.00520304
         955     -5.3647    -5.48979  0.00519924
         956    -5.51373    -5.48981  0.00519386
         957    -5.43725    -5.48976  0.00518873
         958     -5.3614    -5.48962  0.00518504
         959    -5.46278     -5.4896  0.00517971
         960    -5.41248    -5.48952  0.00517494
         961    -5.45872    -5.48948  0.00516965
         962    -5.42665    -5.48942  0.00516469
         963    -5.43003    -5.48936   0.0051597
         964    -5.42224    -5.48929  0.00515481
         965    -5.33996    -5.48913  0.00515179
         966    -5.39256    -5.48903  0.00514743
         967    -5.49188    -5.48903  0.00514211
         968    -5.51901    -5.48907  0.00513689
         969    -5.54163    -5.48912  0.00513187
         970    -5.47804    -5.48911   0.0051266
         971    -5.37846    -5.48899  0.00512258
         972    -5.43082    -5.48893  0.00511766
         973    -5.53721    -5.48898  0.00511264
         974    -5.48217    -5.48898   0.0051074
         975    -5.49978    -5.48899  0.00510217
         976    -5.47652    -5.48898  0.00509696
         977    -5.41311     -5.4889  0.00509234
         978    -5.40242    -5.48881   0.0050879
         979    -5.48209     -5.4888   0.0050827
         980    -5.49627    -5.48881  0.00507752
         981    -5.55983    -5.48888  0.00507286
         982    -5.58986    -5.48899  0.00506874
         983     -5.6032     -5.4891  0.00506491
         984    -5.60978    -5.48922  0.00506125
         985    -5.56629     -5.4893  0.00505672
         986    -5.60947    -5.48942  0.00505306
         987    -5.46609     -5.4894  0.00504799
         988    -5.51966    -5.48943  0.00504298
         989    -5.57776    -5.48952  0.00503867
         990    -5.54638    -5.48958  0.00503391
         991    -5.43921    -5.48953  0.00502908
         992    -5.46749    -5.48951  0.00502406
         993    -5.47825    -5.48949  0.00501902
         994    -5.47879    -5.48948  0.00501398
         995    -5.49865    -5.48949  0.00500895
         996    -5.37753    -5.48938  0.00500518
         997    -5.50748     -5.4894  0.00500019
         998    -5.58925     -5.4895  0.00499618
         999     -5.5431    -5.48955  0.00499147
        1000    -5.48098    -5.48954  0.00498649
