-1.57699
-0.601642
0.66756
-2.93964
-0.780018
2.15146
6.68624
0.489271
1.714
-2.46625
0.311926
-0.57782
0.354643
1.06277
0.406621
0.643684
-2.17605
-12.2767
-0.417907
1.39609
0.94188
-7.34625
0.379118
1.27238
-1.5997
0.573574
1.68744
-1.27385
-0.490453
-0.241217
-0.79799
0.439164
2.29222
-0.922357
-0.265236
-1.398
-0.34413
3.72503
-1.32777
1.9596
-0.410901
0.16426
-1.57643
1.32993
-0.587876
-1.54601
2.10185
-0.674026
-0.815865
0.686761
-1.45677
-0.257742
-1.1923
1.35903
-0.694242
0.677644
2.49232
1.22309
0.120364
-1.4612
3.51193
-0.0658786
12.798
0.934009
-0.645558
0.380318
0.133857
-0.783567
-0.14198
-1.32233
-9.2566
-0.341457
0.0577831
0.765682
-1.26295
-1.72049
-2.26003
0.0903486
-0.409817
-1.28566
-0.200373
0.393076
9.68565
-0.231738
1.16551
-1.97499
-0.358441
1.31678
2.23711
0.865508
17.1918
1.21956
0.129693
-4.59785
18.7256
-0.258863
0.653104
0.0508794
-0.857323
0.492765
1.35824
-0.23194
1.1383
0.894863
0.561558
0.985287
0.62029
-1.54321
-1.01817
1.54874
115.128
0.314809
-3.05377
0.117913
-0.506845
0.343335
2.30109
-0.222157
-0.144538
1.02107
-0.288812
-0.697466
-0.524413
1.23318
-1.24048
-0.838907
0.260211
3.34895
-1.4209
0.592226
0.202698
0.93744
1.08536
0.431362
-0.209655
0.462252
41.7123
-0.710005
0.887422
1.11383
1.83912
-1.49387
0.03588
-0.504502
4.28168
0.364643
-0.218681
-0.65726
2.67127
0.823337
-136.353
-0.464235
-0.0219405
-2.10272
0.419028
-1.61846
-7.10709
0.00301623
0.555409
0.305723
0.67238
1.56827
0.00206226
-0.496429
1.70828
0.607784
-3.47876
1.68825
-0.0278475
-0.543963
0.900906
0.975032
0.589221
0.727295
-0.623358
1.60213
-0.805713
-0.447767
1.55499
-0.995235
0.328505
-0.746657
2.43328
1.35017
-5.27132
1.47891
0.176866
-0.707453
-0.169539
0.229953
-2.69343
8.71343
0.30259
0.634116
-1.75655
0.671484
-0.650066
2.46192
-11.5789
0.298591
-0.224633
10.2429
-2.12712
2.40924
-0.510247
-69.4835
29.3619
-0.100572
36.9646
1.00168
-0.167155
1.06461
0.385841
-1.98326
-0.69313
4.99924
-2.07903
-0.86211
-26.9696
-0.399355
-0.408593
3.12371
-1.02452
0.555267
0.277313
1.08335
2.07912
-1.71252
1.39781
1.05474
-0.884475
1.35076
3.61231
-0.792987
-0.461483
-0.157644
-2.02318
0.424839
-0.353863
-1.28231
-0.444883
-0.735655
-16.3968
1.0237
0.437073
-1.08577
0.799954
-1.70714
0.921469
-1.49608
1.03663
3.08286
0.28339
-0.806964
-0.351316
-6.42361
-1.58983
-0.659333
1.32247
4.40645
0.0276248
-1.25049
0.700432
0.611206
2.58536
-0.0344111
-4.70952
0.938002
1.45334
0.205062
-1.72103
0.621839
-1.09176
-1.04856
0.710151
9.73263
0.0943704
-0.464786
0.981999
0.708592
-72.0427
0.509237
-0.851976
4.21497
0.839056
-0.478386
-0.462931
-0.610795
2.6022
-0.214984
1.3541
1.10083
-0.862989
0.0817023
-0.384341
-0.996509
0.592733
-0.442717
-0.0365927
-0.977796
0.712536
-4.59876
4.94856
1.61213
11.5783
-0.161686
-0.0906744
-0.756432
1.39994
-0.126243
-1.10296
-8.85458
-8.13581
0.348119
-4.87704
-0.273969
0.178233
0.410337
2.43983
-0.931009
0.185094
5.87251
0.421239
0.367692
-0.304071
-0.356453
-1.38413
0.146944
2.923
-1.18882
-0.0196467
0.0456502
-0.363379
-0.749797
2.9429
-0.135025
-5.15392
-0.161517
0.847778
-0.513253
0.193789
-1.13056
-1.24588
-0.0550433
2.02321
-1.00318
0.823149
-0.344526
1.25112
-0.451789
-0.599686
-0.2221
0.80898
-1.81511
0.175955
0.0355964
-3.73808
2.56275
-1.27676
0.398038
-6.75011
-0.119681
-0.243251
0.0172409
5.74761
-3.76878
-0.0646113
0.288249
0.511217
0.362122
-1.86378
-0.391204
2.3277
0.617734
-0.352558
-5.12423
0.0551107
-1.04689
0.777273
9.76069
1.42641
3.77625
-0.624496
1.17401
-0.120363
-0.446089
0.327376
3.88602
-0.532159
-0.918518
1.4366
-0.708977
0.802184
1.53011
-1.69213
-0.33098
3.783
3.77633
2.72321
3.14091
-2.94307
2.53711
96.923
-4.46515
1.8595
0.204436
1.08789
0.885066
0.0102644
0.119682
3.21179
-0.12738
0.547371
-2.92513
-0.281985
-0.48235
1.26053
-0.742468
-0.0346135
-0.972493
-1.54771
-1.292
-0.582429
3.46455
1.36718
-3.924
-1.59727
11.2466
-0.313882
-4.97065
0.180151
-0.64138
-0.12709
-2.40291
-1.58814
-2.58051
-0.339711
-0.779678
1.22575
-0.590337
-1.07951
-0.561612
-0.364794
-2.20412
-23.0417
-0.108544
1.4881
-10.2385
-0.220751
1.13626
0.949825
5.67016
-1.55038
0.458309
-77.6204
0.323169
-1.35696
0.705641
0.434475
0.208316
0.811591
1.14179
-0.199287
4.23533
0.319571
-30.5668
0.47936
2.64578
0.505682
2.11886
3.7144
4.0164
-1.67031
-12.3178
-1.03902
-0.839596
0.0992585
0.329117
-6.29527
0.181312
-0.419991
0.633397
2.6913
1.40813
-16.4624
0.586652
1.36532
-0.83708
0.978591
-16.9522
0.637378
-15.7657
1.14069
0.776649
-40.7912
0.662154
0.379617
-1.76238
-0.886239
3.09024
-0.695822
-0.281722
-2.09332
-0.227379
-1.11271
0.0616866
1.48357
1.80812
3.62043
-1.13254
-0.717209
0.855268
-6.11557
-0.932753
-2.39476
-1.39425
-0.872257
0.640915
20.6207
4.50057
0.304563
-2.40259
3.79842
-2.3211
-0.704325
2.12375
0.493379
1.88192
-3.35962
-5.91504
-1.98234
-0.374126
0.4885
74.1456
0.694788
0.00165789
-3.81546
0.776742
0.0363354
0.0755026
-2.75345
-0.398107
-1.90171
0.540284
-7.47189
-8.14348
1.2394
-0.779862
-0.863925
-0.616025
0.242033
-0.44572
-0.343631
-1.97241
-14.3352
17.5372
2.2268
0.17087
0.657898
-0.229863
-5.24467
-0.114446
-0.166154
4.93952
0.158152
-17.7102
-0.587355
1.11281
0.843915
-0.294194
-1.09198
-3.27942
-0.63648
0.498231
-0.238699
1.3689
2.33667
1.93014
-0.219134
-1.26668
0.459203
-2.06806
-0.303027
-1.38914
-2.72802
-5.07531
-0.32238
-0.0986846
0.733913
8.95959
2.92988
-0.675622
1.182
1.04129
-1.39318
0.45868
-0.859389
-263.913
6.29005
-22.7296
-9.58867
-0.418658
-1155.04
0.326731
-22.6778
0.705833
0.501838
-0.819501
-2.94884
2.84214
1.8343
-0.781261
0.366949
2.27173
-0.0576967
-36.74
0.473773
0.187884
1.53773
0.0644641
-30.7917
0.308551
-0.645095
-7.84568
-1.62759
0.0183258
-1.91997
-1.85046
-2.02871
0.325256
-0.208637
23.2086
100.003
-3.61885
0.428579
4.39539
-1.58998
-0.347572
1.54536
-0.656171
0.523007
-0.601486
0.179617
-0.0608672
3.12957
-0.974035
1.43805
-0.305332
-2.13275
-2.17521
-2.89203
-0.250727
16.9007
-0.715311
0.17918
0.0295408
0.294217
-0.229471
-3.82837
-6.02732
2.17508
16.1272
-1.93839
-0.0458316
0.206378
0.785533
5.55442
-0.347915
1.79023
2.34595
-0.389125
0.982188
1.62225
-1.47669
-2.63102
-2.70294
-0.930643
0.514961
0.606701
-0.231935
-1.01162
-1.41209
-0.633286
0.0648271
-0.317333
-1.74962
0.171088
24.6645
41.9318
1.07397
0.0118501
0.0898554
-1.37152
1.62912
3.74606
0.433726
0.176424
1.6356
0.831127
2.57967
-0.317618
-46.5737
11.3137
-0.067713
2.70556
-1.59756
-0.014339
-3.50137
-0.111795
0.818272
0.795998
0.181872
0.870034
4.25265
-0.00284376
-4.74949
-0.49415
-2.69157
-0.023999
-0.336552
2.17317
-0.966709
1.67775
-0.648991
-0.0635954
0.334328
1.3436
0.829892
0.516478
0.423262
6.35997
-16.3345
0.900046
-0.305644
-2.73013
-29.5864
-0.511943
0.423581
-0.599298
1.02849
-0.397595
-0.182648
-0.93024
0.356688
0.935287
-0.338768
-0.712898
0.973831
1.23329
-2.30289
-0.966157
-0.632226
1.78253
3.81396
-2.26543
-0.4477
0.674267
-0.275779
-0.542837
-1.1595
0.289675
-5.98802
-0.0739417
2.68663
-2.0347
3.20378
-9.08906
0.880481
0.497427
0.229983
0.717264
0.0310246
-0.281625
1.36182
-0.075408
4.91901
-0.952464
-0.361704
-0.524962
-0.546567
1.23298
0.408954
-0.69526
-0.161538
0.959957
1.81589
3.27855
-29.303
-0.553786
-24.3042
0.00351784
-0.145572
1.39353
2.22122
-0.655633
-0.4315
-0.30526
1.6676
0.527057
-0.65254
1.39821
-11.5776
-2.89005
-1.17111
0.323166
-8.08103
4.3458
-0.713458
-0.0780297
-1.14516
-3.23269
-0.743714
-0.877539
0.451567
0.0507607
-3.74246
-0.736564
-2.54951
0.04784
-0.933412
-2.38516
2.3441
-1.33367
-1.37036
4.29026
-0.190271
1.71747
-1.85446
1.50824
6.16078
0.176396
2.85486
-0.83076
-3.75417
0.528425
2.2843
2.63093
-0.827029
-0.285398
-1.6534
-0.616486
1.03008
-0.567934
-15.2861
0.857501
4.03647
-0.117625
1.6299
-0.00928516
0.14738
0.901159
0.302868
-0.758422
0.70145
-0.995823
1.78804
1.11397
-2.84087
-0.685552
-0.0106075
0.859141
1.43075
-0.752531
-2.92096
-0.197187
2.80461
0.940642
3.02402
-0.564641
-13.5417
0.496353
0.977121
-0.24085
-0.490659
-1.64764
-8.02471
1.21303
-0.257553
0.240194
0.681729
0.697594
-0.490863
0.351874
-0.250236
5.578
-0.696503
-0.0306279
0.326079
-11.0191
-0.299658
0.127247
-1.01067
2.6485
3.13048
0.373687
-384.83
-1.14808
2.99347
1.34092
-0.0329278
-9.0989
1.42682
-0.444203
-2.15862
-0.182301
-0.241982
1.11093
1.33809
-1.03018
1.74398
0.761068
0.0546333
0.248088
-1.70509
-2.50162
0.95568
0.170147
-3.85687
2.52168
4.0707
-1.04242
7.41341
-1.36201
-0.0774357
7.24348
0.850911
2.33442
0.823324
-0.808695
2.227
1.65909
4.01352
0.776953
-0.279508
-0.206857
3.54427
10.9562
4.04381
-6.66921
0.654713
4.67719
-0.143092
0.536539
3.03862
-0.413281
0.733218
1.85529
-0.142032
2.09684
2.84982
1.26641
2.03706
12.8541
-1.77377
-0.990362
3.51252
-1.1624
-1.55449
-1.47996
0.708725
-2.02437
-1.48515
0.88953
3.95523
-0.170661
2.29812
0.00158826
0.181048
-1.43812
1.75319
-0.446312
-1.04287
-4.34896
-1.05659
0.896212
0.0175239
-12.9468
3.34522
0.147165
1.13863
0.876864
-5.82554
0.31506
0.508197
0.789634
-3.61879
-0.120042
-83.8588
-0.550841
0.119763
0.497663
1.5762
0.778452
-0.423119
0.326414
0.663521
-4.85203
-1.366
-1.4543
-1.92745
-0.866185
-0.425679
-1.06077
-0.55018
-0.696081
0.656481
0.476125
-0.418794
6.44333
-0.245761
-0.304503
0.727725
-11.5307
-0.4258
1.77828
0.749444
-0.0137709
-0.358696
-0.516252
-0.372677
5.31448
-0.843675
-0.134016
1.55245
0.70802
-0.412784
-1.54172
-0.020551
1.53568
-2.0932
-0.118644
0.646426
-0.205431
0.441567
2.37157
-1.15279
-0.247662
1.10268
1.63083
-2.38915
0.0898795
-0.438813
7.96271
3.02348
6.5755
-1.06065
0.0543922
-0.0506613
27.2902
-0.218237
1.35366
-0.630922
-2.38567
-0.366537
-0.117743
-0.829034
-0.70535
-0.0822137
0.517138
5.865
0.0160401
0.974488
-0.795402
-0.0691828
0.0522755
0.957778
0.537872
0.288279
-133.363
-0.691582
-53.5102
0.95983
1.18725
-1.33409
-1.45332
-0.275672
-0.950962
-0.43637
-0.288763
-0.608987
0.76588
0.745766
0.180295
1.80336
3.68385
1.21735
0.0656827
5.58206
1.0943
-32.2069
1.80372
-1.36462
1.32939
-2.38591
0.119602
4.0181
-1.79681
-0.275738
-0.578432
-1.09835
-5.04692
1.06724
-3.23457
-0.324444
0.446261
-2.92095
1.34351
-3.30571
-1.21666
0.49215
0.132633
-1.65581
0.96279
-0.533589
-1.98056
0.410055
-0.172446
-40.7288
-0.47005
0.898297
0.955315
-0.387842
0.348272
-0.368245
2.90838
0.330953
-0.547768
-3.35514
2.36589
-1.20158
-2.74136
-1.271
-3.07083
-22.8654
0.280773
-1.05292
-5.23874
-1.06231
0.768367
-0.514263
2.61512
25.7373
0.317805
-34.1497
0.16366
-2.22314
2.60048
0.327186
-0.968405
-0.720732
0.127181
1.37353
5.03186
-0.462808
-19.9204
0.513387
-2.85234
-0.201462
-0.285194
9.25784
3.30177
-0.388275
-1.70124
-0.089111
0.12724
1.03894
-6.05057
-0.0453895
8.06508
0.951849
0.223427
9.13458
-0.0797329
1.21128
-0.655009
-0.078583
0.123913
1.29158
1.2556
0.719248
-0.823723
-0.0908432
-0.0222387
-28.3895
-2.81138
0.598404
-2.36942
-2.11758
9.26604
0.0476732
-0.180697
0.0925798
-7.16849
0.500722
-0.937357
-0.330027
-0.245252
1.35634
-0.882321
0.201905
-0.0458439
-1.07943
-2.20727
-9.03301
0.660212
0.235277
-0.735299
0.440398
-1.32899
1.64228
-0.921755
-0.578136
6.70609
0.213042
-8.38745
0.0721185
0.315272
-0.758028
-1.7022
-0.0100525
5.03051
1.046
0.191985
-0.812476
-0.881146
1.40889
-1.56896
-1.5983
-10.7921
0.558876
-0.968132
-1.85665
25.8885
0.127108
-59.535
0.0814388
0.285669
5.89597
-0.339491
-0.567895
3.74102
-8.68121
-0.977031
0.0936302
1.45217
-10.7165
-0.156029
4.96484
0.26615
0.412949
12.2906
0.224182
-0.316818
-0.409826
-3.01778
-1.172
0.756022
0.637177
0.0721383
161.775
6.05832
0.479818
4.52834
-0.153395
-2.71735
-0.439588
-1.13687
8.36736
-1.18672
0.434941
-1.66642
3.44826
-0.680491
2.46865
0.208843
-1.07643
-5.4243
-0.406701
3.04334
-0.485708
-1.41779
0.625889
-3.06659
0.513576
2.89445
-0.253949
1.85759
7.36748
-0.592117
-8.85585
-2.63173
2.22412
0.124605
1.14245
0.121155
0.230885
0.511711
-4.87252
-3.17182
0.707162
1.63325
0.733024
0.362638
1.29604
-17.1274
0.473095
2.95574
0.472638
-12.389
-0.181396
-0.970026
-32.8132
-0.18569
0.401442
-30.9849
-9.14936
2.63178
0.406213
1.50592
-3.65961
0.128982
-2.08069
1.46194
-0.272591
1.99319
-0.289217
-0.249967
-0.473021
3.8141
-0.36427
-0.314877
0.633688
-0.59618
-10.8036
1.47194
-0.721094
-3.18384
-0.585759
-12.0759
4.54941
-0.466227
0.122876
-0.750641
-29.2959
-0.763548
0.749087
-0.877764
0.389933
-1.89623
-0.871433
0.367923
2.42866
0.381727
-0.987997
-0.424861
-1.4722
0.907228
0.0396276
18.1136
0.63647
-0.200239
-0.190054
-5.7226
-0.679224
0.00443203
-6.60649
-0.941144
-3.14141
23.5362
1.13544
0.0942315
-0.291198
-228.214
1.10088
-0.244575
-0.517433
-0.622946
0.825484
-1.257
0.847356
31.8656
2.86091
1.11822
-0.514458
-0.592247
-1.01371
-0.689066
-1.25183
0.217123
0.67804
-1.14846
-2.4338
-0.217299
-0.00311437
0.308192
-14.9232
-0.322031
6.10404
-0.394596
0.155531
-2.47195
0.460018
1.40138
-1.32434
3.86716
1.73565
-0.0475788
-1.5182
1.66347
-12.9899
7.65464
2.67416
0.189726
-46.0714
-1.07714
0.905159
0.270871
13.6562
1.05881
3.69156
-1.35921
0.0294959
-7.64552
0.0162185
2.55521
0.0403441
0.149354
0.610656
0.829334
-13.434
-1.00407
-1.59351
-0.681142
0.723579
3.15476
-22.5279
0.128367
-1.58728
-0.0636975
0.654258
1.27779
-0.21681
-2.57107
0.15557
4.52409
-0.215853
0.768603
-1.09383
-1.66808
-8.57203
0.418706
0.528294
-2.35423
1.16764
-2.00987
-0.292281
-9.45325
0.411435
6.8432
0.254828
-2.78037
-1.01713
10.4658
-19.1492
-1.31482
2.35288
1.49905
-0.576073
-0.21957
-3.85013
1.9531
1.36836
-1.06444
1.3426
0.980579
-0.167724
0.0907713
3.47072
-0.259051
-0.631032
0.265981
-0.931902
-0.429284
-0.652976
-1.94442
-0.638859
1.03784
-1.82488
-0.114625
-3.18186
0.779083
0.439714
0.174626
-2.33232
0.980838
3.96051
-5.1891
27.5391
-0.770402
-0.448894
-0.434706
5.52939
0.331928
-4.5313
2.15478
-0.781123
-0.718883
0.320535
1.62357
-0.596464
-0.94863
0.266927
1.76723
1.01071
2.76956
1.39759
-1.47899
-0.269355
0.898674
0.944122
-0.21313
-0.360118
6.45643
-1.69748
0.360072
1.3404
1.19489
0.243073
0.404415
-2.23135
0.875768
-0.962259
-0.0774258
1.90695
-15.5498
0.206643
1.70303
-0.787062
1.66599
-1.27969
-0.0755223
0.852716
-0.826624
-0.108032
-0.803838
-0.655179
-0.0200685
0.243487
-3.64006
-1.06111
2.89732
-0.546442
-0.195229
-0.945684
1.76686
-0.648871
-1.87199
9.69067
12.3596
-2.36203
-0.600822
-1.59701
-0.906985
-0.185592
0.46928
-0.736973
0.0506081
-0.657839
128.03
-6.91394
-1.31802
-0.647846
0.848751
-0.770098
-4.805
0.622916
0.296334
1.46718
0.419552
1.1732
2.09306
0.972691
-0.489481
0.103594
-1.50755
2.08921
0.11022
-8.38707
0.544946
0.977789
0.181688
0.244539
0.118303
0.727816
-3.49293
-8.77255
20.1711
8.33479
0.25834
0.584742
0.122747
-0.0891596
-1.71192
0.618842
0.270871
-1.20904
0.00496946
1.23479
1.46066
0.782777
2.39287
1.18446
0.4686
0.598264
-1.0124
-0.299698
-3.10888
-0.290544
2.0757
-4.38585
-1.31898
2.18493
2.97132
1.17702
-0.908628
-2.87323
1.19014
-0.853399
1.25056
-0.231899
1.37228
0.00589123
-0.709513
-3.85447
-0.376073
0.346439
-1.42332
2.05612
-0.743505
-14.6587
6.39902
-0.457444
0.736875
4.9929
6.61992
-0.219803
-1.48667
1.03669
-0.38732
-1.18629
1.10339
-1.15259
0.176774
2.59443
-0.751216
1.26696
1.57406
-4.54863
0.936498
-3.18696
-1.57758
-0.547229
3.65087
-8.30615
0.93371
-0.647255
-0.573193
0.226617
-1.0099
-0.196076
0.222192
-67.011
0.144048
0.872047
2.82422
0.0779576
-0.398977
0.479874
1.71534
-2.06077
-0.493573
-2.79042
0.725046
-2.5697
-0.584349
5.5055
-0.106145
-0.885421
-1.11118
68.2695
1.13012
-0.574953
2.41358
1.00214
0.386
0.502628
0.890039
-0.36811
-4.04101
-1.15687
1.95457
-0.136216
0.0449278
-11.9385
-12.9786
1.92301
0.431615
-1.20576
-0.155008
0.297848
-3.44633
-1.15068
-5.37405
-7.07103
0.138437
0.479678
-1.21441
-1.10382
-4.40709
-0.344137
1.24336
0.973725
0.243279
-0.188115
1.15247
1.10246
0.529455
0.888417
-0.30898
0.694107
1.72426
0.288344
0.0322407
3.67369
0.400829
-1.03285
-0.240192
-1.2296
-0.556487
1.18333
3.70753
-3.08222
0.061871
0.230503
-1.20389
-0.289094
-1.41766
-0.625477
0.628942
-3.68847
-0.594645
0.769584
-0.10365
6.65425
0.146464
0.773692
-1.28067
-0.615037
-0.210069
0.041815
-2.77854
2.15949
-1.49195
0.223027
1.1591
0.850796
-0.703559
0.434806
1.19097
-3.24448
-2.99665
-1.47329
-0.299716
-0.144548
-1.57531
-2.24424
9.65094
-1.77151
1.32971
0.336659
-2.9135
-2.01188
3.2259
-0.49077
-0.0431257
0.960956
1855.22
1.44445
0.171061
3.90512
-0.282032
0.822425
0.0993327
1.10114
-4.52996
-0.493388
-0.850796
7.23277
-475.052
-0.209698
0.303155
-2.46864
0.810982
2.41869
-1.55563
-2.14398
-1.8571
0.916369
2.30365
-0.218648
0.565891
0.421867
-131.37
-0.185919
-3.05263
-2.90134
-4.05432
1.9329
-2.12585
-0.487785
-6.525
0.18748
-28.403
1.14499
-11.7745
0.554335
-2.38096
-1.31249
0.236371
-0.0248139
0.0583777
1.3786
1.86744
-0.334896
0.0681658
-1.44812
-0.386547
-0.825524
-0.516722
-0.00214035
6.40593
0.951569
0.949863
1.71071
-1.32792
0.447177
-0.753381
0.638243
0.725754
-3.66322
-1.55744
-1.99757
-14.9415
-1.36235
13.9753
-6.20853
-0.126346
-0.41225
10.8086
6.18787
-6.2061
-1.2044
1.44169
0.603644
3.17531
-0.522223
0.941742
-2.37525
2.75474
0.312895
0.000415615
-2.48594
-0.590098
-29.3927
1.63228
-1.03558
0.553084
-0.745019
-3.30632
-4.07004
-5.77788
-3.00098
-0.262843
3.82023
-8.64257
-0.361225
1.00564
0.125984
2.85317
0.112634
-1.57339
0.194334
0.253081
1.01155
-6.99633
-5.34752
0.676305
0.931281
-0.0275694
-0.44027
-3.37608
3.196
1.60451
-0.188936
-1.65328
0.573366
0.578086
-0.0668333
-0.943818
0.70975
1.56551
-1.66212
-0.246038
10.1847
0.13776
-0.22803
4.98598
-0.911
-0.345181
-7.92231
0.772155
1.05831
-6.37042
0.749472
0.668388
0.667626
0.757792
-0.0177468
-1.51686
-4.425
0.507598
0.0681099
4.40845
3.06972
-0.260311
0.7908
-1.10631
-1.74269
-0.508589
-0.744103
-0.0477145
-0.912973
5.47937
138.03
-1.04045
-0.989243
-0.556862
0.288216
1.11342
-8.8483
3.58034
1.34202
-4.24721
-0.696272
-2.11983
-0.778953
-0.928144
-3.66884
-0.082983
2.47789
-0.663488
-1.56535
-5.74447
-0.277406
7.48768
1.91313
0.49611
0.915175
4.03885
0.107576
-1.07366
-0.85939
-0.046166
0.16697
1.33899
-0.508585
-2.06106
-25.4772
0.443475
-0.200979
-32.59
-0.151339
18.3935
3.9046
1.58715
0.44868
-2.02229
-0.511397
-1.44457
0.450959
-157.518
-2.9415
-0.0730678
-2.36884
-5.59902
0.243783
-0.681196
0.137551
-1.01786
-0.548737
-0.123627
2.22653
-3.39788
-1.96988
-0.529918
0.792299
2.02752
0.825001
-3.06144
-2.94433
0.0206466
9.81309
-24.2291
2.09388
-2.19446
5.63997
-0.483088
2.11882
-0.44247
-2.35476
-28.5479
4.33958
2.21899
-0.265956
1.40731
0.215718
-2.07493
0.201328
4.85574
-3.44488
-0.617076
-2.61905
-0.919278
0.474577
3.16499
-1.22346
-0.766701
-1.25544
1.4097
-1.62497
0.564605
5.38293
-0.742274
-0.39792
3.70575
0.344368
0.362936
-0.816496
-1.38299
-0.312466
-0.0923696
0.883749
-4.73422
0.445044
0.434692
4.06843
-1.36198
-0.819173
-2.98666
2.5344
0.545452
-7.08847
0.882274
1.82053
7.89746
-1.66894
0.304673
0.317382
-0.332786
-0.484779
-0.557647
-0.0634318
1.66926
0.290679
10.3407
0.282162
0.496793
1.85353
0.502077
0.676395
-1.68055
7.06218
1.9602
1.19664
1.21559
0.0751591
-4.01061
0.356754
2.78383
0.0338947
-0.225156
-0.21053
2.42089
-0.307968
-2.82436
0.358281
-0.0874022
-1.84016
5.31521
1.16463
0.38008
1.55897
0.326681
1.81875
-1.58536
-1.05252
0.996753
-1.38821
-85.6364
-1.59428
-0.181573
2.20164
7.19828
1.40954
0.823617
-0.00265777
-0.321672
5.28932
-0.525686
-8.72239
-0.00388046
0.44331
0.727652
1.23816
-0.209872
-0.41569
3.31115
-0.251564
-2.42514
-642.444
-0.763905
4.35304
0.662233
0.410626
-0.418855
27.6239
-7.11248
0.433746
1.12364
-13.7467
0.209767
0.556629
-1.17865
0.807768
0.408937
-4.39421
0.481818
-0.744156
-0.131296
6.03466
3.80395
-0.0520598
-0.376797
11.4248
1.0588
-1.12962
2.21491
2.18442
0.752675
0.602376
0.717854
3.44182
-1.01902
40.3089
-0.194795
2.77702
-1.74753
0.809557
-0.298061
-3.55598
2.42899
804.78
-9.36281
-0.972793
8.09589
-0.684182
0.302982
-0.827088
0.286287
5.49795
-0.127623
0.468439
4.40217
-1.29549
9.32231
-0.741692
102.242
-1.8097
-3.34434
-5.86884
-99.119
0.472002
-0.472103
-0.576918
0.337202
0.631436
-0.569559
-1.53797
0.271268
-0.56291
5.94395
0.105104
-0.723998
11.7345
0.227041
0.150835
0.559384
0.139407
0.39892
0.230304
0.584374
0.362456
0.576569
-0.169694
-2.52557
2.82792
0.0823116
1.09522
1.25933
-0.464158
-2.88251
-0.709004
-0.61356
0.134942
-0.589879
-0.841931
-49.2013
-0.0951515
1.82745
2.06745
15.4508
0.385286
-4.21367
0.582215
0.426969
-0.534208
-0.00312573
0.618258
1.02628
-0.412288
0.0907636
0.204406
-0.231859
0.494586
0.120032
0.00765241
4.7225
0.233701
2.16508
1.26815
0.472853
-0.681582
-3.36317
-0.415715
-1.05126
0.628989
-3.12546
2.89181
11.9801
0.729681
8.20919
0.0823728
4.00473
3.48752
16.008
-3.14305
0.483888
-7.9077
-0.747229
-6.91094
0.288176
-1.65845
0.860576
-1.42442
-3.2283
-3.11249
0.0698256
-1.27787
3.25466
0.382606
0.497299
-3.05455
-2.00808
-0.174659
1.39351
-1.22589
-16.733
-0.266798
2.41924
-1.41291
1.08381
0.0451455
0.513337
-0.056539
-1.21639
-1.7582
-0.661556
3.76169
-0.666599
2.75783
-6.32467
0.434753
11.646
-10.118
0.898288
-1.25234
0.0896797
-3.36597
0.796076
0.106326
1.48135
-9.95903
0.125406
-1.25704
-3.50504
1.22735
-167.251
22.3969
-0.0333008
-0.398195
0.548627
-2.0019
0.660623
-2.5101
-0.565728
-4.61488
0.101607
1.02902
-7.61822
-3.25542
11.4788
0.337959
0.696398
-3.85281
0.241818
-1.60801
-0.748713
-0.811205
-0.0760387
-0.265433
-5.08074
1.16557
0.0603834
0.929062
-0.674279
-1.08909
0.0898186
-0.280934
-2.46348
-4.40302
-0.020349
13.9933
0.324662
-6.63489
0.192514
5.33254
0.120532
-10.1683
1.87375
0.766337
-0.550591
4842.04
0.380233
-0.0824711
-0.528233
-9.71955
0.173608
0.298586
-55.4832
-0.364481
-8.20046
-1.98187
22.1931
4.16145
-0.642388
0.026771
-0.220497
0.280051
-186.83
-16.5843
-0.834517
-1.11253
-1.00734
0.0324273
0.428624
0.926213
1.39707
-0.261917
1.52703
0.384969
12.5473
-1.34419
0.655065
0.0488982
0.187966
4.29156
3.45803
0.981347
1.35445
-2.00955
-0.602456
-4.2794
-1.79746
21.019
0.681384
0.0112849
-1.67274
-1.13186
0.455013
3.99053
-0.215661
13.5896
0.483149
-1.04851
-17.7442
0.411874
-67.5404
1.6083
-3.55427
-0.036576
1.22798
-2.49173
-0.295763
4.65506
0.796122
-1.09177
-1.29276
-0.233563
-0.586819
3.85447
-0.0519629
11.2562
0.870187
0.179433
-0.894727
-0.737047
0.743518
-12.969
-0.339128
0.702089
0.0777483
-5.97102
0.192557
-0.468098
-1.6333
-0.708112
-0.0229864
0.228033
-0.259927
1.92184
-0.198898
43.2607
0.351407
-1.29519
-0.938824
-0.853306
0.235206
0.0732614
-0.193265
0.265875
1.00298
0.884099
-1.37873
0.18494
-3.22149
1.89322
-7.49673
1.24193
-0.451289
-4.49793
1.26643
-8.27168
2.90697
-1.79465
0.955676
0.739401
0.298731
0.238651
-1.283
1.47411
-1.15328
-1.17357
-0.211642
-0.12601
-1.1861
6.76427
-0.376139
1.74068
2.08552
0.657148
-3.35037
-0.411789
-1.45083
-0.0248258
-0.901676
-2.09152
0.02719
-1.4286
-0.242122
1.2234
-32747.8
0.433334
1.41021
1.80292
-3.87092
0.483589
-1.37633
1.0026
-2.12234
1.49645
1.7635
-0.328343
0.515171
3.14586
0.748509
-0.75848
-0.655619
0.862976
0.155107
-0.143993
1.01036
3.46999
-0.082679
-1.32913
7.20538
-0.463396
-2.76227
-0.00665467
-5.82486
1.96536
-6.31784
0.716687
-0.338099
-5.63999
2.38421
-1.36272
9.91288
-7.63779
-1.86507
0.902776
0.372677
-5.99072
2.24839
20.288
-0.882466
1.74107
3.19304
1.1135
-1.02555
-40.0478
-29.2792
1.75061
1.16562
0.321278
-1.81582
1.5917
-0.487275
0.401306
1.77734
-1.50979
-0.720891
-5.24942
1.85287
-1.46754
-0.716873
0.342198
0.539753
-0.527985
1.29268
7.64034
1.07312
5.21091
-0.109929
0.000180014
-0.129058
-0.233623
-1.3751
1.07551
8.91796
0.24534
-108.713
-3.98989
-0.728534
0.456283
-0.257286
0.397759
-0.681035
-0.951064
-5.66063
0.0250267
0.251106
0.80805
-1.8143
-0.278587
0.211614
1.57656
0.559052
-1.73084
1.29089
-0.298537
0.24447
1.35111
1.64917
0.218059
0.757324
-0.59993
0.492007
0.10845
0.541077
-0.744835
-0.143636
0.452701
-4.96308
0.0383948
-18.832
6.39678
1.83815
1.57301
1.1433
-0.679741
1.63902
0.432225
-1.30612
-5.01658
-0.405292
0.939173
0.123602
1.45827
-0.960986
0.509007
-5.24595
-5.48929
2.59715
0.316024
-5.23542
0.219759
1.54299
0.300846
-0.643668
0.914694
0.329327
0.413728
-2.15303
-1.13309
2.99678
-0.749045
2.83469
-1.08244
0.0382222
-0.561459
14.2681
0.497087
1.88616
-0.534893
2.28838
-2.174
0.47084
0.42331
0.0101436
0.0575328
0.812966
22.8916
-0.409954
-0.389618
7.35678
-0.0303283
0.0659706
-0.224563
-0.0447862
0.0151606
-1.38246
-4.20655
-0.566272
0.163022
4.00049
-1.26969
-5.89013
2.84684
0.563563
2.97682
0.285167
-2.37893
-0.112003
-0.503096
-2.1605
-12.5638
-0.843945
-3.90629
0.578139
0.943411
0.471071
1.14011
-0.384788
-0.303365
0.390446
-0.245815
4.10729
0.767169
-1.27774
-2.47385
0.479387
-0.639852
-7.0271
-37.1804
1.35922
-3.39241
-0.0304784
-2.75206
-0.513095
25.7718
0.614807
-0.688238
0.111193
1.93489
0.286764
-0.189471
-0.726372
-0.165505
-0.398395
17.3146
-2.29817
-2.3489
1.25031
-19.0215
4.70115
7.31235
-0.883214
157.598
2.54524
-0.00248512
-0.892323
-0.255331
-1.40616
2.49859
3.10034
-0.466773
20.9889
-0.0624493
59.8454
-0.0579439
0.62082
1.50881
2.31572
0.787025
0.804352
0.491262
-1.01593
-1.00033
-1.51692
-16.158
-5.75855
-4.88942
0.877382
-0.163266
-0.210098
1.19482
-1.11536
0.24713
0.0375165
1.02874
-2.10156
1.06382
0.0603447
-0.165773
3.21137
1.54694
-1.45282
0.680079
7.17262
0.302938
0.6501
1.92191
32.3234
0.032918
-0.239395
-1.41279
0.164122
-0.582864
1.98304
0.107717
0.107891
1.56482
0.20491
2.82349
5.99381
-0.664442
8.71491
-0.100466
-1.38033
2.25546
-0.723589
11.33
-1.23665
0.0285352
-2.15759
-0.586281
-1.25067
-2.51905
-0.134856
-0.339755
-0.535623
-1.88146
-0.8875
0.482982
0.340047
-0.247861
0.595917
0.274582
-4.26148
-2.82297
0.0640948
1.48597
0.0219424
-0.907272
-2.39858
-0.361124
1.20806
-0.766488
0.360387
-0.250457
0.713849
-1.10229
-24.0501
-7.79769
-0.507527
-0.787882
1.16194
0.129465
-9.76632
1.89263
-1.69318
-0.0913926
-0.535081
-0.496095
-2.23077
-2.04801
0.114944
1.69914
-0.667726
2.90236
0.474711
-1.15983
-2.3737
8.7338
-1.58483
0.0333638
0.211377
-2.8608
4.07564
0.23874
0.886642
-11.5495
-0.0165711
-2.9275
0.760865
0.619734
-4.47566
-0.544333
1.35983
1.65617
0.884508
-0.494085
-0.569612
-2.93828
-0.564519
37.4366
-17.1036
0.0546274
0.104322
-0.0904536
-0.539662
0.947649
0.501219
5.31294
-5.92724
0.870305
0.0672841
-11.9246
-0.893133
4.25808
-0.890522
-0.0596614
4.06416
-0.404974
-0.173753
-0.993546
1.73095
0.278914
-0.962238
-0.769367
3.63481
1.07921
0.853498
0.870858
-1.94827
-0.919347
5.04967
-0.724141
2.18514
0.26381
0.428768
-2.44403
0.246485
0.618258
0.676588
-2.63088
1.04981
2.10023
-0.109279
17.9557
2.00208
-2.0511
-0.336788
0.736018
-0.991779
-6.86358
0.231599
9.51255
1.38714
0.759091
3.10993
-4.83406
-6.71198
-3.31969
0.527998
-0.77024
-4.75198
-1.91857
0.542193
-1.10224
-6.70766
1.7273
3.21082
0.723109
-0.678949
-12.3167
18.6856
18.5491
-1.8266
-2.27818
-7.72785
1.54106
4.61512
1.86526
5.39215
1.5502
-0.938405
1.15721
-0.970115
-0.760251
-0.0919958
0.195843
0.761022
67.4371
-7.93883
2.01881
8.5784
0.452691
-0.269168
-2.47499
-2.80656
-4.10668
-0.792482
0.446705
1.12182
0.352182
1.48387
0.00100646
0.260472
4.28078
0.589056
1.70637
-0.0668908
-1.84688
1.53773
0.0839188
0.544726
-2.69987
0.653899
-1.06481
-0.359581
-0.559014
1.43866
2.66033
1.98468
-1.2467
-2.1421
-0.41431
0.0535104
2.00034
7.87275
0.232647
0.243488
0.122169
-2.49389
-1.15333
-0.307904
-0.218674
1.26685
-1.10746
-1.23612
1.06229
-0.687849
-0.11842
0.55907
1.42197
0.725959
-6.65345
-0.626784
0.512736
-0.422407
1.22988
-1.22662
0.540901
-0.209718
-3.03089
-1.4441
-26.6301
-0.895908
0.995906
-1.11728
0.934804
-7.13037
1.22853
-2.39971
-1.00271
-0.68289
-0.0748085
-1.05416
0.262422
2.47666
-0.156359
-7.15258
-93.8852
-5.41962
0.308015
-1.11514
-0.581513
-0.511259
-1.15567
0.828777
-1.27599
-1.52711
-0.305814
0.576078
-0.209244
2.38749
2.21098
3.1162
-4.49683
0.381398
1.14962
1.03355
-2.12111
1.97781
0.855888
0.41307
0.509945
0.132728
-2.59174
-1.30731
0.392936
-2.83969
-0.797222
0.195276
0.415397
1.86771
-0.678335
-2.12683
9.45054
-8.60444
-2.65339
-5.08073
-0.619741
-8.61501
4.46392
0.224354
0.284823
-1.80254
3.90797
5.97465
-2.01753
-4.2374
-0.459479
-2.7946
-0.111031
-0.80729
0.734068
0.248123
1.84544
-0.10439
-0.350617
-3.98897
2.26488
5.19905
1.26545
0.603053
-9.38245
0.0033756
30.7527
0.529279
0.898504
-3.98196
-0.481514
-0.472579
0.155943
1.85971
1.06352
-6.75578
2.59085
1.5049
0.756006
-0.783064
-0.281567
2.25367
-2.94698
1.68738
-1.11675
0.706067
0.762223
1.03036
-0.382147
-2.88299
0.416255
1.56612
0.109752
7.63068
-0.188454
-0.846115
-0.974819
-0.662842
1.5765
2.40424
0.672888
1.77161
0.287737
-24.3707
10.6623
1.27549
-1.07372
-0.713768
-0.240537
-121.495
1.11545
-5.6154
14.4156
1.5039
0.988442
0.772248
0.814272
2.70217
0.511089
0.168453
2.45652
-1.29935
4.76726
-6.46416
-0.656733
-0.961229
0.400801
0.320994
0.519064
-0.245486
1.44277
0.521453
-0.186042
-0.0827316
0.48249
2.36127
-2.06273
4.87609
-0.622308
0.447883
7.56411
0.522745
0.446572
-0.642088
0.480773
-0.247854
-0.551005
-0.171797
-0.623744
0.921655
0.392124
-3.05745
-5.6159
-0.291652
-10.2854
-0.636334
-0.196721
-1.63925
-3.34253
-0.394698
-0.107916
0.356256
-0.935608
0.577051
0.65598
-0.833967
0.0437414
-0.381761
3.10295
0.730568
-2.00896
-0.293618
2.21408
0.0843201
-0.290006
1.00966
-0.597376
-0.0558274
-0.75397
0.285544
0.09376
-0.795464
-62.6521
-0.988556
-11.3516
5.18472
1.91772
3.14236
0.224666
3.26888
-2.16248
0.386128
2.79354
0.0193718
0.165284
-1.24841
1.48335
0.600015
2.82111
-1.3589
3.97347
0.33224
14.2759
-2.18151
0.885435
-3.6096
-1.8765
1.66596
1.66473
-0.766589
-0.459108
-1.88693
-0.937981
-2.10652
-0.71894
-0.901397
-0.236341
-0.0474656
-0.721923
-1.06703
1.13742
0.110682
-0.367119
2.58755
4.76265
-0.850777
-17.108
-0.307673
0.766035
0.482247
0.556299
0.551963
-0.356758
-1.27892
-1.66059
0.790736
-1.32198
-1.50399
3.01088
-4.20707
0.551555
0.846896
0.889792
0.85898
-0.193284
0.423046
-0.354459
3.59229
-2.38395
138.92
2.49685
-0.872028
-1.50827
3.0558
1.71232
-2.55365
-11.2339
16.5929
3.56651
0.614715
0.179476
0.0331964
-1.07798
-2.41136
0.973238
0.022191
-1.59668
42.1201
8.99235
-3.30763
-1.29134
-1.95511
0.253046
1.30077
-1.28597
-2.37169
0.410767
0.578692
-0.367854
-11.9824
31.3736
-0.281379
-6.794
-0.577468
-0.489975
-2.70234
2.46431
-0.901862
-1.33632
-4.71395
-2.87536
1.45038
-0.00122607
0.0424867
-3.40289
0.366778
-1.68976
1.2947
0.75799
2.53245
0.03402
1.55449
0.307755
0.561752
3.88863
0.920505
0.355132
-0.318774
0.229289
-0.524484
-6.94774
28.2292
-0.232559
-2.41373
4.7408
3.58848
-0.373269
1.23587
6.80061
-3.12836
-2.89621
18.8003
2.18751
-0.373116
2.94239
15.5896
-1.89972
-0.47914
0.76803
-0.869401
-0.331283
9.57662
10.2764
2.36904
1.30021
0.713753
-0.553778
-3.6318
-0.866912
1.44597
0.0636193
-0.578555
0.0325865
1.5778
0.426215
2.42808
3.80077
1.08117
0.308496
2.49706
1.94811
-2.43987
1.03872
0.68193
0.730508
1.66066
-1.22074
-0.768041
-0.211545
243.755
1.23406
1.26728
0.390732
2.30157
-1.40636
-0.0297474
-0.465458
0.185529
2.16922
-0.244415
32.3016
-3.80563
0.849624
-0.464539
2.19814
-2.32652
-2.59161
-0.564801
11.3865
0.613252
0.132435
-0.13618
-0.596837
1.00901
807.882
3.7589
-2.10078
-0.373655
-15.6559
-0.315503
1.57822
-0.55567
-1.33874
0.493051
-0.627282
3.23314
-2.57917
-3.3657
1.29906
-2.01071
16.8261
-3.56333
-2.33226
-0.597146
-7.53921
-5.82128
-0.649386
-0.300915
0.846726
1.16686
2.30833
-0.771828
-0.971349
2.63141
-1.50421
-0.0635448
0.227856
-1.25514
-1.38126
0.113962
-36.8601
-0.281475
-4.46728
-0.695252
-0.36254
-1.0087
-1.27558
0.20281
-21.6571
3.60804
-0.600639
-1.10078
-0.691394
0.0738894
2.73363
10.249
0.850115
4.57492
0.616245
-0.360604
-0.561964
-1.75363
0.431772
-2.05922
0.399754
1.37607
3.58528
1.27471
-0.584674
1.29495
-2.58177
0.75333
-0.0379749
-0.999497
0.743432
-0.325028
-1.6554
0.32062
0.75627
-0.601056
0.0128289
0.579461
0.439559
-0.857507
5.89331
0.0988125
1.40933
-0.3628
0.606918
1.67782
-6.50718
-0.483841
0.321592
0.124579
0.186488
-4.0246
-0.412177
-1.11315
-109.335
-0.0384315
-0.663386
0.403149
1.35412
-5.19169
0.671599
1.39551
-2.97631
8.82628
0.236999
0.0785157
0.573199
1.16448
0.985904
-1.41458
5.49677
0.374309
-0.634168
4.05827
-0.308695
0.518035
-3.20043
-1.96671
0.962942
-0.893485
0.0260357
0.0331808
0.0795291
2.50993
2.95496
-0.29196
3.9486
-2.71451
-1.76944
6.14762
9.43053
1.68099
0.816894
-7.78004
0.361863
-1.85
-0.263838
1.10934
-2.5213
-0.107801
-0.0106282
1.03218
0.569472
-3.44959
-0.18447
7.43421
-8.58072
-0.819439
-8.63528
-0.301965
-1.38205
0.116793
-0.0804293
-0.900872
2.23298
-1.63905
2.84655
-0.261879
-0.492506
-0.588628
-0.251038
-0.472515
0.401732
4.36031
-0.124502
-1.43619
-6.89988
-0.524685
-0.125891
-2.60223
-0.115892
0.434505
0.284861
-1.9016
-0.895005
0.447501
-0.497469
-0.249075
-9.64037
3.63089
-2.932
0.0408585
5.67097
-1.96564
0.90196
-0.469967
-0.889565
-9.64838
-1.31241
-3.31666
1.30272
2.30274
5.6731
1.00668
0.242251
0.499277
0.923421
-0.383604
-27.7052
2.18597
-0.747705
17.1624
-2.40743
1.56337
0.590153
2.70524
0.000775799
0.0937606
-21.4269
0.88067
1.89397
0.773155
-4.19188
-0.224827
-2.40276
8.43112
10.8287
0.576235
-0.351797
0.213935
-6.89643
-1.52052
0.0796288
-0.295011
-0.285867
-0.997781
0.23538
2.51093
-1.74815
-0.683312
-0.219004
0.698398
2.07388
1.00088
2.42041
-7.63622
58.6706
2.22754
49.4314
6.53706
1.92015
-3.14381
0.146034
-5.68911
0.714477
-1.44133
-13.253
-0.926044
-0.673224
-1.6699
1.00716
-1.28314
0.520435
-0.452747
0.37632
63.5767
-25.425
-0.283113
-7.6597
6.20514
1.45592
0.152922
0.793969
-2.47179
0.0859056
-0.4657
-2.26046
-0.0908579
-0.0999084
-3.20013
-2.71949
-1.32796
0.926905
-3.19325
0.821918
2.00096
-2.12772
-25.0167
-0.967576
2.41138
7.72632
-1.03833
8.61921
-1.54848
-0.0943986
6.20302
0.858273
-0.294111
-0.26293
-0.626818
0.000684155
0.460753
-1.49599
-0.91525
0.0406548
2.92534
-0.0898786
-1.50807
0.477799
0.401215
4.65777
0.813052
-1.03517
1.06688
0.114445
5.02969
12.1884
0.745742
0.88112
0.259428
-0.60437
1.26643
-0.509112
0.481379
-4.84824
-1.2723
-0.946826
0.172138
0.4241
2.064
-14.8421
0.00844239
0.207709
2.26325
-8.8837
0.831743
-0.0794646
-0.326576
-14.7451
1.08873
2.21042
1.12616
-2.236
1.76015
5.2842
-0.795824
0.143534
12.4343
1.01071
-0.982514
-0.506598
0.862799
-1.0172
-0.587953
-0.435481
-1.29712
1.59937
-0.539887
-0.291049
0.807414
0.418873
5.48878
4.37653
-0.0333307
-1.08443
-0.0824656
-0.823724
1.57903
1.31278
-0.199831
-0.354729
0.381715
-0.0296715
0.374443
-1.29023
-22.9531
-0.117158
0.627005
0.507559
0.119057
0.57685
-0.767198
1.80103
-0.191864
0.333551
-0.611114
-5.56449
5.65591
-0.785139
-34.3836
-1.29406
-10.215
-8.37336
0.511492
0.206948
-0.778261
0.412736
0.0354103
4.40074
1.31427
0.474885
0.0912652
6.46469
-0.226176
3.05307
1.19676
-1.27532
-6.30974
-0.944168
-2.45514
0.773372
-0.112598
3.43903
3.90201
0.70236
-0.262446
0.754638
1.56645
1.17303
0.857103
0.309572
0.803066
-1.39972
-1.03467
0.0785095
-1.91761
-0.262172
0.229973
-6.22114
-0.347177
0.769264
-0.167113
3.73675
-0.19071
-0.121669
0.0611094
0.561868
-17.1693
-3.48449
-0.133658
-0.812862
-0.0952212
-0.189664
2.70409
0.530177
-3.67233
1.0892
1.70489
-0.018577
0.20331
0.478242
-0.544985
-0.357105
-1.87708
1.45804
0.262048
-0.177785
-0.982049
-1.54107
-3.78358
-0.180217
5.48233
-0.00665988
1.59949
2.35936
0.631938
5.2348
4.69425
5.45988
2.64173
-1.02242
-0.691502
-0.291539
3.79985
-116.33
-26.4301
0.889396
-3.34824
3.59702
0.816532
0.154166
9.26391
-0.0308323
1.6079
1.10745
0.856277
-1.14892
0.029387
-0.557085
0.101259
5.68086
0.664874
-0.130902
-1.10491
2.08094
0.425308
0.297016
0.566129
1.08807
-0.281755
1.30124
-6.58816
-1.13694
-2.3489
21.7717
-2.45638
-1.14979
0.388282
-2.77732
-0.04572
0.398444
0.115788
1.57997
0.364649
1.54579
3.08542
1.56674
-28.2475
0.530848
-3.23557
-4.38592
-0.0522906
-0.0483327
-2.161
-1.30753
-0.134388
0.77843
-1.19764
6.95576
-0.650929
-7.00893
-10.1333
0.197233
0.0517186
-0.721808
-2.2177
-0.187038
-2.69612
-0.692873
0.199428
-0.34644
-0.649249
0.762852
0.532488
-0.309588
-1.68997
-1.16785
-15.5494
0.481615
-0.855957
-0.126946
-19.4586
-0.0362898
1.26226
0.810806
19.4779
-0.538255
-0.928054
0.535461
-1.23512
-0.375067
0.794668
1.08594
0.135472
0.109972
1.82516
0.350976
-0.686841
0.89966
0.265336
-0.252851
0.701292
-7.28892
-1.23983
0.404777
-1.48751
-0.693136
5.954
-0.978842
-0.167505
0.53089
-0.326027
-0.0130537
0.147782
-1.25823
-1.17701
0.24296
0.415766
0.299219
-2.01583
0.753285
0.0111523
8.49718
-1.37184
0.248042
0.535803
2.67859
-0.492384
-1.71185
-0.349132
-0.410921
-0.75953
-1.95839
0.00839029
-3.97169
-1.068
-0.929017
8.82576
0.304635
-1.72257
-1.25627
-0.256273
-2.16841
1.33151
-0.0802229
-1.72828
-0.326865
-2.74603
-1.36464
0.064862
0.17077
0.864618
-0.565117
-0.513235
-0.5515
3.80903
-1.22082
-0.224248
-5.97672
17.8716
-0.543417
4.4393
0.439536
1.84116
4.12731
3.52586
0.292281
0.507067
-2.81607
-2.77868
1.78656
-0.0441008
12.504
-0.200843
8.35478
1.61491
-0.362153
0.525693
7.89898
1.77632
-0.866066
-5.86036
-2.07358
11.2697
-12.9476
-17.1187
-0.133146
0.419805
-0.251499
-0.325146
-1.76401
-0.158459
0.397255
-1.53743
3.1472
-0.730018
1.80973
-0.435679
85.9516
2.52428
-0.9952
1.0957
-1.90207
0.969813
0.509684
1.99953
0.374896
-0.422957
-0.0385168
-5.05788
1.25129
-0.362199
0.49521
-0.420791
-14.872
-1.37026
3.96688
-0.211661
-25.5372
-0.337687
-0.0300806
1.75536
0.974099
0.907513
0.540858
-1.04482
1.3245
0.60702
1.09642
116.006
-0.626649
9.28201
-0.243708
0.453199
-0.787604
1.82426
-0.398044
-0.394097
1.22303
0.769151
-0.0786733
-0.598956
-1.06508
-0.430583
-0.442157
1.095
10.439
-1.42576
0.560422
-2.51672
0.350629
-2.12206
-0.559489
1.92346
0.51707
0.0993484
-1.32223
-0.799738
1.31355
-0.832347
-0.56043
-0.366044
18.5646
-0.060676
-4.06624
2.19067
-0.350503
-0.513602
1.83557
-1.26789
-2.96101
0.0941726
0.232538
5.27155
-1.23463
-2.51136
0.703974
-1.98326
0.51541
7.16977
1.23216
1.12504
1.10809
-2.28634
-3.10527
0.638755
0.141063
0.289973
-2.45535
-3.5347
-0.362302
0.117711
-1.07744
-4.25582
964.978
-0.256351
1.73309
3.37479
-0.580863
0.505761
0.905902
0.473021
0.0947988
-5.04287
1.45481
0.0426666
2.27673
-0.312403
-0.710287
-0.454007
1.75104
0.228956
0.0355758
1.35397
-0.0107718
0.0764718
0.0893514
-2.46583
2.13266
1.89537
0.478776
0.584101
0.84905
0.58654
2.04831
1.64374
-1.78078
-1.97107
-8.98749
-0.412321
1.92923
3.2751
-0.803828
0.185959
-1.44043
-5.45284
-0.568345
-1.69268
3.34763
-30.8318
0.159034
-0.146996
-5.60329
-0.0814914
2.2261
0.644396
0.906636
-1.83691
-1.58367
-1.34144
0.195779
2.25875
4.17193
7.76332
0.52551
-2.08731
-1.49477
0.0349428
-0.566367
1.83382
0.0462229
1.21441
-0.20518
-0.385293
3.01584
-0.658056
0.359132
1.55516
0.100533
-1.47114
-0.537874
1.60782
0.078303
-2.94117
0.134986
0.486278
-5.09231
4.42638
-0.435356
95.4674
0.524029
0.549675
-0.93087
-0.544179
-10.9011
-1.88789
0.584624
14.8038
0.12557
-1.86651
0.587417
-0.719875
-0.294312
34.5409
-1.64455
0.2147
3.86386
0.232196
-0.86165
-0.63285
-3.29574
0.98432
1.50348
-2.03841
-0.181955
-0.0070152
0.924406
0.37292
1.12935
-0.184547
23.4021
0.662302
4.12978
0.215016
-0.434411
1.4847
0.575168
0.062215
0.670636
-2.24312
1.21563
1.01853
2.2085
-0.407577
-35.753
0.389099
1.13566
-0.609605
-0.8605
-1.39854
-1.81207
0.417521
0.707891
-1.19175
-2.88988
7.6694
-4.79869
-0.771887
-7.80622
0.495582
0.257006
-4.15593
2.57205
-0.274585
-1.01583
0.138868
-1.62698
0.460652
2.95513
-0.0786688
-1.60289
-3.71555
-0.384337
-0.0386761
1.63014
-0.00657874
1.94277
-44.1072
1.09556
-2.13842
-6.35621
-0.736157
0.276215
-0.453458
0.29775
1.0074
-1.38236
0.800254
0.780787
0.352296
0.299394
0.146242
2.98067
-1.03122
0.403651
-0.0539089
4.44601
-0.364528
-0.446005
-0.943756
-1.89628
-3.62949
2.31167
0.0676276
-2.72168
-1.20541
0.335988
7.56589
-0.883599
0.731929
7.83655
0.360784
0.43518
0.500505
0.295713
-13.7506
-0.984231
1.56225
-0.354813
0.275709
0.882243
0.0804799
-0.308362
0.701464
-0.857245
-1.45658
1.84627
1.00904
-0.181791
0.617501
-0.863954
0.368321
-2.83061
9.91755
0.942444
0.281889
3.22896
-0.0273059
-0.218345
1.10048
-0.561964
4.84196
0.989643
0.409493
1.3666
-0.832935
-2.05183
0.841323
0.994014
0.0641055
0.557699
-1.84305
-0.311965
0.124061
0.268015
-2.98918
0.547768
0.422681
0.899364
-6.68158
0.273863
9.60357
1.98839
1.45457
-0.202866
0.5344
-1.15262
-0.487913
0.534524
-0.585539
0.771105
-0.331515
0.160912
-0.486362
17.0307
-0.510278
6.5274
-0.104298
-5.14708
0.289332
3.59594
0.0520658
3.89859
-0.0738246
-0.158755
0.710976
0.736649
-1.39124
0.066801
-0.390979
-0.789746
0.795846
1.17174
0.107061
-0.716608
1.8448
-1.79524
-1.78927
-0.0713246
-0.00289246
-1.25022
0.713883
-1.6614
1.11504
-2.5077
1.12868
-2.68201
2.76946
-3.30955
13.8021
-0.260002
3.89363
-0.229658
3.41176
0.938289
5.08042
-5.15867
-0.302852
-0.354668
-4.53392
3.60048
-1.41865
-2.51929
-1.19907
2.03851
2.11003
-0.429337
-2.58178
12.5762
0.659515
-0.697819
-0.604665
0.0602869
0.160323
-4.84448
0.242898
0.871851
0.719399
-2.08413
-10.2413
0.0827423
0.517011
0.792484
-0.596622
0.166576
-1.56259
-0.60804
9.84518
0.36941
1.37963
0.646616
-1.69342
6.19261
1.38642
0.0848531
-0.66614
-3.72661
1.7874
-3.09353
-2.49727
-1.11605
1.66771
0.417349
-1.33324
0.0188213
-1.09188
-1.60484
-0.186838
167.729
-5.33848
1.98266
1.20964
0.244978
-9.98511
-3.86444
-1.56005
0.632169
-8.01218
-4.48443
-3.87929
-0.804191
2.05297
-0.507976
-0.0530112
3.43487
-1.62004
2.31447
-0.691398
0.441176
-2558.3
0.996729
-0.0908509
-0.765668
2.37112
0.703715
-0.444151
-2.78641
0.224551
-6.59999
-0.457125
1.32479
-5.62533
0.179162
0.851676
-2.807
-0.438987
-0.259374
-0.465104
7.64152
-0.547385
-0.122968
-3.36232
0.30754
-0.56399
0.640109
0.0443005
-2.80253
-1.12208
3.13856
1.42998
0.134289
0.293273
-0.0645128
-2.42085
0.0260585
0.191082
-0.565621
-0.601446
3.15133
1.02367
0.161325
-28.325
3.41413
-5.73164
-1.0766
1.78306
0.777862
-0.730628
3.54011
-0.77619
-2.09918
0.417264
-0.220727
-0.0466426
-0.829121
0.296373
0.852711
2.05271
1.41907
2.28448
2.57553
-0.130715
0.423971
0.740169
0.728411
0.486205
0.540002
-0.895095
-0.387631
-0.386908
0.0292748
-0.252191
-0.207891
0.0798533
-5.08097
-1.12963
0.764204
1.48112
-3.54616
-1.05579
72.203
-2.64488
1.38352
3.70524
-0.946063
-0.438187
0.407333
-2.4539
-3.8454
2.27276
-2.96715
0.992216
0.859119
0.626621
-0.100706
0.0238034
-7.37594
-1.25778
2.131
-0.777992
-0.519189
-0.396136
2.04493
-0.845277
-5.41156
-3.05156
0.573795
0.158675
2.78592
-0.430996
-0.785505
2.05049
-0.041453
0.320836
-1.57631
-6.47514
3.37853
-0.512993
1.47505
-3.89822
4.38266
-0.524818
-5.39745
-0.681315
0.365393
-0.532087
0.421245
-0.707245
-0.165136
-0.895006
5.1869
-0.87006
-0.503125
-0.848286
-5.7098
0.0757559
-1.8317
-1.06592
0.513372
-1.37492
-2.41906
-3.3249
-2.18391
0.378695
0.200893
1.97691
0.957564
-0.208665
-2.76959
1.18825
-0.6522
-0.426528
-4.00375
-0.980301
-0.420566
-0.743681
0.252984
-0.476587
-2.36142
-0.0916104
-0.144867
0.3092
0.752311
5.62586
-0.423571
-0.396549
0.257526
2.67674
-1.5795
8.79204
-2.32979
-1.16742
4.8721
-3.17187
3.92592
0.456654
-4.27713
0.983175
-0.00744077
-0.0349586
-0.911334
-1.44926
-0.227404
0.62555
-0.198669
-0.220156
14.5443
-16.095
-0.167347
1.78354
1.5596
0.72953
-3.36457
-0.14822
-0.637367
1.55119
-0.764315
2.17577
2.04545
-0.86078
-3.96175
0.408066
9.58337e-05
-0.526368
1.64006
0.278614
0.427968
-0.886656
-0.614134
0.0653251
-0.5738
-0.162658
2.82592
0.880513
0.32038
2.50127
3.18164
0.747697
-0.296729
-0.216334
-0.579642
1.32086
0.824623
-0.493905
-1.88705
-4.35418
-0.979265
0.428818
-1.85883
-1.14805
0.733018
3.44592
-0.239497
-21.0607
-2.18499
-6.54209
0.561146
1.04939
1.12532
-0.716334
3.31654
0.195903
0.461178
0.136144
1.72535
4.06023
-1.81309
0.212456
0.761297
-1.88689
-0.477905
4.88715
0.258013
-6.25271
-7.72117
2.95304
4.79413
1.04877
-1.58082
-4.97046
18.3998
8.72435
-1.18634
-1.41999
-0.070089
0.0670388
0.620438
1.67486
0.991302
0.634821
3.26079
2.77147
-0.563769
-0.391544
0.0150725
-1.68058
0.589567
-3.14765
-0.090121
-0.558964
2.26688
1.69817
-1.45089
1.74666
3.3868
0.0839632
-0.325582
0.00862148
-1.06096
0.730608
-0.594394
-12.2682
2.52134
-0.52311
-0.14541
0.261134
-0.895695
-0.476255
0.309485
5.90908
-1.1624
0.119679
2.33618
-0.196668
-0.302201
3.15397
33.029
1.51405
-0.836462
0.846116
-0.0684286
-2.35547
5.10407
-4.37764
1.88353
1.99909
-0.073844
0.604846
11.8507
-0.609262
-0.569321
-0.442247
1.90454
-0.201007
-0.840838
-0.0852216
0.846872
1.46751
0.064349
2.7302
-0.420955
-0.680866
-0.578627
0.575262
0.726525
-0.751579
-1.27604
-3.44482
1.44987
-5.26692
0.366493
-0.28923
-25.3583
-2.33957
2.7342
-0.957255
-0.531276
-10.7433
0.156823
0.480752
-0.325058
-0.316256
1.66297
5.49974
0.349535
-0.325161
-4.98235
0.0912556
9.78503
0.434095
-2.3458
0.463633
5.44074
9.71919
-6.09804
0.652275
31.2542
-0.898272
-0.237752
3.2019
1.8645
0.609746
-2.18358
-1.41034
-2.26462
5.95995
0.332635
0.467926
-0.513277
1.53829
21.5217
1.5624
0.583935
-1.74463
-0.128581
0.815286
0.350349
0.14724
1.46745
-0.357286
-0.401174
-2.94597
-0.562321
0.058745
0.348647
-4.84201
-1.19831
0.777942
0.636861
-3.67526
1.88008
-0.0491207
-21.8307
0.744237
0.295633
-0.666893
-0.364506
1.58561
0.638149
-1.70643
-14.647
0.658079
-0.430945
0.458789
8.18102
0.0707107
-3.826
-12.3002
9.32433
-0.56791
-0.0832717
9.49992
0.275418
-1.60628
0.202111
-12.1985
-0.685172
-0.420898
4.29883
0.932576
0.573248
0.341889
0.636948
-1.6614
-0.91234
-0.000583356
-0.681448
0.689918
12.8998
4.0729
-6.54488
2.09728
1.69112
127.916
-0.679765
-0.303538
-0.415872
0.392759
4.61813
4.90965
-0.664657
2.43598
1.29789
2.56495
-0.219615
0.954067
1.20153
0.166502
-0.0598244
2.14627
0.152551
0.975969
-0.180737
-8.73561
6.04634
-0.338158
-1.36433
2.51216
-0.385099
-2.60252
0.352637
0.666296
-11.0251
-13.944
1.66861
0.435762
0.326338
-0.135253
-0.2139
-0.867671
2.21236
-2.19539
-0.16978
1.3911
-0.280627
0.792255
-3.99628
-0.190347
-37.4271
0.829952
-1.86145
-0.388021
-0.477174
2.25422
0.262269
0.25341
-0.690735
2.49786
0.582089
0.611673
-2.27196
-0.414805
-2.74933
-2.19779
-0.552397
-0.661961
-0.883444
0.0689239
0.354389
-0.45215
-7.95881
0.114368
-0.457159
-0.334864
0.229887
0.912392
0.0495235
-0.0292227
-0.955332
27.8873
-1.78277
0.82902
0.551187
20.952
6.1541
3.25979
0.695577
-0.764852
-0.972002
-0.56394
-1.84646
0.892455
0.442574
3.94413
0.341417
-9.88242
1.74583
0.55183
21.4399
-1.08115
1.16651
-0.406527
-1.37208
-4.2002
-6.02557
-1.00324
0.577719
-6.35359
3.53651
0.191561
1.24365
-4.29792
0.0847068
-0.271744
2.51524
93.6729
-77.8547
-1.50257
-51.0164
0.870584
-40.8931
-3.63446
-0.533483
-0.791611
2.32336
2.19653
-0.856257
1.9211
-2.23402
0.68978
9.52241
0.274087
16.0068
-0.88069
1.13717
0.808339
0.184331
0.760065
2.62893
-1.10806
9.60956
-12.299
-18.2267
-2.19799
-0.109674
0.23734
2.01892
-1.56227
1.76804
3.09501
-3.16312
-2.42075
1.0772
-1.74584
1.29858
-0.246919
-0.510447
-0.233613
-0.163669
0.100079
-3.71024
0.180515
-1.18837
0.288514
0.617838
1.88111
7.16119
-0.72529
-0.978965
0.941424
-0.967323
-0.347446
16.5402
0.438117
-0.676669
-2.10162
-0.996401
-3.3024
-1.00954
-0.615077
-0.875181
1.2625
0.319516
-3.20851
3.5986
0.552175
-1.85842
0.649908
0.331427
-1.01665
1.08934
0.177499
-1.58228
-0.150456
-3.47989
-0.0295074
1.39901
-6.64153
-1.21557
0.851208
1.03635
-2.68246
68.9741
2.65053
1.06027
-11.5079
1.19875
0.127269
2.07695
-0.7374
1.71268
1.4349
-1.39175
-0.870925
0.584414
-2.60684
1.2468
0.235565
2.91624
-0.458748
-220.531
-0.521164
1.91012
-0.486278
-0.00162712
-1.1365
-0.418798
9.61897
-0.62866
-0.00365251
0.599088
-0.395522
29.5392
-3.94667
-0.42758
7.53994
3.08264
3.22215
-0.189237
-0.259613
6.00458
3.91158
-2.09347
-0.0193552
0.985465
-2.4787
2.0833
1.26472
0.668034
0.68689
-1.96559
-4.99632
0.595631
-0.161336
-1.75273
62.0008
-1.93746
-1.37395
-0.237403
0.402901
-0.182707
0.387601
-1.82698
0.255849
2.42977
-9.35669
0.535564
-0.633832
3784.26
0.72881
0.754493
-3.04792
-0.812527
-1.44763
-1.15745
-0.359008
0.386853
-0.892296
-3.91533
0.790733
-19.1589
0.797647
0.890968
2.54033
-1.13531
1.7021
-0.806398
-2.50716
-0.439862
0.233924
-0.569459
-0.642534
-0.298037
-0.614956
-0.597115
0.318035
-2.43341
5.82158
-2.21317
0.190767
0.368165
-2.86289
0.462469
-29.5346
-4.62292
-0.0224725
2.09588
0.0360101
-0.46667
3.94169
3.01098
-0.906561
5.04075
0.895781
0.539362
-1.86112
6.86409
-0.902239
-2.20223
-0.65658
-0.829792
0.641873
2.46541
-5.21021
-0.518383
6.87317
-0.964925
-0.821139
0.173408
-0.331699
-0.386228
4.32588
0.182833
-1.32387
2.57746
0.923427
-3.90397
2.24606
0.388693
0.860257
0.019199
3.51785
0.54057
0.893356
-11.7672
-0.231192
-3.15563
0.947462
-329.505
-0.8412
0.244436
-0.103795
0.091763
0.922108
-0.944562
0.680382
-1.18131
1.40095
0.275834
1.03162
2.23818
19.6383
0.312907
0.0501321
-1.13174
-0.464101
-0.551328
-7.42444
-0.764009
0.141607
-0.780462
-1.41152
0.83898
-1.1843
-0.112956
2.55799
-6.80258
2.79224
-1.15307
-6.45402
1.23638
-0.109559
-0.0725927
1.4477
-10.6255
-0.00149003
-4.16205
0.739319
-0.0647273
0.938111
-0.972305
-1.42197
-3.12241
7.52466
0.568152
32.6457
-3.09202
-2.13961
-0.212887
-0.226411
-0.26093
-2.56795
-3.70215
0.143032
-2.10241
-1.15367
-0.845632
-0.37492
-0.794818
0.208091
-0.213116
-0.421237
1.11393
-0.557838
55.4775
-5.90926
2.46902
1.71901
-1.01074
0.121021
0.270305
-0.712426
-0.351797
1.7142
-2.19371
-0.431726
2.10763
-5.94534
2.68542
-0.916462
-1.59114
4.03741
-1.34235
0.57817
-0.768852
3.04445
6.73758
-0.284268
1.74117
-2.16916
1.14124
0.0879086
-0.983388
-4.10875
-1.10969
-0.150251
-2.43457
0.0199769
-1.23729
0.0418696
2.42524
-1.36064
-1.5853
-0.815245
-16.1384
3.00182
-0.840592
1.21988
0.0822913
0.218441
-0.647244
-2.93981
8.57975
-1.79845
-0.861383
-0.153214
-0.837347
2.22717
-1.02248
-0.297103
-2.98339
-0.164987
-0.0900828
0.615178
2.97292
-1.50975
2.80399
-35.0575
-0.631835
0.558937
-8.90117
-2.77051
-0.866031
-0.0965936
2.25669
5.89082
0.341396
2.39834
82.5921
-5.62185
0.167817
-0.0786405
0.414266
0.718857
2.40391
3.50056
1.10132
1.30484
0.55565
0.116074
2.72057
-1.31045
0.919798
0.135419
-0.851974
-0.0222665
5.34587
-4.75655
-0.918722
1.02488
0.88124
1.38795
5.50363
-1.4653
0.177414
0.134356
0.183991
0.737772
-0.608956
-5.48586
0.858037
0.653523
-3.61721
3.70387
-8.66485
-19.5294
-3.91524
2.07892
-7.88953
-2.00742
16.205
-5.85279
3.55521
1.12687
-0.298562
-1.59089
-0.375137
0.154144
0.19609
0.0586422
5.64551
-0.023086
-0.686416
-0.104212
0.902278
-0.485729
11.6426
0.786445
-0.403226
0.442301
-0.853804
-6.32377
-0.00685434
-0.815695
1.89857
-1.29201
0.437036
-1.26554
0.633864
-0.788342
-1.49297
-1.087
-1.65999
-1.10678
2.45948
-0.484638
-0.0412931
1.44977
0.126157
-2.96051
0.0466857
4.65988
-1.3417
1.12072
-1.05816
6.89972
-0.210871
2.03134
-0.057632
0.22494
1.15782
0.109559
9.34054
0.0941214
-0.785163
0.457854
0.0287596
-3.36936
2.47056
-0.13799
0.347846
1.04291
-0.697916
-0.254702
0.186929
0.0731781
-0.458464
1.28646
-10.8344
1.2107
-0.0257367
-0.089471
-1.84463
-3.96745
2.25507
-1.78162
0.681959
-0.265492
0.142252
-1.99676
0.233386
-4.57205
0.467626
0.718225
-1.22559
0.892285
-0.813948
1.06372
0.167801
0.266166
1.09105
-0.15159
0.502604
0.184014
0.329099
0.447872
-5.07941
1.12214
-0.849819
5.07408
-2.03683
3.58657
-0.0315091
0.178894
0.587166
-0.495187
-0.625236
-1.37446
-0.722227
2.23451
-0.193601
2.06496
0.68763
55.6552
-13.4562
0.390453
-0.0868498
-6.72513
-0.764383
-1.11236
-1.66968
-1.89986
-0.442877
0.973145
-0.944161
0.446813
-4.72992
-2.10122
0.160428
0.361418
-2.1309
-0.702556
-0.336875
-0.0939111
6.13844
-3.25231
-0.363191
-0.734593
1.22284
-1.82805
0.656326
0.0799886
-3.50415
-3.62618
1.83165
-0.202044
41.0074
-2.54586
-0.263038
0.253732
-0.545451
2.68599
1.19605
0.698898
0.430292
1.00111
4.76347
0.925548
-0.808475
-0.62349
1.94889
3.35439
-0.6176
-6.88048
2.79627
0.944671
-0.304569
-0.277768
5.99443
-0.733702
-1.26171
-5.32379
1.51683
-27.3606
1.47858
0.0401655
0.661747
4.6919
1.08452
-0.544984
1.16757
2.37562
1.10989
0.357998
-0.437075
1.96389
1.15239
1.27669
-0.445344
-0.565811
-13.138
1.62687
-0.853195
0.511382
2.92261
0.73548
0.686059
-0.220886
1.05732
-0.800438
6.20402
-0.672346
-2.93923
3.45524
0.388366
-0.894824
-0.754362
1.02385
0.963578
-0.659079
0.294023
-186.079
2.2479
0.966644
0.79995
-10.4963
1.04062
-0.0311878
1.48582
0.658248
1.36113
-0.61063
0.173406
0.280454
-1.36825
0.603215
1.09036
-19.3252
-0.683939
32.8434
0.100456
0.450803
0.917769
0.653361
-1.49302
3.52217
83.4815
1.52246
0.849293
8.78029
0.637731
-0.00607612
0.346887
0.349989
-1.05949
-4.20465
-6.48096
-0.15899
-0.746805
0.721533
-0.258187
3.68702
-0.101108
9.46894
0.645699
-1.2378
6.84995
-0.480072
0.058526
32.9929
-6.05093
-0.551106
938.363
-4.80746
0.199444
1.51905
4.15751
1.32087
7.21377
-0.381733
-0.785066
-1.68102
-0.190984
0.116633
0.870504
0.236519
-0.867568
-0.360876
128.223
-1.02932
1.37536
0.26547
5.90072
0.324347
2.60844
0.888683
-1.38003
-94.9042
-0.194752
-0.276955
0.264357
-0.375524
0.269061
32.1364
0.0277325
1.10002
-1.88123
-7.79615
0.904263
-0.306302
-8.85934
0.450681
-0.103314
1.91194
-1.27848
-1.8875
-0.26273
0.309352
29.4646
0.565879
0.103531
-0.116843
8.96896
-8.83693
2.61017
2.01749
-0.808034
-4.00032
2.32552
0.201243
-0.659726
-1.46497
-2.1642
9.41986
0.319804
1.61107
0.487977
-0.0577646
-3.25005
-1.19185
0.309997
0.057409
23.3821
-0.0345235
-1.71006
-0.119137
-0.760147
0.70636
-1.40705
2.69247
-0.354668
-11.0753
0.603499
-3.09792
0.0614598
-0.148688
-1.53767
-0.0376403
4.94743
-0.341475
1.02013
-4.45608
-0.890906
0.561249
-1.46685
-0.291342
-3.28931
0.350542
4.20335
-0.261512
0.026916
3.02291
-0.234082
0.73508
33.4324
14.0126
-1.51844
-0.276917
-1.37307
2.25902
-0.21805
13.7859
0.730285
9.82693
-0.106568
0.155419
-0.530178
0.530435
-1.44907
4.31666
-3.4233
1.09598
1.5339
-0.619472
0.552671
-0.869325
-0.378023
0.901239
0.0405382
-0.233877
0.359042
0.566641
-1.07547
0.358813
-0.849658
-0.0279844
0.0415141
-0.760108
-11.723
-2.71143
0.742354
0.108927
1.45954
-1.66278
-0.356192
0.35382
1.63116
-0.225781
0.076129
0.525055
-1.03251
1.67791
1.23964
0.194818
0.0597346
1.27859
-0.157103
1.06646
0.31057
-13.9353
-2.66704
0.175116
2.5414
1.75911
1.43011
3.02901
-3.41024
-2.28887
-0.615532
-12.7778
-0.791836
3.30358
1.18668
-5.98301
-11.9789
-3.92814
1.7158
-0.707235
0.556265
-1.43093
-0.731254
1.15556
-8.72
0.0351504
2.56522
-3.68029
-2.3865
0.850323
1.90428
-0.294457
-0.257762
1.7435
1.22585
-2.93762
-1.42552
-0.211867
-3.51568
-0.0280108
-8.04743
-0.742825
-6.20722
3.31533
-0.726623
1.25625
-0.135946
0.813392
-0.718093
-1.76755
-0.172816
-2.16881
0.906345
1.51657
-1.52119
0.366923
-2.64303
-0.861779
2.22241
-6.21819
-0.324616
0.637576
0.0177227
-0.308284
0.978733
-4.03025
-2.88101
0.842774
-6.70751
-0.0919204
0.72664
1.72092
-3.05539
-3.42093
-0.88259
0.73409
2.92149
-1.74058
2.55107
-0.778363
-1.47069
-0.346307
-0.584038
0.213422
10.032
1.51329
-4.38267
-0.900013
-0.299867
-2.32629
-0.696507
-41.1612
-2.68952
0.454744
-0.419582
2.8972
-17.6117
-0.744163
-2.42879
-0.494448
1.59796
2.63836
0.567462
1.38499
1.78218
-0.176922
0.0984844
0.941704
-0.494067
-0.253992
-0.259866
0.745493
1.05611
3.085
0.961076
-0.668715
-0.155872
-3.34181
-3.81386
1.97196
4.69017
-0.489494
1.59728
-0.0289956
0.657801
5.23183
-0.838908
-1.49739
-2.72238
-16.1324
-6.75695
-26.8249
-0.898766
8.44023
1.59374
-1.06608
-10.0589
-2.97876
-1.61374
-5.2559
-0.586177
-1.17199
1.52066
30.4608
12.6616
-6.16138
-1.41238
1.14577
1.6854
-3.92154
-3.73198
-0.78526
1.70502
-0.509659
-1.95919
-2.42755
-10.2942
-0.531959
1.14949
-0.910348
0.153026
1.53059
-0.625433
0.78944
-1.4053
6.57112
-0.385351
1.24224
-19.6595
-0.465696
-0.0451482
1.23098
4.27917
276.606
-0.602956
0.953785
-1.08726
-1.30999
1.91529
1.43346
-0.184295
-0.309731
0.710571
-0.941928
-2.68748
81.9012
-0.250184
-0.754581
-5.53437
0.998
-0.862209
4.29944
-4.44843
0.618253
0.939295
-0.179816
1.84306
0.573397
0.450628
-17.7957
-0.70172
5.73931
-0.453821
-0.982462
14.9156
0.968005
0.571516
0.923985
8.58949
10.2151
5.41458
1.1251
-0.886191
252.739
14.8957
-0.227398
-4.13994
1.89119
-0.700621
-2.92005
-0.746993
-0.437021
0.45878
-4.4804
1.0312
-0.845871
-0.357681
0.985014
-1.84864
0.209558
-0.434586
-0.00962768
1.83769
3.91069
-1.36226
0.669846
0.027076
0.255233
0.774631
-2.29467
-0.123727
-0.378615
-0.33334
-0.244701
-0.864044
-2.25541
-1.08166
4.59085
126.27
-0.116803
-2.28926
0.351085
-1.02894
0.867441
0.166314
0.741842
0.601292
-0.221889
-0.0577154
-0.858893
-1.77024
2.16201
1.54978
1.33771
-0.195314
-0.567757
-0.0760586
-7.17274
-0.394168
-0.351063
-4.96971
1.61621
-1.17777
-0.189545
-0.0776842
-0.010446
0.593634
-6.48816
-1.3594
-1.51509
-0.329016
-0.540352
-0.326493
1.02157
79.9757
0.865343
-2.44604
-2.79121
0.476434
-0.39928
0.28067
-1.46486
-0.531329
-0.395626
0.585053
0.595706
0.277298
-0.255438
-0.439328
-0.16081
-188.237
5.45753
-5.84815
0.471433
1.02833
-1.78823
-0.0288034
-1.19084
-1.50725
-2.37443
-14.0434
-0.105418
2.71021
-0.554546
2.32878
0.369121
-0.841554
2.04778
-0.00457027
-2.25581
-0.51299
14.3678
1.42294
-1.89107
0.125853
-1.69934
1.02165
0.331993
-0.0130519
-1.29615
-1.54609
0.92851
-0.699755
0.715402
-4.7819
25.3639
-0.15989
0.950951
4.90208
-1.21712
5.92346
-1.96423
-12.9837
-3.46522
-0.73451
1.38066
-1.80818
0.172811
-2.34737
-19.311
-0.925213
-0.145731
-1.25801
-2.02042
-1.49262
-0.464962
-0.443176
0.472622
3.23762
0.139433
-7.44503
0.904461
-0.574452
-0.237326
0.889837
0.114899
4.81593
-4.51378
-0.306319
-0.023308
-0.0443621
-0.0299531
0.662587
-22.0268
-1.42759
-1.3558
4.31173
0.154389
10.6963
2.04866
-0.738414
-1.11395
2.08191
-0.564515
5.91509
1.29292
-2.1866
3.64414
-0.918085
-0.748321
86.4411
160.813
-2.92158
-0.709364
-3.17154
29.2977
-1.12158
4.76711
-1.45559
-0.157346
1.98517
-1.40983
3.95114
-1.91891
-2.48161
0.502841
90.4584
-1.886
-0.41658
0.0624341
-0.406417
-0.507929
3.08535
-0.216049
-0.924136
-1.86017
1.48708
0.556518
-0.694812
0.669785
2.12351
0.783777
0.233249
2.56264
-2.34374
-0.366454
-3.88456
5.85063
0.730632
0.185227
0.383516
0.572785
-0.836152
0.90678
0.528967
2.78256
-1.84918
2.95336
-0.381035
-0.119409
-3.20603
-1.0579
3.16195
-0.717052
-59.8047
-1.37116
-1.27884
2.09819
0.0791194
2.96969
0.354708
15.0644
0.952622
-3.42813
1.27727
-2.87862
0.964098
1.49634
-2.30669
-1.59276
-0.178336
-0.44935
-0.798157
-0.118387
-1.10929
-0.336604
-0.772361
0.314935
-1.87347
-0.511327
4.62742
1.77147
0.44297
5.99627
0.964152
0.690125
-0.183613
-0.129551
-0.783687
0.780153
0.593107
3.03962
0.49194
-9.39445
-2.30303
1.67734
-0.368776
-0.239579
0.399103
-2.85471
0.191278
0.828213
-0.404252
-0.567887
0.103105
0.410773
0.905015
0.256591
-2.47148
2.92391
-0.856017
-1.15554
18.2412
0.155131
-0.441473
0.688305
9.13182
0.225649
0.734607
-0.401945
-0.381528
-9.35645
-0.706409
12.9484
-6.02047
0.16611
0.591245
-0.357059
0.478509
2.71693
-0.206649
-0.441388
-0.221582
0.498176
-9.47539
-0.0755776
113.571
-0.0928067
-2.95729
-1.65186
-9.3618
-0.353072
-1.81475
1.31883
-0.0301931
1.52479
0.453824
-0.815819
-0.291313
-2.60776
-6.50901
-0.520893
-1.02241
0.248412
4.22549
-1.04863
1.06672
0.16195
-5.46516
-0.209589
25.7006
-0.0230254
-1.40589
-0.828754
5.3052
0.482139
1.41631
-0.0133976
7.77691
0.831248
-93.3027
0.63829
0.373516
-1.58467
0.100935
-1.76392
0.973043
1.3925
-4.34163
0.445768
-3.15843
6.50375
-0.92824
0.838649
-0.914993
-3.20187
7.14035
23.266
0.274204
2.86531
4.34074
3.73302
2.1678
0.584157
-0.628971
1.62736
-2.36965
-0.976737
0.352802
-0.3221
-3.17469
19.3265
1.38943
3.98583
1.00882
-0.224149
0.185679
0.513408
0.169306
-0.911502
0.148291
-4.01639
3.03977
0.427129
1.51096
0.347277
1.15608
0.759896
0.0137398
13.5661
0.133349
-2.48202
-1.64189
1.50109
-0.412975
-3.67986
0.32964
-0.143719
-0.803065
-0.350577
-1.17719
-0.319913
0.00341514
-0.0283504
-1.60559
0.134958
0.139667
-0.0106506
-0.80154
-0.557052
2.25159
-1.24598
0.258875
-12.7787
2.25827
8.59081
0.212164
-0.530308
-1.71236
-0.64493
-1.1633
0.846497
2.27889
0.544005
-0.588537
-3.48389
0.786991
-0.301188
-4.16324
9.56343
27.3309
0.251505
-1.23134
-0.771199
-0.0619265
-1.65913
0.291016
-0.435456
-0.751254
1.14955
-0.922239
-1.2503
4.02767
1.06751
0.285981
-0.991648
-2.26328
-0.398692
-5.90401
1.08411
0.615206
1.02709
0.12987
0.524412
1.2404
4.05244
-11.7405
0.873615
0.236486
-1.05466
-1.47002
-0.0987992
0.537207
0.155808
-0.287535
2.06947
1.15311
0.661737
1.0223
-0.238748
9.18233
2.31978
1.76875
-2.09532
9.61738
-1.83391
4.11873
0.0621319
1.45303
-1.04377
0.0304451
-9.31449
0.643521
1.07128
-0.73376
0.239831
0.0240073
-6.77498
-3.4414
1.24678
0.914004
0.400255
-51.1367
0.76509
-1.7144
-1.70062
1.15779
-0.468269
-23.0961
2.87224
-1.01386
-0.24347
1.62084
-1.32048
-0.340392
9.33273
-2.08003
0.301981
4.08387
-0.33027
-3.88391
-15.913
0.673165
-0.189071
6.97917
0.531374
0.123852
0.0288217
-1.48311
1.34652
0.904732
1.73136
2.33257
-1.89547
0.0974455
0.352566
-1.24469
-2.74723
-0.773875
0.129389
3.4741
2.39612
64.7535
-1.02859
-1.08755
-4.51927
188.106
1.20355
1.34745
0.136239
-6.10412
-0.356383
-0.0999995
18.6083
-1.01668
-0.197881
-5.8573
-0.135139
-2.19598
0.783806
0.162124
-0.178926
-0.279608
1.29025
0.786252
2.08771
0.0587586
-0.733736
1.62926
-8.87769
0.903796
0.477359
1.70012
0.721796
-1.3575
-1.9814
-1.03834
0.531989
1.05066
-0.994289
-8.15442
-5.99271
-1.93005
9.94043
10.224
1.56987
3.94573
-0.0841654
0.860889
0.182586
-0.563831
5.06809
2.71372
0.256481
1.75854
-0.174005
1.15213
7.59766
0.862578
-1.6289
-0.5493
0.814228
4.38113
5.37697
-2.85995
0.0175514
1.31245
9.72334
0.304507
0.619633
1.34185
0.723364
-1.08435
-0.391182
-0.137914
-1.32166
1.16912
0.447736
0.0161821
-1.22516
-0.100149
-0.301911
0.39799
0.94335
0.263525
-0.885391
0.541501
2.83068
2.4025
1.10106
-0.954395
-0.590397
0.331156
1.1717
-3.20556
-0.759094
-0.031528
-1.10414
-0.960965
-2.78041
5.91105
-1.72256
-0.0613083
-0.0801771
-0.145958
0.214851
0.890284
1.14217
-0.86682
1.14976
-0.0617053
-1.31253
-9.72373
-1.25391
81.6158
-0.538936
0.156891
2.53056
0.344272
0.562479
15.9504
-0.122105
0.600409
0.465597
-0.374486
-0.141161
0.432907
1.75103
-0.012506
-0.801665
0.273951
-16.1084
-0.628165
1.13087
-0.545708
-0.175885
-3.01546
-0.825637
0.649862
-0.932716
1202.56
-0.0435322
-0.548852
-24.4606
-0.395642
-0.0889771
-0.235683
-0.243382
-0.949608
1.38175
2.39655
0.16658
-1.11611
-36.4574
-0.340789
-0.505406
-1.58177
-0.562409
0.420032
-0.220071
0.770274
12.4684
0.307671
-1.80232
-1.03287
0.335467
6.69287
-1.36154
-0.25782
2.08523
-0.219486
-0.244388
14.8987
-1.13257
-0.176261
-12.2697
33.3298
-0.351677
-0.389242
4.19586
-0.743647
-15.0636
0.0525999
-6.49768
3.7694
-0.595032
0.275447
-0.0101019
-0.545365
106.967
0.302137
-1.00119
12.251
1.89058
0.468179
-0.469998
-0.51454
0.697204
-1.55409
0.380644
-1.10665
-1.75367
0.737765
0.34795
0.493842
-0.677157
-0.157359
-1.71488
-8.52671
0.895525
10.5979
-0.504317
-0.236264
-0.176746
-692.282
-39.321
-0.0629934
43.1753
9.31044
-1.04146
-12.6421
1.32558
0.326204
-0.342279
0.459613
1.67444
-0.679933
2.15136
-576.198
-0.362565
-1.64958
-4.34784
-0.196579
0.430765
-0.551117
-0.0666804
-3.12765
-0.588693
0.702994
-1.63031
-0.323649
-2.41216
1.08274
0.265887
-0.102071
0.485325
-1.2369
3.57696
8.99359
0.443705
-0.325947
-0.83904
0.707529
0.494319
-2.43565
15.4811
0.38755
0.753687
0.709065
-0.315661
0.0551314
72.9344
2.32611
-0.163254
7.06582
-1.54557
2.1102
1.89443
0.289836
-0.486851
-0.462499
6.50461
-0.933828
-0.23327
-1.26532
46.7412
1.86073
-1.27802
-0.0686831
-0.855227
-5.21922
-0.490052
3.34873
-0.827119
1.61864
-0.156442
-0.388164
-0.724654
-1.74768
0.208792
-1.01054
-0.228666
-1.96525
0.502859
9.09567
4.46912
6.19147
1.15985
-0.0420457
-2.83794
2.134
-6.51413
-0.0811362
-0.0987565
-3.20173
-0.0219186
-8.44235
1.52479
0.658573
-1.26316
-5.54923
-0.764749
1.0714
0.324224
6.25012
2.93209
-2.20324
0.23307
6.33566
-0.436537
-1.069
0.330154
-1.71852
-1.52074
1.54539
0.763564
4.03857
2.19419
-8.96248
-0.0730519
0.233811
1.36255
-0.496966
1.08398
-1.41505
0.792733
0.222146
-2.24243
-1.37779
-4.23547
-0.531934
2.7416
-1.43614
36.4072
-5.76407
1.21436
1.55602
0.820575
-0.249051
2.28334
-0.883462
2.02425
-1.35294
0.91727
-3.44205
-0.812708
-3.83343
0.162333
-3.79049
-1.39421
3.75858
2.82953
0.472872
-2.03701
0.210711
1.16446
-1.99627
1.00646
-0.614505
0.279352
0.735775
0.958551
0.272131
1.27983
0.550974
-0.59613
-0.891205
0.706742
8.81117
1.1661
0.265555
1.75978
-1.92462
-113.082
-0.161951
-0.191403
0.510819
0.975703
6.58624
0.266717
-2.37417
1.11999
2.62055
2.1871
1.04871
0.874122
-0.58819
-2.9717
0.303509
3.36292
-881.066
-0.180892
-0.755714
-0.340121
-3.58607
17.7091
-0.425503
0.489133
0.446025
0.28732
0.69149
-0.208523
7.5865
1.44115
0.139804
-2.29014
0.49574
-2.2434
12.7415
-0.288626
0.655209
0.398238
-0.415617
0.20571
-0.488153
-1.24921
1.8761
-0.0048049
1.77593
0.99001
-2.19843
0.052077
-0.824143
-0.541073
-32.709
1.28908
-0.553739
3.06137
-0.368216
75.9978
-4.0316
0.717143
9.86576
-0.147908
4.43482
4.06976
1.75938
0.267178
1.69345
3.49971
-49.8785
-3.85778
0.259162
0.48211
1.63261
-0.0311493
-85.7151
0.0599948
2.65697
-0.556813
1.71832
1.68317
1.18359
3.05145
-3.4635
-2.11656
2.93345
-1.4574
-0.413088
0.47917
0.754422
-0.462133
0.534996
-0.241417
2.49536
1.0258
3.33213
0.0307339
1.24044
-1.1188
0.0359282
-0.847775
-1.25845
1.62051
-2.4496
-0.0122612
-1.4373
0.678264
1.52328
-0.320044
-0.154585
0.224861
-1.05497
-5594.63
0.229524
-0.292021
-963.244
1.12148
-0.340242
0.920711
-1.61789
-0.53097
0.389289
53.8723
-0.00977431
5.40837
-1.40272
-0.079122
-0.428562
-35.5071
7.68132
-0.236542
-0.73724
0.657585
-0.185319
0.217223
0.459386
0.127898
-0.816929
6.32681
14.2475
-0.687461
1.14338
-2.50776
0.901867
0.489351
-3.00015
-0.512173
-0.6068
-1.44557
-0.954865
4.41472
-2.82559
-0.740156
-3.24276
-0.494167
-1.34342
-0.466335
1.0227
0.04786
0.415765
-4.16352
-1.77319
-1.36595
7.46081
-8.53061
-0.606887
5.78145
1.04547
-0.587067
-0.984085
-0.336767
-4.81382
-1.17512
-1.62907
0.19535
2.96055
1.10067
0.17533
1.10431
-2.96386
0.119333
-1.2316
0.448774
-0.361404
2.22169
0.433601
-0.216172
0.975402
-1.66997
0.0511126
-0.964643
-0.147101
-0.114868
-5.56126
0.449733
0.731669
-0.803753
3.1195
1.00054
-2.2821
0.298466
-0.490993
-2.28409
-0.71516
0.208349
3.72913
1.89945
0.224221
-0.356821
0.320091
-0.466552
0.0324014
-0.580659
-3.05466
2.19086
5.36622
0.25199
-0.969018
1.78729
-1.37977
-0.609637
0.873095
1.25843
-16.7155
13.883
0.25913
-2.36047
0.285786
1.80271
-0.338657
-2.08978
0.406747
0.402655
-1.19853
2.28706
0.940009
-7.94957
0.245635
2.23586
11.1077
-0.0833011
0.837212
0.731021
2.39142
-2.99648
2.66568
-7.02268
-12.0882
2.33891
-0.36518
0.407007
0.685896
-1.73311
-2.40614
-0.504922
-0.348888
-2.50392
-0.888247
2.31937
-0.0647894
1.37157
-0.571218
8.37525
-0.179818
0.285561
-1.94773
-0.865032
-0.479775
-0.311932
1.65783
-1.22597
3.52077
1.22285
1.54639
-0.652406
-0.78688
0.367301
-0.332688
2.81279
0.641749
-0.111535
0.297351
-0.698675
-7.85645
1.11962
1.35642
0.800988
-1.69931
0.883068
-1.47938
0.0885844
0.155394
-0.278117
0.68098
2.0039
0.87075
-0.661069
-2.86902
-1.18368
1.57906
2.71655
-2.10504
-1.99831
-1.38975
4.61114
6.86157
2.22247
-0.488881
-23.5201
-1.98484
-4.46691
0.478848
-1.97451
1.27025
-1.51088
-0.151451
-1.33234
0.680822
-0.123835
1.36611
2.3932
-8.09721
8.17753
-0.522856
-2.10953
-1.03236
68.739
11.6718
-0.763215
-0.37149
1.23071
-2.08274
-0.304166
-0.826441
1.32619
-1.5784
0.982514
0.244842
0.760327
-2.69887
-0.263834
-0.0514451
-0.634008
-1.68284
15.7938
4.0153
0.517139
-0.421129
-64.5252
1.64849
0.155405
5.67614
1.68865
-1.3548
0.318484
-0.614206
-0.620892
-1.18454
-4.7435
8.97005
-3.77705
1.10775
-7.26198
-1.0349
-0.0646037
10.3027
-3.8302
0.0581367
-0.990568
-1.08534
0.280896
-0.630013
1.02902
-0.357548
-5.67816
-0.378802
-0.0232543
1.41793
-0.999669
0.0293611
0.377813
2.62697
0.259206
-0.145349
-1.6373
-2.07291
-0.38874
1.30581
-4.03693
-0.790505
0.131181
16.5672
0.931137
5.51588
0.216261
1.65941
-0.466917
0.717474
0.240597
-0.451492
1.04125
0.499812
0.572336
0.125492
-2.33209
2.97223
3.47395
0.513582
-0.341489
1.10146
0.00570156
-3.27447
-0.34958
3.2008
-1.77888
0.937907
-134.208
-3.09338
-2.20618
22.3412
-0.452874
5.18263
-0.73844
0.0421028
12.2881
-0.225287
-1.72336
-1.03054
0.0304888
-1.09667
3.8201
-0.193703
1.40127
-0.771448
-0.772533
2.55456
4.47409
-0.57144
0.878526
0.160157
6.46126
2.7971
0.0577708
1.74618
0.360382
-1.6354
-0.671718
23.9834
3.02037
0.613183
2.67029
7.51265
-1.20984
0.0881992
122.325
0.431678
34.8873
-0.175526
4.57863
-0.586263
1.11322
-0.100315
0.148858
-1.6455
2.34008
-0.0782055
0.239404
0.233009
1.39278
-1.67462
0.482878
-4.50523
-0.14789
-0.254191
2.6
-12.8964
-0.297709
0.148381
0.574453
-0.718266
-2.42234
-4.90959
29.1644
-7.21163
-1.83999
1.13052
-0.00882057
-2.81083
-1.5
1.70393
0.604239
-23.1819
0.59325
6.34361
-1.23653
1.42479
7.03582
-1.00553
-0.733468
1.75338
0.207698
0.244556
-3.39801
1.32945
-12.8238
1.04149
-60.2648
12.866
0.518294
1.46816
14.0614
0.478949
0.666066
-2.16443
2.02216
-9.10021
-0.689836
-2.09401
-1.33931
1.72693
0.505113
-1.45095
-10.7256
-0.429132
0.93445
-3.88484
0.157818
5.27028
0.284852
-0.00461086
-0.551676
0.107875
-2.80344
-2.35083
-0.38284
-2.83311
0.960016
2.37929
-1.01056
-1.85347
-1.07677
-0.469843
-0.0230707
-0.902965
5.21002
3.98065
0.39518
-2.28891
-0.428461
1.34311
-42.6185
-0.382087
0.636749
0.841063
0.0291869
1.72159
1.04188
0.0334348
1.15997
0.723683
0.351223
-0.548259
-0.184072
3.28546
5.87083
0.392668
-0.27178
5.11189
1.86006
-13.0765
-0.95541
-0.805308
-0.502875
-2.56712
0.0345047
5.00461
1.60835
-0.0999991
-1.7814
-0.501781
-0.320782
0.641687
0.720708
-15.1994
0.0215958
1.97871
0.415428
0.484268
0.241691
0.66731
0.97224
6.57474
-2.06771
2.28295
-1.31166
17.555
50.7441
45.5085
0.221229
1.36556
-0.931247
-1.98673
-0.712996
-1.61502
0.459092
-0.983826
-0.493929
1.33444
-1.12961
0.107023
-0.450969
1.00136
-3.31693
1.1609
2.33238
-0.422643
0.0609637
-1.62926
-1.69152
0.297737
-6.19152
2.37153
0.346081
-0.433013
6.49868
0.826503
-0.555495
-1.50862
-0.869025
0.165194
2.05841
-0.0904121
-0.432917
-1.40807
2.17355
-0.726129
0.454413
-1.23708
-2.10843
-0.299132
2.95103
1.05037
-5.31376
-0.0564212
1.06142
1.10433
0.651946
-0.288409
-1.80684
-0.357599
1.54253
0.104297
-0.242128
0.717385
-2.18191
-4.8857
0.352894
-0.933223
-0.205365
4.26463
-0.292945
-0.700631
-2.27091
-0.569783
-0.945501
-8.60993
1.58297
-0.151095
-0.416432
0.885732
-4.34211
-2.22226
-0.678786
1.66272
11.0855
3.66113
4.88158
-4.70895
-6.51796
1.54355
-1.49569
0.122601
0.687807
-0.160465
2.83832
-0.54541
-3.78026
0.233731
-22.3498
0.823668
25.1085
0.3646
-0.393212
13.1706
-1.10513
0.0708667
-84.5718
-3.71061
-0.545593
0.531023
-5.17928
1.71165
-2.16894
-0.767032
-0.283529
0.147841
-0.375881
0.355275
6.81677
0.811058
1.62675
-5.8792
5.84471
-0.35751
-0.547748
1.6282
-1.55186
1.26061
-0.393655
-0.0996842
0.0373171
0.802935
-19.8403
-1.57792
-0.731639
0.24684
-0.681185
-54.3692
12.6163
0.769443
0.363246
-0.493656
-0.450455
2.20363
-2.12785
3.76664
-0.384194
-0.501313
0.0487497
3.26331
-0.781568
0.855235
17.3769
0.219732
-3.06484
-0.0111943
0.0058026
-0.205611
-1.08583
1.78491
0.710989
-0.348631
-0.507461
2.97159
0.903721
-2.23643
-1.62868
-2.33192
-0.515255
0.458011
0.445371
-0.423327
-0.523077
-0.690831
-0.930748
0.207231
-0.377476
-0.0968598
0.406314
14.218
-0.361433
3.0831
-0.791116
0.853497
-3.63429
-4.16491
-0.451251
-1.42629
0.025276
0.0691056
0.674521
-1.52775
0.504494
2.08891
-0.389379
0.194714
-3.61241
1.61076
-0.22167
-0.138251
1.55074
0.268641
0.870604
2.36198
1.20052
0.0653759
-1.12731
-0.402037
7.87845
0.575404
2.88906
9.88984
-1.2204
-1.23086
-0.723107
5.30756
-1.13744
-4.17134
-0.447135
-0.642588
11.8329
-1.45163
-29.8215
-0.765567
-0.614818
0.149551
-0.809835
-0.570994
-1.39684
0.941809
-0.408075
-35.636
-0.542244
-0.271668
0.673379
0.725688
-0.56711
0.662987
-1.17867
-28.4569
-0.27196
13.0252
-0.452943
0.508816
-1.55544
-1.21187
-8.9867
22.8224
1.15092
-1.13255
0.748252
-0.116966
1.39144
48.5672
0.807048
-0.369584
-14.7263
-0.356382
-0.830275
-1.02925
0.270794
2.7455
-0.297139
-0.800282
2.49605
2.44805
0.247551
-14.6193
2.84281
0.458329
7.20232
0.177956
-0.614519
0.779196
0.341667
-0.252012
1.12561
0.431213
-3.96105
-1.31751
-211.466
3.92717
0.266281
-0.651813
-0.466046
-1.36687
5.89399
-0.40746
-0.0235148
-0.382977
0.299264
-5.46719
1.05236
0.355685
1.42578
-4.56273
0.322013
1.68341
0.249824
0.00654325
0.20311
0.79504
1.42805
2.87889
0.386386
0.232382
0.965401
1.05176
-0.449199
-0.0750552
2.83578
0.372248
-0.790889
0.875469
-0.202151
0.523299
-2.6205
0.0550363
3.4177
-1.31936
0.350471
-5.76914
1.7765
3.23221
-0.965472
-0.379122
-0.670061
-0.282705
-6.08952
-1.27509
69.809
0.155531
-0.058521
0.107065
0.0992324
-1.68415
-0.420096
-0.647554
-1.60838
0.944743
-0.386219
1.92769
1.23854
-0.563684
-0.309505
-0.535753
1.18212
2.5098
-1.10615
-0.646503
-0.452925
-0.78776
0.241158
0.515573
1.41042
-3.62156
-0.0541785
72.1529
-25.0243
-0.134307
-13.1912
0.629199
-0.0133094
1.50705
0.916925
-0.802056
-28.0415
-0.890893
83.4215
0.123459
-4.91689
-0.249035
-0.548149
-0.726118
0.932468
40.3274
-0.333373
29.4403
0.697793
0.133693
-0.0510894
2.07078
-2.91899
-1.15315
-2.06455
1.20169
43.3857
4.03101
-0.47408
1.01899
-0.840372
0.0634052
-5.4195
1.8561
0.0987699
1.98886
-20.7607
1.19445
-2.7296
4.60258
-0.0444241
-1.0167
-6.72175
-2.30281
0.0168637
2.43129
-0.34403
-10.2974
1.52472
-0.685209
15.7857
-0.00182721
-0.22719
-0.00734938
0.235353
-2.53469
1.77913
-0.148832
-1.67415
2.79216
-0.973526
-2.78732
0.935547
0.864343
-0.942258
-0.0559334
0.791069
-0.619702
-0.96938
-0.0271309
-0.783888
15.3588
-0.660132
-69.0138
-1.00145
15.3635
-1.5713
2.40502
0.0872704
0.0112221
-1.99182
1.95559
0.417678
1.92664
-0.0301773
-0.135502
0.256661
3.91715
6.7446
0.0854417
-10.5485
0.1328
1.48367
-0.402551
-1.64359
0.291969
-33.1025
-2.31619
0.327408
12.5021
24.1541
-4.69358
1.31292
-2.78307
-0.74767
-1.07031
-1.07493
0.184251
-0.607335
-0.989784
2.63435
0.144037
0.251327
-0.069984
1.02694
-0.241949
0.857283
8.56068
-1.21474
-0.834695
0.320754
-0.59288
9.73996
-7.12038
0.58578
-2.78587
1.29972
-1.73781
1.24764
0.652022
-0.659298
2.5339
0.276079
0.820247
-4.5791
-8.10199
0.636467
0.73738
0.0903391
-0.183111
1.85251
-1.47754
1.38196
-1.46464
-0.272096
-0.661841
0.287026
2.47823
-1.28807
-0.00477025
-1.08639
-0.263405
1.64896
0.0503959
-0.430824
0.76579
-0.866481
-5.01662
0.0536639
-3.2965
-0.297893
7.3268
-0.157586
-0.718205
-19.5476
-0.203645
0.61182
-81.8621
-0.736132
-0.89691
-0.466551
-2.1049
-3.69709
0.204115
3.3131
-0.0354017
-4.83649
5.41962
-0.0129843
-0.578902
1.11954
-2.21663
1.14595
2.69362
1.07278
1.35275
1.66727
-0.288573
-0.47076
0.600621
-0.473942
0.557266
-1.91253
-1.06395
-0.368736
8.96235
7.35234
0.0889428
-6.80735
2.82994
-1.01535
-2.18319
2.19225
1.56002
2.40075
-1.62717
0.727326
5.20212
-1.15151
-0.262414
-0.367315
0.844875
4.13448
0.577998
18.3048
-0.415906
-0.611147
-0.552239
-0.5677
0.113096
-0.553545
-0.489618
-1.69109
1.88974
-2.83704
-4.30721
1.46165
2.11577
1.28525
3.00938
0.823595
-0.311011
0.140233
1.19976
-0.716318
1.70283
-0.888286
0.851039
26.3612
-0.456966
2.20573
-0.598787
-9.45396
-1.85593
-3.25932
-14.3875
-0.444915
0.945798
1.55378
-6.27712
55.4141
9.55287
0.473774
-0.257322
0.674337
1.43809
-0.818155
1.70515
-1.18613
-1.02831
-0.0683528
-0.857624
-0.212851
5.76281
-0.423936
1.61925
-2.65318
1.50001
0.752987
-3.72803
0.0266289
-0.508592
-0.0938809
-2.01068
-2.06765
0.194543
0.716431
-2.7019
2.70382
-0.329937
0.0249809
6.5495
0.9265
0.154117
0.393616
0.374554
-2.79583
-0.932366
0.722354
1.83487
-1.32111
-2.63142
5.14651
-0.907654
-1.79513
-1.72684
1.25952
0.498139
2.22101
0.540127
-1.0365
-0.794177
3.01469
0.284736
-1.2924
-0.0225647
-0.313399
10.1964
1.42755
-1.32143
-0.197167
-0.708175
-5.6915
0.965625
-4.94468
0.0666005
3.1509
-0.470918
-0.677173
-0.00866457
-1.16884
-0.441771
-8.16625
-0.74619
1.38273
-39.3358
-2.26661
0.215218
-6.65434
0.193214
3.58129
1.49834
1.41806
-1.4497
-0.410384
0.439758
0.344246
0.642689
0.478496
0.770981
-0.42303
1.57111
0.00172358
-0.615105
-1.33718
-0.598147
-4.42777
0.699231
2.69047
-2.41316
-0.935824
-1.16453
-4.45761
-0.0826368
4.06358
-0.200714
-0.9863
-0.166922
0.64336
-0.315186
1.52036
-0.464845
2.18854
0.578103
1.89968
0.307553
0.487707
27.7047
-18.1077
0.800236
-5.54025
-1.53629
1.05028
11.1646
-1.02639
1.6651
-0.428497
-0.317239
0.349556
0.377396
0.207192
-2.30119
-2.25495
0.479275
-0.231499
1.41654
0.106118
0.695884
-0.751153
-0.0103383
-0.619761
-0.0912245
-1.36021
-0.429777
-1.71976
-0.66377
1.24711
-0.275371
9.49223
0.0927007
-0.193266
-0.22472
-30.3886
-0.584255
-0.600941
1.2593
3.4076
17.1386
0.3256
5.26763
49.1627
6.18756
-1.35184
-0.253247
1.82344
-1.24266
0.763876
1.96882
-5.45833
-2.00292
-16.1509
-2.19039
0.674731
7.87248
1.14129
0.666226
-2.03329
-0.421582
2.02147
1.33815
-1.06034
-0.324074
-1.92889
0.0731207
-0.867552
7.75367
-1.61595
-0.571563
1.57383
-0.116583
10.4263
0.149325
0.203022
-0.328727
-0.324163
0.0187001
-3.06708
-5.98196
1.2094
-1.53143
-0.613271
2.4084
0.0477728
-0.855051
4.06352
-2.36115
-1.54372
-0.457022
-0.395595
-1.29267
2.3287
0.15868
-5.66877
0.438639
0.0465118
0.469228
5.65075
0.322115
0.238702
-0.694813
1.34673
-0.0651159
2.13841
6.16774
1.80681
0.0241562
0.140676
-1.76831
17.5121
-0.550335
0.206607
3.52169
0.490806
-0.446024
-1.88762
-90.5257
3.63098
-44.5738
-0.305379
0.31029
0.851323
0.450397
2.19151
-21.1514
0.934792
-14.1969
3.91627
21.8606
0.92665
3.35838
0.63275
-0.658723
11.3002
-2.90395
-0.431362
-0.0706837
12.8499
0.861177
-2.34178
-3.13202
-0.0375214
0.175115
-3.6084
0.37611
-0.268115
-3.02401
1.55746
0.192075
2.99456
-0.132706
0.78433
1.23763
0.367111
0.0991226
-2.66328
3.40029
1.64127
-1.54125
-0.636587
-0.923819
-0.892257
0.863741
-1.35084
-0.684746
-0.698724
1.37733
0.398204
-5.28009
-0.644429
0.0887773
-5.7936
-0.627601
-2.04296
0.081782
0.170569
0.788488
-0.361217
-0.514917
-183.119
-1.33033
1.71324
-1.06736
-0.240005
-0.988909
-1.7992
0.998452
-4.81442
0.87782
-0.0964554
-2.16364
-1.42104
-1.72966
0.302297
-0.73318
0.153063
0.402696
-4.09211
-1.63125
0.434423
-0.59851
41.757
-0.132585
1.99602
0.338951
-3.55424
-0.348834
0.704781
5.93223
-18.1088
4.75007
-0.155588
0.376108
0.211923
1.41433
0.0493394
-1.26212
-0.725041
16.5275
-0.268959
-0.0358656
-0.317015
2.23753
-1.2059
1.61206
2.57207
-0.343785
1.69545
-1.31535
-0.375262
-0.162926
8.04116
-1.00112
0.540617
2.36909
-0.52056
10.842
-4.06283
-0.858296
2.16436
-0.198501
-0.169949
12.2222
-0.13122
1.21469
44.4219
0.173039
-0.433997
0.653194
3.60051
0.252272
0.0446363
-0.259146
0.216419
-3.88375
0.440218
0.163799
6.52031
-0.189019
1.41856
-0.494464
-0.149619
-0.644982
-0.112369
0.314111
-1.21552
-0.196321
-0.466958
-0.594849
-2.38887
0.530644
0.227768
-0.745828
-0.331692
-0.67429
-0.423514
1.32853
0.561353
2.84045
0.970284
-0.0234196
1.93219
0.541355
-0.0340087
-0.085866
0.0904979
-0.466747
1.21628
4.58034
-0.0697652
13.5833
-1.73942
0.613906
0.182604
1.70533
0.104907
-1.18234
-60.2551
-0.968603
-2.9641
-7.34458
0.500788
-0.941569
0.0213728
1.3778
0.770108
7.93145
0.0267054
2.08528
-0.243449
-35.9602
4.54006
-0.795168
2.14171
3.27535
-13.6315
10.8011
-0.15351
0.650045
-0.269329
1.28577
-0.0598654
0.988532
-0.693649
1.95248
0.717021
-2.50448
0.247069
0.367675
-1.53458
-0.271829
0.412089
-0.255537
-61.1229
3.98464
-1.44554
0.162102
0.440818
0.200195
2.60805
0.294417
-0.905172
2.06127
-0.930949
-1.78077
0.231431
2.2478
9.57621
1.05724
-1.08326
0.0774721
2.14467
-22.0408
-1.89172
1.77047
1.05174
3.14075
0.221247
0.393985
0.686638
-0.802476
-0.563798
-0.162502
-1.13272
0.184424
-0.454427
4.40639
-0.287765
1.19137
-3.9241
-0.0621544
-14.601
-0.40454
-0.579997
-1.60526
0.0659892
0.224959
-1.03145
-5.65038
0.103186
1.68124
0.60175
6.52357
5.82508
-0.478661
0.390683
0.102123
3.82255
-1.18351
-1.16871
-0.851315
-0.271217
-1.31243
0.0429649
0.0230633
-59.4236
-0.224208
-1.58382
-2.84447
-11.9668
0.313607
1.78816
-0.401679
0.141446
-0.195814
15.3264
2.50638
-0.116279
0.708007
-3.11675
-0.574661
-2.05164
0.460882
0.45875
5.45175
-0.492269
-5.28495
-0.390571
-0.201705
-2.04112
0.717169
0.868746
0.406235
-3.30815
0.553401
6.40872
1.2941
-0.173451
2.6929
54.6518
0.61628
5.58788
-3.21332
-3.31258
-2.31772
3.09802
-0.230378
-0.203368
-1.03036
-1.36251
0.262707
1.00434
-0.0324504
2.41569
-0.831201
0.603989
-0.89987
0.768725
-0.00707936
3.24352
0.483206
0.808992
0.0608064
0.552047
1.45142
-0.491394
-2.65278
0.196287
-0.015715
0.188654
0.116919
-3.86327
14.4335
-0.476302
15.9038
1.12347
0.984434
-1.2704
0.573336
0.245707
-87.3796
-0.866682
-1.49002
0.0685993
16.4684
0.113593
-0.110034
0.232905
-0.890531
15.7557
-5.92538
0.155358
0.198489
-1.34878
-1.63025
-0.302688
1.06352
-0.460518
0.61877
-0.703473
-1.59507
0.40309
1.42626
0.0891758
-0.275118
1.22865
-7.79033
-0.235218
-6.38322
0.166864
-0.364438
2.27274
-1.11979
-0.206343
0.885245
2.32775
-2.00589
0.0825034
-1.60585
-0.425419
-0.196321
-0.582571
0.105596
0.673223
0.266671
5.51043
-0.105151
2.50632
-0.0877824
-15.1885
-0.197224
2.89178
1.92358
-0.567757
0.855507
-1.81283
-0.399744
0.092912
1.95172
-0.399827
0.220485
-1.43019
3.01066
-0.655548
0.15141
-1.16313
-0.36092
0.25218
-3.11999
0.227054
-0.556563
-13.3124
-0.943591
-33.0334
-1.39654
-1.55299
0.763602
0.128839
-0.165211
2.17727
2.49696
0.133253
-0.436668
15.299
-3.29386
-0.300091
-0.981829
-0.202311
-1.27977
1.441
1.2623
1.0259
-10.8925
2.41432
3.70576
-5.65549
25.2191
0.632321
-1.50427
-8.37871
0.574484
0.538983
-1.84026
-7.92463
-20.9362
-0.141772
-0.529819
-7.70651
-0.293575
4.0458
-3.96362
1.53603
-0.348713
1.74405
0.62844
-0.0491524
-5.68003
-1.02023
-1.14778
-4.3177
-6.92341
0.121867
-0.0175377
-1.01765
0.253867
-1.63564
2.58196
1.88379
-1.32342
-0.0406674
-0.232834
-0.943666
-0.107853
-1.61631
1.21314
-0.323515
4.5968
-0.144915
1.19586
1.92321
4.5312
-2.95023
0.792907
-0.400388
-0.371998
-0.348328
-2.02354
2.14439
0.444529
1.67255
7.83794
-0.946257
0.623362
-0.368562
5.13124
0.453835
-1.34313
-0.0606997
-1.17074
0.0254665
1.20397
-0.257774
-9.93172
-2.5758
-1.02887
-0.123103
-1.5224
-2.04429
2.61543
0.311982
0.60247
0.958847
2.32497
-102.304
-1.67806
-15.2573
-1.19133
-5.49677
2.41128
1.30729
0.145888
0.605257
-2.96693
1.81572
0.152592
0.689052
6.00194
1.84944
-3.86562
-0.303206
-0.412274
-0.381516
2.15022
0.524993
-0.226465
-0.090423
3.01984
-1.65851
1.43197
0.26038
-0.12932
0.131595
-0.441525
-0.106074
-1.33285
-2.43832
1.75554
-0.305546
1.2225
0.286347
1.13105
-4.91049
-1.74598
-0.174984
-0.121451
1.56443
-0.681983
1.75709
0.137341
-2.14743
-1.77933
-1.71276
3.27191
1.81808
-0.650296
0.513731
2.14781
0.601715
0.409791
0.194003
3.43249
1.78074
-0.676895
7.02981
-4.26811
-0.476539
0.638435
-4.16549
0.168118
0.370316
-0.372491
1.45912
-7.59357
-3.5707
11.3925
1.02311
-4.99515
-0.776253
-0.399345
-4.1484
-0.483821
0.423379
0.780364
0.930179
-1.03447
0.861689
0.599452
0.440892
5.37415
-5.75812
-0.0910014
-907.043
-0.0617736
2.87819
1.34548
-1.2847
20.7889
-0.494575
-0.722473
0.848973
1.04823
-1.90332
-0.295997
0.442878
0.724625
0.312233
4.98223
7.07591
-0.389729
0.383143
0.575578
-0.802634
1.17906
1.10853
0.500019
8.15347
6.55633
1.25598
-4.249
3.08254
-0.401434
1.16057
1.29344
1.21468
1.11964
-0.711357
-0.124812
-0.39155
0.895783
-39.1423
-0.113157
-0.0555493
-3.54448
40.2655
0.27549
0.162268
5.79082
-0.234608
0.267581
-0.122683
6.07872
0.784269
-0.272717
1.56548
-8.09381
0.012407
1.18796
-1.03526
-0.246078
0.57463
-0.679641
1.48881
-0.606875
0.021482
-13.2846
-6.76837
0.256341
0.173592
-1.55188
1.83869
-1.34633
0.502769
-0.456029
-2.35103
0.579723
-5.61793
1.09092
-0.350179
0.450132
0.51441
3.62752
-0.682193
-7.85459
0.194708
0.378289
-0.914297
0.859897
0.211429
0.716273
6.7314
1.26009
0.155646
-5.23056
-1.64554
-2.16722
-1.64437
0.0870938
2.51906
2.51459
0.653603
-1.23818
-0.0111826
2.12676
-0.73339
0.485124
-0.956903
-18.9966
-0.968264
3.21026
0.774227
0.55053
-1.36629
-0.332031
-11.1254
-0.974058
-1.00728
0.753871
-0.572463
-1.3948
1.37784
-9.08178
-5.86651
0.18456
-0.743728
-1.17613
-18.7683
0.148826
-7.43481
0.804017
-1.58217
-3.32619
0.343684
1.16511
0.878899
-0.545683
0.307158
-0.744895
-0.108257
105.309
-0.267618
-1.36738
1.92105
0.897516
-3.64721
-7.59619
0.624133
0.7086
-3.34736
0.923447
0.069702
2.23471
-3.08193
-0.116048
0.22668
1.13635
0.363338
0.755413
0.375756
0.412229
-0.973527
-1.002
0.0889466
13.6627
0.0685178
4.10963
0.328673
2.65984
-0.369466
4.75265
0.284678
0.136053
-0.858052
30.9023
-6.29814
0.396425
-1.52633
1.00197
-7.92968
-1.29505
0.964533
1.19488
-1.68152
0.87222
0.325518
-1.24167
0.0159903
4.11385
-0.643299
-1.52995
-2.56377
0.59754
56.6599
-1.14237
0.269074
-0.38805
1.31227
8.00238
5.40071
-0.790767
3.4787
1.48997
-0.923214
-0.191843
0.834184
-2.25778
-3.76983
-1.1352
-0.0733059
3.01494
7.17453
-0.372576
1.73691
0.0244174
-0.0186531
1.63328
-0.207246
5.46627
7.64379
1.07274
2.51431
0.139954
0.480261
-1.4798
-95.2707
0.0769601
5.15944
2.36415
1.48936
-0.371138
0.574489
1.2146
0.355277
-1.62604
1.03293
8.65614
10.9993
0.274677
1.91419
-2.15607
0.863856
0.69061
-6.75159
2.12608
-0.76898
0.376281
-0.171588
-0.581482
-1.46407
1.16575
0.843652
1.62412
-0.808406
1.89473
-3.11987
-1.5719
-17.8417
0.57722
0.636244
-1.73959
-0.726947
1.55399
-0.601474
1.31451
5.61006
3.29359
-1.24973
-1.22399
1.33101
-6.64821
-0.314067
-0.0894985
1.20747
-8.04939
1.81471
-1.74868
-0.169712
3.43362
0.732867
-4.17573
-6.30054
0.287871
-0.64934
0.779547
0.396226
-14.0602
1.05605
-3.28613
0.224792
-4.65495
-0.387948
-0.553142
-13.0555
1.45635
-8.92624
-0.512534
-0.226205
-0.654073
0.644864
1.55285
2.08079
-1.15614
-2.4184
-0.669162
0.771404
-1.04475
-2.41985
0.0620744
2.58726
0.409319
1.00825
-0.717264
1.79738
-0.945664
-2.90528
0.427158
-2.22292
0.0777723
0.667788
-0.587196
0.889411
-0.687481
1.55186
-17.3883
0.290667
1.84995
1.47805
7.78985
0.151292
-0.36728
-0.581824
-2.38229
-0.0617195
0.702552
-0.61226
1.47052
0.106842
-1.06824
-0.564166
0.0777574
-0.695341
-4.30865
-1.41042
3.63725
0.556933
-5.07642
-0.601796
0.209391
-0.159047
-1.995
-1.08285
0.431479
0.150615
0.656665
0.189909
-0.471187
0.0768822
2.21426
-0.0014812
4.49688
-1.11174
-0.244897
0.0445188
-2.70592
-0.970174
-1.70681
-0.949947
-9.68804
-0.577605
7.23148
-5.16898
-22.0367
-1.42709
-24.6072
-0.0343012
-15.5308
1.37356
-2.21699
-0.845128
0.291535
-0.792728
0.793767
1.02272
64.7744
1.71308
0.491216
0.098102
2.12739
0.15615
-1.41495
-1.89004
-1.48461
0.0967933
-2.16342
2.96109
-0.853626
-1.22697
0.10464
51.3525
-3.59535
1.53431
-0.049102
1.52716
0.0618779
0.795833
-1.55304
-0.00111556
0.954492
1.2122
-2.07456
-0.549959
-4.273
0.682211
0.140487
-0.085818
-0.241258
-1.0431
0.318617
-3.61455
-0.496068
5.41197
8.48429
50.8229
1.79412
1.61938
1.50168
1.63369
0.586698
2.18866
-0.609196
-7.38581
14.684
0.300995
-0.980961
0.210199
1.50285
-1.26354
-0.97173
-1.10286
-0.967228
0.115225
-14.8483
0.207658
-28.132
-0.640238
-15.7051
2.96445
1.33122
1.28336
-0.0146381
-3.01496
-2.57439
-0.90865
-12.0932
-5.938
-0.275569
-1.29892
-0.206232
-0.991919
-0.561478
-1.09661
0.250669
0.517133
0.231496
2.57616
1.15315
-2.72003
-0.88374
1.621
-0.0136009
0.540394
5.02569
-4.02026
-1.91578
-0.053193
3.40832
1.3787
-7.45028
0.737182
0.2407
2.34837
-0.726805
0.394936
-0.106551
-0.338789
0.136381
1.64706
1.02288
-121.235
8.49016e-05
0.713715
-0.893531
7.79706
3.91678
-2.42436
0.40464
-0.0624644
0.210115
0.782373
-0.636161
0.634191
-0.0817012
0.879922
-2.39039
-2.68847
0.0260675
-2.17872
13.4744
-2.34778
-0.498553
-4.80433
-0.0781415
-0.46559
-1.18038
6.24753
0.837295
-2.3118
-0.98435
1.66657
-1.78886
0.646652
-1.2471
0.344999
0.331629
0.53061
-0.0923514
-0.835653
0.738186
0.0882647
2.46312
-0.0628663
-1.68785
7.69617
2.97775
1.22091
-0.774567
0.609366
-10.6827
0.286105
2.22159
0.177252
1.88354
0.920475
0.221138
14.8906
-0.120181
0.106877
1.31198
1.05763
-0.725946
-1.2671
-4.88944
-0.169061
0.453176
-2.86683
-2.81456
47.9981
1.3994
1.1942
4.33614
0.49615
0.0198368
-0.231301
0.392296
-2.57096
-1.57751
0.763752
2.47578
0.0639669
0.802451
0.656794
0.534097
-0.248162
0.709531
-0.840434
66.4376
-5.84641
-9.96283
-1.77624
-0.406745
2.65005
0.687237
-0.985041
-0.342669
4.44265
-0.15619
-0.474413
-0.592471
-4.83372
-5.58715
-0.41936
2.83705
-0.0855603
4.84169
0.863593
-0.202079
-1.29319
3.44768
0.573287
0.0119286
-4.61134
-1.16397
-3.62284
-1.2419
-0.370093
-4.33311
0.0420262
0.843409
26.1541
0.424521
-0.622032
-1.02236
16.2692
-0.894596
-77.9342
-8.79188
-2.87406
0.170593
0.982132
0.917368
-0.40313
-1.70935
-0.255151
3.84359
-25.5277
-1.25082
-1.07454
2.04468
-6.88221
0.133548
-3.13764
2.09926
-0.0209802
0.642309
0.746821
0.997521
-0.549289
-0.0541907
-1.24385
-0.617343
-0.866233
0.0225205
-0.501526
0.0574132
-0.245598
0.19506
0.409931
1.1442
5.93932
-0.888801
2.78949
1.73556
0.451802
0.460028
-0.121254
1.07382
1.46069
0.0689559
-0.244059
-0.237308
-0.140258
-0.551702
-0.635772
0.501333
-0.450333
-1.04072
-0.00558392
-4.38993
0.737163
272.952
-5.00257
-0.0676949
0.471219
1.58532
0.291241
0.13796
-0.391457
-2.6253
2.28868
14.6711
-3.65691
0.593155
3.13883
1.15931
-5.86542
40.5505
8.48059
-1.50587
3.09756
3.60891
-2.0519
-1.18983
-0.453809
-1.97465
-0.374996
2.33069
-0.238375
12.3834
16.5336
17.3886
-0.680265
1.01324
30.3309
2.95012
1.91254
0.479342
-1.11571
-1.02132
1.78892
1.41666
-1.06698
-7.13571
0.0525737
-0.368899
-0.508482
3.04935
1.62551
2.01718
0.879768
1.64818
0.767426
-0.382581
0.230297
-5.9143
0.461305
13.7574
3.33009
0.667719
0.340415
-0.0685496
0.155809
-0.433371
14.1329
0.179655
0.848112
-1.11665
-2.19133
0.474302
1.59989
0.822148
-0.398392
0.214892
-3.09826
-1.91219
1.13918
1.92064
2.31966
-0.972656
-0.603117
-0.567289
-8.01078
1.37305
-0.2748
-1.30705
30.0628
-0.936545
-8.16418
-0.227467
-0.0121058
-0.40822
0.768281
-0.694428
1.94943
0.263179
2.27795
-2.55197
0.651433
9.17381
-0.659975
5.27296
-0.183037
-2.51439
2.01672
0.994682
0.331428
-0.803169
-1.42575
-0.179994
0.182608
-1.73532
-1.45499
0.834148
-0.292091
-0.849499
-5.97716
-0.579819
3.3538
-0.460234
-0.14726
0.501937
-1.35353
0.0733522
1.90386
0.132092
-0.743384
3.78811
-634.947
0.358429
4.07095
-1.19221
3.19441
-0.276777
0.350318
-1.86666
2.07484
-0.272717
-0.0440549
-0.286954
-1.0627
1.24547
1.56262
0.282283
0.723966
1.48055
1.66232
2.08056
-0.654002
0.69031
1.22994
4.69741
100.45
-0.907266
-0.420118
-1.31838
1.3988
-0.320566
-0.732119
-93.6932
1.3011
-0.0576379
-0.71857
-0.766644
-0.413335
1.36584
0.421063
0.448657
-4.83055
1.11686
-5.94505
-10.0667
-4.7523
2.0499
-0.256259
-2.06835
0.37783
0.528861
0.228477
-0.944112
0.306239
-7.59574
0.805948
1.03139
1.07808
-0.40116
1.9988
15.4997
-0.553712
-0.277034
1.23803
0.960982
3.81247
6.70308
1.12119
-1.69079
-2.12596
-2.08666
-0.694677
0.357648
2.5543
0.200848
-0.371988
0.16675
-0.628116
-3.87673
1.24909
-2.06817
-0.665428
-0.191663
-20.088
-3.66168
-6.19996
-0.0634039
-1.53114
0.241772
-5.75236
-5.98004
