-0.622963
-5.33672
1.51533
-0.529449
0.192057
3.94899
38.6711
0.617341
9.87027
-1.22875
-0.237801
-0.437709
-1.14518
0.301185
-0.644574
1.96016
0.522432
0.605158
-2.54395
2.28393
0.258628
-2.35299
0.294685
-3.30554
2.72431
4.9709
0.977053
-0.447054
0.0938553
-2.08984
-0.569247
0.514261
0.0435047
2.50714
-7.29831
-1.20708
-1.1123
12.5252
-5.26515
-2.77278
0.205388
3.05078
-1.52464
-0.34522
0.509602
-0.44693
-2.15243
-0.705101
1.16315
-0.455001
-1.10183
0.97767
-0.999524
3.49483
-3.66202
-1.05093
0.899109
-0.617413
-0.0119693
1.87216
2.28154
-0.805306
-1.16129
-5.71249
0.700542
-0.00288986
1.07021
-0.72969
0.778339
-1.07554
1.18161
12.3183
-12.2045
0.130214
-0.144923
0.441356
0.0123248
-0.398213
-0.696348
-0.611002
-0.667978
0.216571
0.643421
0.520361
1.37805
0.778634
0.374433
0.162854
-2.87968
10.7254
-1.65188
-0.437274
-0.243392
6.77692
40.0937
-0.966241
-0.608464
-0.0150402
-2.46431
-0.264193
-4.39251
0.470036
2.89487
-0.885031
-0.711507
0.320297
4.54457
-15.4649
-5.69106
15.569
1165.89
0.965606
-0.0675382
-4.1485
1.87726
-0.128518
-1.35665
-0.00202466
0.622965
-0.904506
0.974137
7.80575
-0.0298024
-3.94917
2.8692
-0.136835
1.90435
36.9585
-0.177089
0.728515
-0.64906
1.48846
-0.954176
-11.8835
-1.09363
1.48888
425.029
0.363509
4.01365
-1.16808
0.0354727
-0.925814
-6.95872
0.11479
-1.27001
0.288523
-0.766271
-3.25422
-0.167067
1.6632
-1351.72
-3.03171
-1.39154
-2.6501
4.27535
-0.00826987
-4.39178
0.0189612
1.4411
1.38939
11.3851
0.0509906
2.40742
-0.221868
-0.368903
-0.0643425
-42.3667
0.141112
0.647462
0.0454654
0.537447
6.95881
-0.579195
-0.382506
-1.12176
-2.2807
-0.00753197
-8.2622
-3.21311
2.08608
2.11028
-2.22025
1.92711
0.181019
-2.26554
-0.663376
-7.96565
1.8851
-1.77155
0.0954689
-29.9797
-0.56732
-9.8244
-1.16787
21.0774
-1.00391
-4.5839
0.411154
-2.7463
1.98139
-1.37285
6.98913
0.321554
-0.882535
0.152491
2.38616
0.398681
0.871059
0.608263
2.71446
-2.11517
0.870512
-0.303554
-5.14768
-0.564629
-1.14887
0.509814
1.35902
1.19053
-0.50198
-3.1195
26.7947
-13.5972
0.585954
-0.942662
-0.705355
1.4222
0.262639
0.766648
5.64652
-0.136885
2.25309
27.0373
0.322802
1.06189
3.05312
-4.87771
6.04408
2.13916
0.341463
0.995217
-0.149133
-0.207964
0.636846
-22.1535
1.075
0.986003
-2.56796
0.326383
-0.0345148
1.30925
0.231144
1.8305
0.635995
-1.90496
0.365042
-2.70631
0.916324
1.16247
-0.353579
1.67614
-3.30329
-0.855109
1.30933
-0.375564
-0.157752
-33.8738
0.157614
16.3147
1.57746
-0.00291465
-0.213471
0.786765
-1.27217
-0.237981
105.535
2.51289
-1.23052
1.81824
6.6629
2.80847
-0.738094
1.01228
0.700537
0.736098
-5.04321
1.10515
-13.1842
-1.48716
-0.62671
4.16336
0.349481
-0.403085
-1.29795
-0.225683
-1.33271
5.95532
-1.87598
-0.354161
-1.21102
3.07474
-20.262
-0.755605
0.290835
1.88676
-2.56877
-0.676136
0.252402
1.20604
0.153598
-1.8112
-0.032689
1.38897
-0.19676
0.520348
2.03731
0.528567
0.180137
0.292984
-2.33653
0.102793
54.9139
-1.39405
-0.221688
-7.4341
-1.19076
0.880693
-0.425107
1.02916
-0.61486
-0.209811
0.0355876
-1.04743
0.647091
0.0880402
-0.0918759
-9.01771
3.51192
-0.507727
-0.945487
-0.366966
-0.603352
-0.473586
1.73808
-0.753875
0.942589
-2.26947
-0.160386
0.48939
2.2308
-7.96711
1.59163
6.7497
-2.31653
1.01368
0.525026
0.191033
-1.6489
-1.03855
0.202522
0.884845
1.76616
-0.119894
5.54385
0.184293
3.28011
-0.63716
1.38303
-3.47128
-0.213351
-1.57087
-2.63604
0.27407
2.75381
-0.000512987
0.989655
-0.592404
8.54883
1.21648
-0.166893
3.19465
-0.805615
0.0530756
21.338
-0.579837
2.14186
-0.838875
10.3161
-9.92068
0.0709603
0.360647
-0.454705
6.32767
-1.89444
3.44275
-0.922591
1.78138
-18.2898
4.89301
6.08396
-7.13785
4.84934
-2.42901
1.23204
1.1439
0.496497
-0.420259
9.72708
-1.61898
-2.95721
-0.138339
0.740152
-0.941045
-29.8296
0.887754
1.39214
5.3284
-0.362562
-0.680745
-0.816354
-1.09368
-0.119117
-0.509592
22.1329
6.78672
0.475964
0.452392
1.05843
1.63777
3.49015
-2.8953
-1.08584
-0.0609374
-0.338427
0.0188695
1.10512
-1.58247
-0.320323
1.47274
0.0273726
0.846092
0.800645
0.301581
-0.895737
-0.147879
-0.120844
-35.6614
-4.82474
0.981676
-0.739756
0.124013
-13.4492
5.03765
-1.12852
-1.56869
0.255915
-5.37724
2.25015
-1.13817
0.238797
-0.569633
-0.492949
-0.582956
-0.946272
1.74647
1.70363
8.41207
1.00275
-1.50176
0.533494
41.9423
22.9478
1.34042
-1.25974
0.0576405
0.742273
-0.168128
0.267589
0.349215
-0.021929
0.895113
2.14604
-2.37557
-0.115567
-1.33302
-0.243067
-0.601658
0.160235
0.606662
4.07188
-0.584021
-17.0205
0.183016
-0.729154
-1.34901
-1.51209
0.777757
0.343669
1.0351
3.76863
0.429889
4.32762
1.11232
4.00275
-0.113705
-1.42066
1.07412
-0.343725
0.933513
-1.77538
-13.0775
-7.86733
-1.35032
-0.456777
-21.9999
-14.7311
0.819191
-0.687122
1.77799
2.25196
0.358154
0.924088
5.32152
2.50825
-0.410435
-1.39233
0.758762
-3.71599
-1.4339
0.980869
-3.63244
-0.970893
-2.74814
-5.24009
7.40133
-5.2435
-0.482454
0.974568
-0.439441
2.14639
0.616203
-2.04705
-0.656163
-1.2847
-3.02696
-0.305041
-1.07608
0.262523
-3.63151
-2.25995
2.7213
-0.413653
-0.351791
-0.386131
0.869796
0.913922
0.625364
-0.666349
0.131388
-1.19004
-1.77249
-0.947862
-0.315166
2.30164
-0.634955
0.112005
0.619277
0.621111
13.0938
1.02999
-1.263
-4.45209
1.09183
5.00544
-0.320465
-0.434924
-0.630301
-1.20796
-1.05651
1.40465
-1.93507
-0.187173
-2.90538
-2.74753
0.24323
-0.353028
-0.515473
-0.874339
0.58067
-10.9167
-0.221293
-0.357017
0.338743
-0.222137
0.830897
-0.720475
-0.557882
1.27491
0.469122
2.95018
-60.2413
-1.16076
-0.672331
0.995947
19.1793
0.885168
-0.379789
-5.56678
-20.0944
18.5624
-1.52127
-0.213212
-0.660211
-0.374503
2.36958
0.371347
-5.79804
-4.47565
1.03695
0.27608
-1.59503
-1.71067
-0.213975
-1.30721
3.80179
-1.91935
4.33044
1.73701
7.03362
0.0519156
-0.075367
273.725
0.421121
0.303181
-2.26634
0.718534
-3.09434
1.43811
2.1088
-0.734133
3.67184
-2.38311
-0.919132
0.396612
1.73273
-8.02136
0.485354
-1.10236
-0.416749
1.43005
0.0390963
0.0236779
22.0489
-0.722514
-0.962568
-0.205671
-1.06665
-1.14405
-3.05935
1.44932
16.3605
62.3139
-7.51089
0.928791
1.70041
-10.5264
3.44332
-3.00017
13.0028
1.98604
-1.17495
3.92288
0.455055
0.517678
-23.0684
-1.16522
-2.02652
0.76009
-0.966939
-0.140449
-6.61843
-0.377013
-2.96676
3.30988
-2.54938
-5.48751
0.221228
-0.771008
0.974381
0.658678
1.53241
4.73004
0.179559
-0.370128
0.902072
0.511666
0.874645
1.07994
7.56496
1.88022
2.65971
-0.887255
133.479
2.12931
48.7464
-0.184225
0.434637
-2.17583
-1.60694
-1.07447
-1.06413
-1.40704
2.20156
-0.708999
-1.00855
-47.1063
-1.63374
-0.183173
-0.65454
1.06274
10.3816
-3.51077
-0.114517
0.338415
-0.094966
-5.37117
1.36049
-0.439903
2.24226
-0.388446
16.7004
1.54606
1.64675
-0.0243761
-2.40227
-0.0661277
-0.652437
0.231586
-0.843666
0.256228
0.524309
-0.538318
-2.14299
-2.30287
-1.34211
-3.98767
-1.24908
0.717795
0.428022
-2.02566
-13.2665
3.34171
-2.73243
2.00264
0.187211
-1.33036
-0.111178
2.73694
0.50203
4.59848
0.113902
-1.82054
-0.373551
-1.08867
1.69437
-0.742653
-0.736932
2.41304
1.03902
0.416689
-0.33179
-0.222882
-0.271432
3.01596
1.50649
54.7636
-0.513696
0.191664
-2.33218
1.96128
-1.99244
2.07322
-2.46629
-1.4426
-0.49117
0.177117
-5.77833
-0.218725
0.175796
0.265888
-1.66374
-2.95604
-3.49262
-0.483991
0.316819
6.70001
-0.838
-2.71491
-0.944424
-1.41808
0.336974
-115.172
-9.63928
0.0873804
0.877393
-0.905774
1.05355
3.17172
1.35317
-1.01136
-0.776986
0.404794
3.23221
0.23958
-0.994626
1.21128
-1.64522
-0.996364
0.525305
0.311394
-0.556627
22.9811
-6.41433
0.633124
-1.01882
0.113241
-0.44172
1.09627
-1.28616
-0.564285
-2.49181
6.27819
0.315789
-1.09211
-2.36621
26.0757
0.323115
0.332967
-0.277422
0.552821
0.239211
0.323701
-0.0597783
1.20923
2.68318
4.03529
0.229499
1.98855
0.511273
1.18591
-2.44972
5.67205
-0.702774
-0.341565
-5.2965
1.38535
-0.265324
2.46966
-3.47164
0.883065
0.476063
0.493633
0.622455
-0.630844
-1.07051
-0.719969
1.9027
0.0437897
-3.77452
-1.66418
-0.0669594
-4.16669
0.147495
-0.532956
-0.808199
-90.9801
-1.27569
-0.128464
-3.65948
3.87328
1.24057
-4.15742
0.340036
9.44564
-1.89889
2.31897
-0.333196
-0.892657
-106.017
-0.034338
-2.79346
-0.0601351
2.32509
-0.680275
0.78128
-0.0664878
-2.92685
4.54963
2.6575
0.778007
0.317466
0.550382
-1.19254
-0.897553
0.889782
1.33648
-0.365888
-1.35523
-0.192355
40.4708
5.1031
-2.13412
1.42363
-0.00784407
4.24191
0.77018
-2.92315
0.154148
22.2043
1.9953
0.804543
0.82063
-7.76026
0.103083
1.33848
0.00587135
-0.666048
2.85898
-1.85626
4.23711
1.25821
-0.342454
-1.05422
-0.0517623
1.34492
23.3074
0.370322
-1.75905
3.36497
1.66199
2.61776
2.75924
0.950013
0.404445
-0.0399157
-2.48877
3.84924
-3.51256
-1.3057
7.20556
1.24623
0.353302
2.74581
-0.1013
-4.18805
0.323386
-1.17357
0.370292
-1.46957
0.485186
-5.31
-0.0982039
-1.02835
3.47528
-3.13727
-2.9168
0.158155
3.96542
-0.151122
2.336
0.681441
-1.53219
4.17469
-0.351017
2.49301
0.981433
-0.125384
-5.03126
0.856104
-1.34969
0.548517
-0.633527
-2.83351
-1.50239
1.28827
0.0106093
-0.760266
3.26699
-1.487
0.201985
16.0658
0.919045
-0.0459689
-0.207466
-0.224611
-0.192147
0.169315
-0.527581
-0.554986
-23.7723
0.328729
2.08363
0.433869
0.957051
-0.620414
4.43156
1.5568
-0.0855198
0.0691984
1.24803
-2.69289
0.493329
-2.68909
2.59039
4.67709
-1.99163
4.65782
1.1365
17.6061
-0.00945531
-0.976358
-2.61555
0.200651
-0.280329
-0.207256
0.758186
-0.793388
-0.663175
0.347405
0.704579
1.81676
1.12268
1.50849
3.06994
18.0683
-0.1437
0.0934497
-0.237656
-0.225699
0.517798
6.46449
-0.268082
1.27611
1.54262
41.1559
-1.27504
-1.25532
-0.869198
-0.360009
0.747349
5.51177
0.17753
1.75775
-1.48493
-0.419019
-0.113652
0.140177
-0.0486475
2.09255
-0.597715
-1.54531
0.427007
2.18542
0.222378
0.188866
3.94407
0.606679
-5.22207
-1283.53
0.390684
-0.767658
-0.539795
1.57421
-5.25933
0.762585
-1.09528
1.39708
0.0451563
-1.419
2.38119
-2.88791
0.139308
1.43308
0.783965
0.025936
-1.75054
0.800164
0.133133
-0.326753
0.328643
0.301032
-5.65905
-0.169099
3.59415
0.571396
32.9097
-0.568136
-0.709286
0.379539
-0.30638
0.0239422
-0.439736
-37.0199
-2.53542
-0.697863
-2.93853
-0.362909
2.01145
-0.178033
6.2427
0.841472
-2.72515
-1.29578
0.485789
-0.538656
-0.495195
-0.631597
-1.28838
-4.53913
-0.0810086
1.9386
1.71463
0.5465
-1.89293
-2.69047
4.31722
-0.942894
-2.8954
15.4427
-1.35764
-18.7897
1.01111
-0.146625
10.8202
0.0635434
-0.36146
-52.9983
0.127259
-1.1462
-0.448935
0.0796179
5.21566
0.178305
-0.695584
-0.617137
1.25936
1.18972
5.63334
-2.88049
0.255681
-0.285253
0.236454
-0.66246
-1.29624
-0.963845
0.661317
1.07514
9.67423
0.883922
1.43702
16.8545
2.04121
0.710192
-3.44004
-1.55387
-0.0920266
-0.273287
0.733892
-1.02028
-0.882786
1.44435
0.0822016
0.609764
-0.0488723
0.648427
-1.01846
2.6239
-0.0175897
-3.04221
-0.590454
1.34952
4.82667
0.071287
6.83321
-2.91375
-0.576626
4.25563
-0.246215
-2.01738
0.198531
0.146405
-2.78336
1.34068
3.00992
-0.341529
-0.151091
-0.77251
12.2341
-1.04349
-5.2546
-0.328778
-0.256013
-1.301
-0.136348
1.982
-0.0880442
0.433257
0.0220155
-0.175795
-0.532924
-0.386424
-5.52609
0.909229
0.526096
-0.725831
1.79461
0.893512
0.665735
2.33782
-1.74542
0.0373237
1.27349
2.32026
-0.0844521
-1.85975
0.615642
-3.50192
-1.17589
5.64534
7.79132
1.67178
-1.08497
-1.48615
0.535006
-0.599814
8.43033
0.555531
41.6439
1.17684
1.03708
58.8148
-0.841442
-3.78299
0.631992
21.5585
-2.03985
-4.35116
2.43153
-1.24191
5.7554
-0.942031
-6.18846
3.16371
0.247494
2.4081
-2.88016
-0.369055
0.174511
-0.729942
-0.131073
-1.50496
0.296117
0.259155
-3.61432
-30.7906
-0.0219745
-1.50693
1.84267
0.580241
0.506799
0.562476
-4.37575
-0.884113
3.6033
-0.456667
-4.15667
0.505213
-1.84967
3.37668
-0.152278
-0.317298
-0.774262
0.132245
2.26624
-0.0723322
-9.64937
-6.13918
-0.806832
0.791944
-1.0853
-0.290271
-1.51186
-0.976149
-9.29064
1.46192
1.99877
-1.06665
0.350694
-1.04606
-1.36931
0.73435
2.37954
-0.670781
-0.979433
-4.90785
2.19721
-0.302846
1.04516
-1.63548
-3.18425
4.82601
-335.987
-0.857329
0.841934
1.08766
-0.442264
1.57493
0.9447
0.0821442
0.540073
0.241471
-4.50316
13.0742
0.878119
2.66385
1.07184
-9.44869
-0.0391192
0.143976
-1.93757
0.75704
1.09929
-1.58545
-1.10584
0.0997747
-2.23585
0.138503
-7.62068
0.820145
-1.51744
0.599561
-0.573677
0.489005
-0.638483
-0.909778
-0.415914
2.42691
0.248782
-0.971634
-3.76323
-0.432603
0.220941
5.51978
-0.470637
-8.87239
-21.1554
0.466794
2.30989
-0.734774
8.07429
-1.35585
-4.78453
1.94503
-1.45165
-0.291694
1.01455
-1.10911
2.83284
0.18728
12.924
-0.159956
-3.84201
-1.18607
0.0670714
-1.282
2.45333
0.219521
1.58962
-6.41327
-2.67491
-1.88258
0.148835
3.55289
-0.460347
0.413734
0.667652
-0.23362
2.66721
-1.37743
-0.344476
-0.051813
0.229008
-0.31462
-0.364266
-0.643466
-0.382642
3.4603
-1.26203
0.958828
-0.451586
7.13968
-2.4589
0.734214
0.921264
-1.41592
3.13926
1.3662
-2.29047
-0.142394
-0.343226
23.7503
-0.0229987
-0.935759
-7.30558
-5.82829
0.711341
0.266649
-1.24626
-3.21807
-0.278871
0.708137
0.382601
0.389972
-0.922644
0.228078
0.234983
-0.161447
1.36761
0.81991
-0.0673293
-2.68265
-0.465655
2.76258
-1.55451
1.86713
-0.584901
0.178122
0.410899
2.51423
1.79331
0.256719
-0.0138262
-1.10512
-0.178691
20.1612
-1.25988
0.248675
2.08687
-1.03733
-81.9711
-0.28586
-1.28126
-32.2579
-0.401257
-1.44004
4.62642
0.611105
1.34661
0.248913
1.11011
0.744067
1.36624
-0.202486
11.7016
-2.17929
-0.313179
1.60096
-1.05997
-1.56991
-5.88408
0.129494
-0.448118
-0.727555
3.27163
-0.0162929
-1.19018
0.877779
0.969966
-0.119592
-4.37812
1.50402
-0.621551
-0.0727768
0.971183
-3.4435
-0.334258
-0.0873145
0.974966
0.112342
-0.864779
-0.500274
1.34837
2.52347
-2.38632
-1.87738
2.71792
-0.29425
3.20693
-0.0753825
-0.506933
-1.7097
-3.63527
1.39141
-47.9838
18.1015
-3.07082
5.31904
4.02727
-1.37769
0.648913
-1.42455
1.53531
0.273657
8.82168
-0.180441
0.509386
-0.912337
0.239525
1.43323
-0.157072
-2.03039
0.214049
-6.71907
2.91782
0.823313
-0.233014
-0.395392
0.739311
0.560264
14.3014
1.90851
-0.432658
-1.89055
-0.13591
4.01535
-0.780117
-0.632154
0.1948
0.0818247
1.27652
0.793683
0.95824
-3.72282
-2.21243
-0.955868
0.168139
1.58426
-8.55599
0.17014
-0.671991
5.62051
0.656612
13.7629
3.28588
2.3817
2.36559
-0.115623
53.8669
-1.42452
-1.09793
-0.276808
-0.288428
-0.0289033
-2.07929
0.405971
-5.22235
0.821448
-0.768675
0.485595
-3.47709
-0.735588
0.0881548
0.0446859
0.408114
0.221013
6.13377
-1.04817
2.17048
1.30961
1.47314
17.0465
1.56814
-0.523465
-0.753846
-0.751875
-0.0264402
-0.756765
0.557098
-0.20276
1.05822
12.5043
1.77331
-6.19073
1.29455
1.33533
7.94698
-1.24309
-0.973648
2.41142
6.75118
-1.12181
-2.63136
0.784562
0.412536
-3.6854
-0.64743
0.12193
-0.444861
17.2455
-2.41857
0.0805663
13.7318
2.74149
-0.214768
-0.00582396
0.476347
-0.0926862
1.50669
-0.578716
0.416905
-0.48161
0.343076
0.70833
0.74687
-2.04223
1.5955
-0.789889
2.39365
-6.30524
-1.59912
-0.976752
-0.365611
0.416088
-19.8162
5.28819
0.509031
-0.134155
-0.23735
0.457345
-138.72
-0.968655
-0.535009
-0.0471031
8.11746
-1.0265
4.02894
-1.21167
3.86973
-0.756123
8.14926
2.81849
2.36294
0.518185
0.634898
-0.995723
-1.43284
1.09184
0.455723
5.92018
-37.0763
-11.2965
-5.06067
-1.27602
-1.39729
5.34826
-0.249644
-1.47528
0.244971
0.0980862
-0.0911714
0.251814
-0.814034
-0.0110491
0.350619
0.970099
3.66878
9.02698
1.45403
16.2851
-0.111863
-0.799747
4.94428
-5.48288
0.214805
1.11824
0.763224
1.03966
-2.2561
1.24864
-2.88389
0.0646277
2.37583
-1.96503
0.134365
3.42271
1.2157
-1.55653
0.107885
-37.7642
-3.43888
-0.401473
-1.31292
-0.115842
1.07923
-2.93661
-0.321187
-0.713407
-9.34412
-1.27192
0.590686
-1.27646
-4.59516
-37.7872
9.44903
-0.25858
-1.0342
-0.0549545
-0.724178
2.31451
-2.28553
-1.31753
-1.84722
1.73584
0.6122
1.64213
11.3095
0.418711
0.507291
0.15834
-0.210729
0.335064
3.15162
0.196254
4.74552
-3.6449
-0.205064
1.03459
3.85994
-0.362789
2.21336
0.82993
-0.123411
0.386618
-0.775446
-0.385062
1.52667
-0.399449
-2.50211
-1.20811
-0.862232
-3.01046
2.95083
-0.122521
-3.76973
-3.01256
0.435562
-1.47264
0.897326
-4.44628
0.933506
1.06851
-0.337138
-1.99106
-5.01944
-0.177881
1.45758
-1.01952
-6.33549
0.805709
-0.401846
1.23434
0.405643
-2.99825
1.58626
-0.0342032
1.13459
105.222
-3.15242
-0.116816
-0.298851
-0.465137
7.0388
-2.39838
0.133079
0.867968
1.95477
-1.03066
-0.823821
-0.287215
0.157499
0.69532
0.83873
-0.498688
-1.34439
-3.04973
-0.871708
0.00685013
-1.83198
-4.36978
-0.268821
-1.88613
-0.595832
-2.45088
0.00137904
-1.79093
-0.367692
-19.4622
0.129929
-0.259631
0.291816
0.455332
0.404449
0.182273
0.000878048
-3.36558
3.28288
-1.04151
-0.260691
-1.3887
1.37152
-50.1628
1.39481
-212.714
-0.633248
-105.237
-0.141053
0.0371937
-1.43685
0.468052
1.33858
-0.653627
0.850363
-0.133348
10.1003
-1.20846
18.613
-1.30812
-2.76728
0.325453
-0.542931
0.036576
0.142455
0.37129
3.17736
-7.66812
-1.34754
5.32055
2.07605
0.39034
-5.87011
-1.16065
-0.68082
-1.90751
1.7672
2.28334
0.384402
1.78366
2.60834
-0.555829
1.11567
-0.00905611
-0.614653
0.640678
1.99874
0.113489
-0.145037
-0.436957
-1.83755
-0.453028
0.193275
-1.74795
4.34517
0.953529
-298.229
-1.66238
-0.639145
5.35675
1.46681
0.799434
0.366046
-2.03175
0.443533
-1.11057
-1.43107
-84.801
-0.837532
1.94246
-0.435934
0.961795
0.562126
1.04802
0.0664435
1.12218
-0.129323
-2.33419
0.641598
-2.08914
-1.25314
0.559825
-9.74673
2.69885
-1.01805
-0.0841717
-0.371187
-0.006841
-3.154
-0.104179
-1.52719
0.300387
1.67779
2.30901
-7.17626
-2.65579
8.60931
-3.99869
-0.297395
43.9601
-0.524551
-0.037143
-0.628163
0.65705
0.856657
-0.0729258
2.60376
0.0294329
-0.578212
-1.48053
-0.297473
-1.56119
-0.925112
-0.71138
1.79805
-0.0904119
4.22717
-0.211364
-0.164891
-0.342532
-0.371476
-0.557751
-0.429988
1.98789
1.92619
0.290784
1382.57
-2.43021
-3.35965
2.64208
1.30367
-1.88887
-1.7727
0.465598
0.053954
-29.4503
-4.40616
-6.45831
-0.0136105
-0.149061
1.50627
-0.847186
2.03702
-13.2287
0.0253145
3.6873
-0.503534
0.216335
3.65282
-0.263613
1.34502
0.305246
-2.042
0.422301
0.389389
-0.306326
1.82961
-3.14158
0.352508
-0.343733
0.396349
-0.483074
-0.383601
-0.206361
-4.47678
1.12952
0.364535
1.13736
-3.83933
-1.54796
0.0813693
-0.633934
1.49134
-1538.73
1.2479
1.55612
-4.42709
2.11459
-1.36863
0.69739
-0.308769
0.227217
-0.37603
-2.71919
0.663384
-0.0352993
1.95555
-3.57277
-0.046129
10.1729
0.30268
-3.90546
-23.6899
-3.53605
0.888635
-248.243
4.85825
-0.831309
-1.54275
-12.5429
1.70068
-5.63963
15.5982
-2.24227
0.31968
-0.066406
-1.25612
1.39588
0.295597
0.129109
-1.55504
0.974487
1.14892
-2.42374
0.991006
-2.24834
0.614653
0.738828
-0.0569671
-1.50926
-0.0880379
-0.185869
0.292343
0.257902
3.71377
2.41792
-1.3224
0.179393
-0.0891474
1.47271
-6.51459
-1.79898
-0.319778
0.426773
-23.4398
0.0915931
-2.69729
0.513539
0.838494
0.384314
0.145084
0.86228
0.220299
-0.669372
2.83877
0.767919
-0.66985
-0.621927
-0.195437
22.9593
0.93544
1.08945
1.55751
0.894998
-0.146785
2.0541
-0.115153
-9.75681
-0.661859
0.518419
0.143878
0.186742
0.232373
-1.35823
-1.43986
6.86042
-1.01568
-4.54254
-0.835907
0.285163
1.11122
0.390037
0.178347
2.0395
-0.23044
21.8614
-0.15427
0.567407
0.766424
-2.1244
-0.840688
-0.690859
9.23861
8.20363
-1.56975
-0.521149
0.22732
0.922066
0.301028
0.734513
-38.5365
-846.823
-0.0298713
0.288743
18.1528
-2.53596
-1.08292
-0.0225868
-4.0495
0.171516
-0.667266
1.45824
67.6135
-1.46383
0.746539
-0.511971
4.3561
0.612169
-0.946159
-0.480831
-3.58909
-1.97341
1.21876
-1.39795
4.93946
-0.648252
-1.73176
-0.348863
-1.6024
-1.07015
-0.476222
-1.74674
-109.25
1.25477
-0.256299
-2.01501
0.629926
-1.97975
0.0277808
-0.241636
22.7726
-0.564785
-7.55403
0.281849
0.18226
-5.41993
1.86374
4.51104
0.532698
3.84712
0.191407
-0.0339498
-0.231866
-0.576063
-2.14167
-5.01566
-1.66979
-4.1667
0.504497
2.85076
0.574338
2.38313
-1.05472
-1.8128
-3.69071
15.1228
0.126289
9.66031
0.157592
-3.10007
-1.07162
7.95223
2.10836
0.438152
-1.27138
-0.875103
-0.265109
0.31491
3.50035
4.39284
4.20362
-1.39087
-0.512271
-0.28963
2.0309
-0.301123
-0.150861
-0.0106146
-1.00715
0.000584854
-4.15455
-3.27381
3.0871
7.99813
-0.112585
-1.48245
-0.244456
0.50292
-0.12542
0.300969
-0.817436
0.580026
-1.15026
0.529361
-0.756202
1.70491
1.39887
0.288511
0.580707
-1.96425
-1.04233
0.312906
-3.28745
-1.0152
0.638532
-0.216188
5.8215
-2.38824
-6.62585
0.304368
-2.66125
-1.47544
1.23728
1.26249
0.0890002
5.39402
-0.7158
1.71177
2.78916
-0.866009
0.0264926
0.651667
0.608014
0.992705
-1.86836
0.831151
3.62335
1.53155
-0.561845
9.733
1.80381
-0.56558
2.60369
-0.252749
2.32969
-0.44016
18.8253
-2.11489
-6.49881
0.34097
1.28155
-0.925886
-0.335097
-0.377303
-0.665145
0.360354
-0.757869
0.693656
-0.337865
-5.17655
-0.456475
-5.78885
-7.62853
-0.595209
6.14259
1.01269
3.07229
-0.556304
0.643588
-0.897287
-1.39431
1.80031
-1.24291
-0.448313
2.98127
-0.199532
0.443982
0.941188
-0.432541
0.761484
0.289503
0.408169
-0.358147
0.1069
0.827522
-0.794992
0.811165
-0.436261
-0.515419
1.77662
-4.79235
0.162802
-6.96555
-1.12899
1.05614
-0.466764
-4.78386
3.42201
1.80789
10.7768
-1.29119
16.2069
5.04793
7.37713
-2.01571
-0.503141
0.656066
0.123645
0.913257
0.922026
6.90509
-1.35356
-0.362892
5.6923
0.873145
2.51574
-23.5446
-0.463081
2.4057
-0.5283
0.211815
-5.82013
0.394062
62.9026
1.15262
-0.369919
-22.8541
0.577501
-9.47283
0.294212
-1.63958
0.607801
-4.26119
-1.61181
0.29498
0.776746
-0.479282
0.400764
-0.75611
1.31696
1.63697
-1.09929
-1.83235
3.38776
11.5711
0.410416
-1.89791
0.063464
1.6571
0.566502
1.42185
0.359536
2.0295
-0.33277
0.5959
-0.28613
-0.592355
1.13397
-2.3465
0.00309721
-1.1883
0.381799
-1.08925
-0.285173
-2.42503
1.53654
29.2956
-0.220653
-0.90997
-10.386
0.88608
1.00591
-1.91397
4.31163
-10.1461
0.437114
2.60254
-0.623017
1.44287
0.936137
0.48108
-2.14158
14.4873
-0.567209
-0.110398
0.339487
-0.163035
-0.122312
1.07775
0.318102
0.737886
1.36414
0.624872
0.210281
1.37866
-0.447149
1.40435
3.45569
-4.50975
0.77688
-0.793058
-0.853664
-0.860745
1.06932
2.67309
0.460535
0.170369
-26.1605
64.6091
0.397195
4.19698
-1.4067
-1.50784
5.31984
0.426787
-2.76615
-0.678738
-0.302383
-2.82103
1.05931
0.662919
-0.410345
4.41821
-0.0407397
-0.223319
-3.18847
-0.335685
-0.989911
-0.159545
1.73448
-1.46388
0.776368
-1.88129
-1.346
1.25273
-0.823592
-0.257581
0.430017
7.44438
1.85234
1.63081
-0.601746
-1.80426
-1.07283
0.947414
0.958711
-4.69945
-1.0115
-0.86796
1.91544
-6.61555
-1.51896
0.344582
-1.31765
3.29363
1.36354
1.47152
-0.990659
0.41855
0.418217
0.389473
0.458652
-0.176658
-0.0769015
-1.11882
-2.32698
-12.3608
-1.45616
0.687274
3.99691
-9.14254
-0.41753
1.88862
1.35967
2.77959
-1.26266
-0.124826
-5.9981
45.0977
-2.98726
0.056694
0.28581
-1.23487
-1.38968
-1.20917
-2.98312
6.08164
0.267603
1.06342
1.15552
-0.0975079
-1.33772
-0.365554
-0.470522
9.54353
-1.01763
1.54026
-2.05911
8.58176
-2.82048
-0.0220876
0.328591
-0.156012
0.444364
1.3366
-1.05326
0.082778
1.20992
0.627276
0.0624635
1.45588
-0.395708
1.46303
-1.13938
-0.220422
-1.98373
0.936832
-0.720969
3.05734
0.39961
-2.02915
-0.27084
0.325957
-1.68823
0.626872
-0.534825
-0.985009
1.16303
-0.121181
-0.226337
-3.50577
0.697644
1.21839
-2.28287
-5.51864
0.891005
113.306
-8.71389
1.73456
-1.1691
-1.1767
-0.977475
4.38437
-0.158293
1.53987
0.369973
0.654318
0.286619
-1.39856
0.233319
-0.169796
4.79065
-4.41044
-0.942016
0.730655
-0.0337946
0.178664
0.133579
-0.107535
0.415275
-0.805234
0.221055
0.864506
10.6122
44.8861
0.590123
-1.34549
-1.56652
0.56433
-7.74776
-1.07794
1.1485
0.906412
-2.26569
-3.23178
0.548908
-0.215326
-2.09093
-0.121242
0.285437
1.07785
0.120171
-0.221629
-3.0351
-1.49456
-15.5469
1.13728
-1.20098
0.172923
1.77064
1.02998
0.0124591
-0.831931
2.19188
-0.50791
0.438384
-0.486696
-0.407567
-6.23553
-1.34977
-1.25928
3.33933
-2.1057
2.89673
8.95174
-2.604
0.680248
0.493208
-3.79098
-3.39274
-6.31423
-6.97083
-6.53529
13.6511
-1.81799
0.212452
-32.1884
-0.45276
-0.191085
1.71225
16.3985
-0.528974
0.195737
0.185472
0.435719
0.470252
2.78431
-0.480769
-1.36117
0.884089
2.5895
-7.16011
0.27167
-0.346048
-1.12403
0.427633
-2.99473
0.199079
-7.01936
0.496226
-8.55761
3.83498
2.00598
173.325
-0.214763
-2.0877
0.843162
7.13928
-1.16589
-1.20654
-0.80662
0.0212916
-1.1303
0.932742
4.97809
0.703231
-12.2113
0.207747
-6.37002
-2.43451
-0.834744
1.78637
-0.257706
-0.791329
0.137173
0.621106
1.35542
2.70698
-3.86242
0.103834
1.04383
1.52194
0.867235
0.254952
0.732586
5.17039
-0.457647
-4.26836
-0.729055
-0.373204
-32.2021
-3.4419
-2.24459
-0.116561
-3.04387
0.164049
1.98748
2.81543
9.42171
7.87084
0.381001
0.0560613
-4.9444
0.980627
-2.30804
-1.78634
-367.462
0.56392
-7.71919
1.13672
2.72469
-2.75414
230.642
0.0965828
-5.79287
1.77797
-1.7249
-2.37887
0.608915
3.31416
-0.080553
1.21868
-0.563912
-0.45686
-0.367519
-0.929186
-3.01226
-0.0196193
0.0291369
0.0239892
-3.85932
-2.80463
1.15983
-6.71235
-4.17532
1.07459
0.136991
2.18399
-0.622901
-0.707287
-0.368622
2.47736
2.61023
0.784494
1.72288
0.790347
0.740085
0.244558
2.42943
2.99251
2.95239
-1.47224
0.157747
-1.56473
-0.76852
0.43431
-0.599026
-2.51861
1.12887
1.09009
0.544639
0.324952
-0.197863
0.243524
-0.269555
-0.142395
-1.52497
1.00627
0.197535
2.056
0.480478
3.25358
1.38565
0.407472
-2.83456
-0.339306
0.0707373
-2.25549
-0.147446
-2.59969
1.54577
15.0937
0.22548
-1.44001
2.07938
-5.62872
-0.38001
39.524
-0.227172
-1.16526
13.62
-0.464593
3.31372
-1.11451
2.10349
0.0443868
-0.12807
-9.93182
4.60334
-0.111668
1.17131
-1.44348
-1.63449
-0.18676
-3.2544
0.141492
0.313047
-1.56535
1.90316
0.859769
-0.0138151
0.075965
0.551608
1.40103
0.196419
-1.18995
-4.42234
0.39281
2.16206
-0.417125
0.594478
-6.80653
-1.00605
-0.321846
-10.5396
1.29686
-1.1391
15.3442
-1.91464
4.35289
1.73809
1.86152
1.12992
1.63915
0.0831754
2.27169
-1.03004
0.392396
0.687361
-0.491542
-0.299189
3.25094
0.938278
4.03336
-4.85483
1.53036
-0.437934
4.57964
0.0588838
-2.14977
-15.6349
1.82346
2.0122
0.48945
-4.20349
-0.252006
-0.78224
-0.762874
1.49937
-1.0466
-0.345168
-0.107516
0.723383
-0.584874
-0.180724
3.74861
-31.5157
-0.209509
0.74223
0.232786
-0.489477
1.26225
6.33726
2.34436
-2.30634
1.45588
40.8706
1.32236
-0.197356
0.451357
-0.0101148
-1.00048
0.0521749
3.17981
3.32497
32.6755
-1.23756
0.733969
0.924434
0.73399
0.197503
-2.96757
-8.2173
-0.150552
5.3575
-1.4533
-0.645323
-1.90918
7.24725
59.9355
0.762066
-1.41611
-0.0608485
-1.04946
0.587271
4.46385
7.32046
-0.464998
-15.0816
-1.90628
-0.0732307
0.396177
0.257727
-0.888307
0.646065
1.77981
-1.31785
-0.877003
-11.7558
0.22609
0.124263
-1.06573
-0.215143
-1.37146
-1.25475
-0.0248906
2.74307
1.52364
1.96599
-5.40778
-12.1364
-0.624486
0.310676
0.520551
-1.3176
0.696336
0.0720418
1.35708
-1.71281
1.0527
0.538812
-0.906569
1.09484
-0.126756
4.96528
0.0108506
1.77509
38.9821
2.58972
-1.31913
1.05918
0.839509
-0.841425
0.727656
0.69975
-0.609104
0.445599
-0.731571
-3.08564
-9.24392
0.979857
-0.71431
0.0738539
-0.253473
-2.52501
1.34825
-1.14569
0.443263
0.149456
3.94076
0.653483
-0.0504169
0.50004
1.1024
-0.10835
-0.61134
0.463983
0.214105
0.312851
-2.95664
-2.22135
-0.466009
2.4971
0.0800574
-0.896366
1.05474
-1.03236
0.918374
3.26639
-33.7763
0.607528
-0.201979
-0.86021
-16.1816
0.763752
1.79085
1.03626
-0.0590313
-2.7558
-0.379716
-1.73417
1.23705
0.766634
0.492605
-0.76723
2.27471
5.50026
-0.736215
12.3248
0.682744
-1.45845
0.356619
0.13615
-0.1404
-0.404631
-0.557406
2.32365
-0.795201
3.97681
-0.103612
1.94295
-0.0170401
0.204055
0.616537
0.228965
-2.61553
-2.89306
13.2835
-19.6149
2.351
0.327137
-0.263059
0.021149
-1.18927
-8.02925
-0.805426
1.03164
0.631334
-4.59923
0.645097
1.08908
-9.06592
1.16772
7.12991
-0.387484
0.632133
-3.6216
1.57067
1.43335
0.562036
1.51099
0.481571
1.40951
0.603165
2.78648
1.25172
9.34686
0.275063
1.64547
-0.301109
1.09945
1.06897
5.17831
0.552183
0.765545
0.931581
-0.374531
0.664433
-0.392744
0.0248752
0.116399
-0.641207
0.580546
-92.8906
0.918412
3.71713
4.67981
-78.6896
19.8437
-1.04899
-0.116705
-3.46779
0.244438
1.30025
5.70845
1.59846
-0.993208
-0.030526
-0.819015
1.56643
2.29205
-1.54814
0.0885085
2.44543
-1.63097
1.45838
-1.0864
1.47215
0.620091
0.723826
-90.5673
-1.58355
-1.5851
2.90589
0.00510302
0.173045
-19.4475
3.10922
1.32622
-0.0160424
0.0512905
1.42871
-1.26076
3.041
0.942287
-1.88273
0.303847
2.85564
-8.73147
0.061928
-1.91112
3.92284
-0.188489
-1.98458
1.43393
-1.38375
-0.0758593
0.476509
-1.38635
-1.34129
-0.416865
-7.88697
-0.938828
-0.521446
-0.866336
-0.945345
0.155554
0.0451251
-0.272611
-0.888118
-1.40465
0.410772
3.16464
5.9232
0.852568
2.32615
-11.2725
-55.1722
0.100186
1.57578
0.937777
3.87895
-0.547877
-19.0887
-0.908696
-0.961057
-0.368668
-0.873581
-0.185508
-0.577625
0.515063
-0.77781
1.26753
0.361666
3.18714
1.42931
2.05205
0.90107
2.36258
2.74931
3.38299
0.476294
-0.65693
0.265993
-0.155716
0.527634
-0.870706
0.134228
0.562289
6.75205
-0.673997
1.7664
-0.871932
-0.449214
-8.5072
0.226115
2.98602
2.42506
0.552341
0.0350112
-0.268174
1.10115
3.67772
-0.506607
-0.384295
1.45667
-2.6734
1.40802
-8.23974
-0.239499
0.420489
-1.6091
7.53286
-1.24854
0.253379
0.303423
2.30858
1.21895
-6.23869
0.0695822
0.651908
-0.931796
0.221288
1.23144
-0.874581
-0.0801388
-1.50302
0.702968
-9.34212
-2.87183
4.23066
0.0758127
1.39693
1.80607
2.7489
3.01468
-3.07543
1.83724
1.50839
-0.492405
-0.648749
0.124033
-0.428879
0.644251
1.63013
-4.3213
26.8259
-1.17791
0.262863
-0.487724
-0.0351943
1.38531
-0.958671
-1.83784
-0.549599
-0.240409
-0.260731
-2.57615
1.31728
-0.117331
1.67358
-3.29994
0.774565
-0.268648
-0.434901
1.27438
-0.476228
17.2595
0.548982
-8.44833
13.7796
0.161799
2.62448
0.686315
-0.388048
1.64048
2.57118
-0.0109875
-0.247196
0.712934
-9.19915
2.90414
0.191037
-4.75076
25.1552
-1.93541
-0.445163
1.07207
0.992112
0.902463
-1.10622
-1.19825
-1.35965
-0.565355
-4.17449
-2.85328
0.226974
-0.0267118
-0.667862
0.010441
2.53442
-1.82589
5.62291
2.46052
5.609
-1.20556
9.4376
-0.129461
4.2392
-0.816119
7.41107
-1.32572
-22.8669
0.807649
-3.22464
-25.5694
-1.10622
-0.56022
-0.275528
-0.559343
8.2866
0.468485
0.23051
3.22168
-1.88664
-134.933
4.79138
0.474486
2.03338
1.24778
-0.978695
0.0936137
27.1039
0.807673
0.898695
0.0617383
-14.3923
0.00124454
1.14986
-1.62207
-0.0265145
-6.49408
-1.66865
-1.17817
7.35738
-0.981682
-3.17005
0.533584
-0.258392
0.800824
0.266012
0.193065
0.924531
-0.53216
2.30075
-0.534975
-3.76299
-1.05836
-0.453593
-0.000341984
12.329
1.16722
0.0314167
0.339213
4.54368
-0.850169
-0.497774
0.64186
-0.826824
-0.977333
-2.99581
0.414826
-1.80885
0.166535
-0.108483
1.58098
-0.916652
-0.460655
-6.43357
0.49293
-0.532281
-0.00365691
0.388889
-37.6864
-6.72478
2.15624
-0.004027
0.267866
-3.6933
-0.0179676
3.67032
3.72676
-0.706866
-1.98494
0.159072
-5.30865
0.678971
1.18774
-2.62633
2.91228
1.65186
2.17735
-1.14976
1.61389
2.49009
2431.37
-0.436906
10.6108
0.360986
0.478044
-1.12847
0.244743
-0.00488355
-0.21877
-1.16317
0.962204
-0.110259
-14.4369
-0.139635
-1.46498
-0.841899
1.47461
4.18087
-1.50668
-1.96054
-0.0304712
-0.757968
-0.5917
0.297114
1.87694
6.19651
-0.585419
-10.2351
0.652916
0.717088
-0.103549
-0.918911
-0.475138
2.05349
2.2521
-0.936526
0.932475
-10.6228
-0.722917
-0.416521
-3.24112
-0.380561
0.422399
-0.0536242
1.24458
0.603359
0.221565
-2.77672
-1.88202
1.72005
16.4278
-5.01381
0.291977
-0.24501
-0.908622
0.406962
-3.20381
0.76794
-2.57826
1.74751
-0.476488
0.529995
-1.02911
3.95919
0.600288
0.535441
-1.08584
-0.398911
0.570142
-0.975179
-1.04903
1.20369
-1.16714
0.527941
0.427022
1.58495
0.160484
-0.591448
-0.869924
0.606484
0.864705
-0.0401636
0.540346
-1.97546
1.06126
0.727335
-0.186749
0.939039
-0.118748
-0.0306723
0.493127
-4.8943
-2.40718
-2.02595
-1.92674
1.04208
-0.43451
0.223787
0.5084
-0.530873
-2.83903
-0.178787
0.765706
-1.99483
-14.0738
-0.012868
-2.12812
0.940458
-0.075951
-1.70719
-0.667715
-22.3389
-0.908161
-0.109222
0.245903
-0.372235
-2.11918
-0.867318
-0.0836266
-1.54061
-0.0232042
5.60467
2.67445
0.964183
-2.22231
-0.209051
1.37369
-0.797246
0.258528
1.18417
1.71401
-5.17749
0.961706
-1.5252
-1.37612
2.03296
-0.111563
0.244141
-0.784461
-0.483883
1.22848
1.40902
-0.0675218
-0.169441
-0.444192
-0.396474
-0.291217
4.74236
-15.1943
36.9464
-0.594435
1.28347
0.596457
0.270559
0.727106
-0.293205
1.05919
-0.661032
0.876708
6.24187
-0.169384
-1.95455
15.1436
-0.884067
0.159604
-0.254388
0.876183
0.0811394
0.395948
-3.63134
-1.01283
6.51979
-4.33308
-9.0064
0.485508
2.22223
1.34563
-1.43562
-0.144983
-0.17631
-2.01836
0.833906
0.472928
-0.711269
0.874592
-2.94342
-1.91956
-0.268941
3.33998
-0.254321
0.853667
-0.240537
-0.211065
0.228547
-4.5888
2.19711
-2.55624
1.10243
-2.38759
-0.496558
7.86487
-6.5583
0.167716
-0.796373
0.463893
-1.78327
-3.82707
-5.3761
1.37406
0.101819
5.73735
-0.400146
-9.91667
0.522933
-19.6081
0.684498
7.0026
0.669989
1.63617
-0.951165
-0.56709
0.141569
-2.38313
5.11249
0.490996
-1.07395
-1.67796
-1.37338
9.32975
1.5302
-0.485412
-0.304529
0.591867
0.452549
-0.293217
3.51256
1.19603
-0.74636
1.1712
-16.5224
-0.272348
83.9451
-0.439946
-0.647941
-0.853262
0.38863
-0.492583
-0.150064
0.0332529
-0.626555
-2.36971
2.39124
8.18101
5.60163
-2.11404
0.251938
-2.2368
17.7291
1.10091
-0.289376
1.9361
-0.11544
1.67691
5.45348
9.0781
-0.0711872
-40.5563
-0.0476428
-2.8663
0.583946
0.897443
-0.946714
1.27382
-0.0839934
1.14591
-0.876654
2.27808
-0.335798
-1.88822
4.7196
0.944668
-2.8208
0.354902
8.87819
-1.64513
0.529375
-1.89724
0.350668
-1.25435
0.242108
-6.5858
0.797219
-4.31722
-1.30411
0.788866
0.845342
-0.329004
13.7254
1.77862
-4.0185
2.26138
6.17786
-0.732233
-2.55874
-0.0592422
-0.153356
-3.92104
106.667
0.0357249
-8.83895
1.72728
0.463882
-0.0395504
0.250739
-0.861234
-0.718
-1.97788
1.44972
-6.68534
1.16314
1.17792
-6.39502
-1.01383
0.898239
1.46507
-0.0938618
-1.02273
-0.612598
-1.5951
0.397398
57.5724
-0.0274225
-1.0277
0.176563
-0.107113
-3.72549
1.27515
-0.585899
-0.313259
-0.684839
4.10686
-1.85632
-10.7322
0.133156
-0.323428
-145.503
2.84676
-7.15325
-1.8154
4.92882
0.0118571
0.420194
0.309192
-146.856
5.03631
1.38249
-0.304851
3.15061
-6.01428
-0.157141
-0.0773072
-0.767602
0.00160989
0.218057
0.639573
9.5969
-1.4841
-3.30997
-6.75058
0.926717
-0.488749
-0.362051
-1.8426
-0.8675
4.21331
-0.310527
-0.988276
0.748795
-0.664284
-6.7193
2.82443
-0.767262
-0.608259
1.63511
0.504935
3.61181
-0.522426
-0.841498
0.713797
0.737192
-0.163206
-1.04927
0.940371
0.268144
0.359935
0.0166285
-1.57164
-9.08776
0.702818
2.06292
6.28085
1.74292
-0.469938
-2.95943
3.4947
-3.26611
0.173103
-3.92705
-1.01512
-0.413546
1.1768
-1.62246
1.0021
-1.8905
0.976817
-0.145259
-0.242477
-0.130469
0.607545
2.14484
-0.63215
4.23609
1.06896
0.311762
-25.2346
-2.76362
-2.41443
-1.75356
0.429702
-0.73937
1.36924
-1.80965
2.09938
0.443966
9.99021
-0.673829
1.78472
1.96772
-2.69581
1.70767
-0.549962
-0.389208
-1.18796
0.391595
-1.58889
-1.9792
0.933977
-0.575165
-1.10225
1.53487
-0.32903
3.11174
-12.3049
1.37955
0.453183
-0.0881361
-1.09669
1.59895
0.762807
-0.363233
-2.91802
-0.772414
-1.2518
-1.49288
-2.63832
-0.681459
-1.71953
-1.59164
2.14288
0.301925
-0.851035
0.489323
0.126847
-3.74365
0.370932
-1.38242
9.82644
0.163337
-0.572727
-0.57195
0.092734
21.5013
0.311507
0.771788
30.3934
-9.44157
-0.498211
-1.31276
0.211463
-0.660851
-1.45768
-0.676058
-1.47235
2.16099
2.22433
1.62789
-0.486852
0.0447952
0.711948
-0.0262557
-0.0353245
0.0506869
0.0178619
0.120148
-1.12723
-2.11707
-1.10427
0.672265
0.217623
0.351556
4.44101
0.670977
-1.30251
-3.22607
-1.02181
2.38658
-2.37579
-2.30727
-2.15229
1.67893
0.685426
-2.0927
2.94335
0.578686
-0.815543
-0.05607
-1.37285
13.1367
1.58989
0.655516
-0.480507
10.0895
-2.4741
-0.922808
-0.436435
2.42106
-0.0657274
1.70523
-21.6923
-2.59458
-0.309574
1.84192
0.33085
-0.725395
4.67989
0.83403
0.158817
0.225744
-0.311389
0.73698
-0.0758878
-0.444197
-2.19655
-2.26005
4.95277
-2.74772
3.43832
0.18296
0.0118538
2.44783
0.598082
-0.475745
-0.609167
0.229563
-0.430719
-1.05548
1.89642
0.632471
-0.518705
-0.468652
1.7691
-3.4752
-1.51104
-0.431046
-0.253456
-4.93746
-0.193194
-1.45294
-1.07547
2.46055
-1.95184
1.22331
-0.258087
-1.74838
0.253652
0.715827
0.125475
0.0798759
-7.43111
0.958817
-1.29702
-0.307651
-0.739971
-0.0430536
-0.104657
1.58689
-0.461042
4.96165
0.479026
5.68772
-1.29895
-1.63965
1.91547
-3.30453
-1.20206
-1.24573
1.08068
-1.6906
1.96847
3.29132
2.70206
-3.73372
-0.420664
-2.22598
3.33105
-1.41345
-1.76219
-2.02931
-0.496644
-0.576968
-0.310576
-0.967944
-1.28107
-0.343252
0.440751
0.955852
0.490981
-2.91586
-5.29512
-1.19101
0.0168014
6.08054
-5.61178
-0.872516
1.15522
1.53982
0.865079
0.377057
0.389753
-0.246765
29.3251
0.485249
-1.14368
-61.3851
-4.73707
0.224076
-4.35526
-0.431637
1.50334
55.5664
1.06503
1.4994
1.25053
-1.54839
-1.59778
5.98965
-0.106959
1.83027
-8.10257
68.3359
0.215328
0.606432
0.104916
0.202673
1.54449
0.0535401
-1.12196
-0.141673
-2.02894
-0.56189
3.50219
0.159015
0.681452
2.49206
-0.11213
-0.740852
0.0801564
-0.954778
0.174741
1.99502
0.117893
-0.811884
-1.4711
-0.299695
-0.486177
1.38155
2.2142
0.967545
1.0458
1.85973
-0.153781
0.181387
-0.157175
2.51586
-0.0355362
0.234682
0.573482
6.74905
-7.14972
-11.1663
-0.145868
42.3964
1.44199
0.050397
-2.68255
-3.43885
0.248457
1.09117
0.551574
-9.19972
1.5644
-0.432578
1.00816
2.66256
-0.213263
-7.95112
14.3596
2.59499
-0.238475
-0.463313
5.64429
-0.0809291
0.408231
0.562345
-7.62597
1.04029
-2.74378
16.321
-0.570372
-2.68775
0.149598
0.683056
-0.0748969
-0.524932
-12.6607
1.74134
-5.70835
-4.05492
0.490138
0.608235
-0.694371
0.841877
-0.13012
0.0948035
0.272218
1.61102
6.48624
-0.241877
0.053529
-22.5113
0.851169
0.253891
-0.941949
-0.207395
0.146616
-0.701599
1.04356
2.09947
-0.223478
-0.626286
-0.225826
-0.574477
3.29387
-7.15492
-1.39463
0.433291
-1.91031
2.51637
-0.930964
-0.887616
-1.94906
-4.39085
0.122568
-0.194849
0.0490685
-2.35112
-1.42664
0.242274
-1.45772
-0.398621
-1.87179
3.15019
0.512038
0.701906
-7.68354
0.787495
1.1681
3.35518
-0.30075
0.691713
-4.10886
16.2028
0.921551
-4.67403
-0.232438
-0.155325
-4.01736
2.06409
7.92683
-1.35766
0.940787
-8.02902
-0.736539
-3.51782
17.582
3.31803
1.27666
-0.120261
-3.9544
-0.342102
2.99378
-2.14874
0.762652
0.683597
-0.226755
1.78746
-6.92405
2.89397
0.92676
0.467776
0.0325527
-10.9228
0.306302
-0.00813952
0.135799
-1.44513
2.3204
-0.526268
-0.474404
-2.3333
0.751337
1.78796
-4.18112
-17.475
-0.631559
-0.953223
-2.41078
1.14587
-2.00444
0.488679
-0.368668
0.387789
-0.246535
0.574265
4.13464
-0.867505
4.71358
-0.830772
1.06589
-0.0623192
-5.8717
0.855641
0.342095
-1.24995
1.0531
2.65906
5.32858
-0.585145
1.07514
0.154122
-0.381703
7.23627
-0.145288
0.402324
0.907303
-0.312432
1.35698
1.64293
0.446895
3.4627
1.88933
3.72885
-1.09037
13.7353
-7.11952
9.26803
1.52736
0.32625
342.797
0.981648
0.802522
-1.41738
1.81754
1.07128
0.194582
-0.0446691
2.49451
5.30889
-2.0215
-1.85641
0.74959
0.247228
3.24551
0.205293
-0.360246
0.0042922
-0.36292
-0.852311
8.96665
-4.81215
0.556436
0.97669
1.69596
7.47887
-17.6223
3.65285
-0.869353
-0.336104
7.07328
-322.007
0.908809
0.914905
1.35329
-0.713623
-11.6491
-13.5916
2.90575
-0.829266
-2.53609
0.175399
1.4518
0.77302
0.705009
7.70386
-0.334623
-1.29866
-2.39888
1.92886
-1.20737
3.31407
-12.4676
0.275972
-1.76951
0.188519
-5.2174
-1.37333
0.808085
2.96218
-1.76061
19.7393
1.35872
-0.041229
1.76473
1.59016
0.195359
3.61085
0.599563
1.24173
-4.01683
0.151495
1.46273
-10.6434
-0.62602
0.753517
-0.215385
0.140056
-0.425496
-0.0401781
-18.7058
1.12616
-1.10834
-4.03231
-0.106163
0.503597
-1.29968
1.38083
1.49337
-2.09546
-1.23047
0.82655
0.465906
0.886718
30.6565
-4.54051
2.96305
11.2824
0.135269
-0.705851
-0.893598
0.403304
2.0148
-4.56725
1.01525
-0.373643
-2.0788
2.01878
0.434797
1.56219
0.670608
0.516728
-0.080546
-0.250628
0.232801
-0.375605
-0.442731
-0.0695366
-0.76819
-0.313332
101.066
0.535062
0.403228
1.7033
1.25035
4.68574
0.635533
-4.52766
0.836008
2.15035
0.22525
-1.18107
-5.29063
0.909988
0.14755
1.05845
0.13888
0.633326
-3.20097
-1.75537
-0.578818
-1.24514
2.21427
4.00716
-0.847823
-0.610696
1.69596
0.194087
0.802178
0.236751
0.491515
-3.18804
-0.0923395
-0.685882
0.189727
0.450598
-1.59137
-0.0331022
1.77577
-0.214592
0.473634
-1.55495
-3.92792
-1.29596
-0.494061
-0.979521
-0.40517
26.127
2.52807
-0.671216
0.69347
-0.904083
-1.17804
-0.232107
-0.341368
1.35293
2.53637
0.603569
-0.465365
1.18451
0.805202
-12.6444
0.174922
0.813328
-0.516333
0.570934
-0.00162364
1.45044
-1.46467
-1.24362
0.176023
-7.77067
1.56828
7.12242
-0.248777
3.02432
1.73876
0.163293
1.1577
2.71595
2.34712
-0.539345
-0.193742
0.786163
5.37774
0.830838
-5.52288
-0.437055
0.928009
0.484662
0.307942
8.45568
-2.87507
1.57974
0.586592
0.0694483
-0.657353
0.350615
-4.95925
0.365271
-0.710976
-1.87804
-0.416642
-13.9031
0.228323
1.92859
-1.53742
-0.546045
2.30533
0.195184
0.639773
0.582713
-0.482907
1.4035
-1.96096
-0.733863
-0.36338
-1.02432
-1.16174
0.442066
0.342344
0.810468
-0.516881
-2.61238
-0.0974794
-1.79125
-0.674825
0.00203334
5.15077
0.486232
-0.556397
-1.3444
-0.255865
2.94265
0.275763
-4.5028
0.603225
-0.0659697
-0.0309421
-0.672111
1.71944
-3.70286
2.54807
4.27468
-1.26992
-41.6856
-0.921455
-0.418494
-6.44304
-0.499539
-1.47634
1.38992
2.03273
18.5917
-2.1843
0.387919
0.131256
1.19615
1.32928
0.670858
20.6578
-1.17914
-1.47675
6.51016
-1.57183
2.41719
0.153312
0.967683
0.602684
0.928036
-0.611668
0.406086
-0.306389
-2.99731
-0.740302
8.87124
0.580954
2.25878
-1.98311
-1.92738
-0.752856
3.02888
-0.137606
0.390889
1.28938
-0.136722
-0.0350729
0.126222
0.0985842
-1.09505
0.904419
-0.0717622
0.84931
-6.61338
0.229007
0.965421
-0.884626
0.726476
-327.078
1.36114
-1.31678
-3.28343
1.82347
-0.201916
3.00986
-3.26292
-0.671789
-3.28427
0.381359
-1.36445
-0.241921
-12.0775
0.738621
0.20854
-4.32995
0.586569
7.47202
-0.360545
-0.95406
8.40329
-0.232761
-0.994766
-0.482547
4.54467
-0.996942
-0.390703
1.85644
-0.698815
0.899853
-0.141826
-0.420191
-0.0679052
-0.681722
3.40204
0.581404
0.249145
0.180509
-0.528989
-4.08192
7.30669
4.35574
-6.32205
-0.900463
2.49336
-0.449714
-1.69224
4.4731
0.68815
-0.131369
0.266491
4.6424
-0.81198
-0.668785
-70.288
1.54609
-3.23063
1.28803
-0.440324
-4.12868
0.01957
-0.777786
-18.805
-3.0778
1.87788
0.863948
1.0018
-1.11449
1.90148
2.51416
-0.950525
1.63999
1.71047
1.09238
24.6557
0.843649
-0.341595
-1.33431
13.2295
-3.72987
2.90273
-0.933448
0.718297
6.76099
0.0982009
0.618954
-0.149441
0.0243732
-0.67118
-22.5991
-0.548726
-0.428637
0.613936
0.474946
-0.449985
4.60618
-3.98001
-1.14777
0.742925
-4.66458
-0.598938
4.22453
0.590188
-1.48601
6.2835
2.65819
-0.214348
-12.4955
-0.403961
-0.814486
-39.7588
-5.32244
-0.921845
0.0437403
0.231981
-14.8451
0.635128
0.8713
0.470493
-0.4246
0.0909732
-0.497146
-2.24316
-1.69084
3.63481
1.27091
2.98703
-1.00225
1.36939
3.8647
0.65312
-2.50876
0.785131
0.43988
-1.80885
0.00484814
1.43459
10.1437
9.20691
3.1413
-5.62458
-2.66408
-0.459643
-1.69794
2.43814
2.09992
0.0914314
-0.280145
7.73691
0.765295
-28.2167
-1.22454
0.381124
-0.689948
-0.332936
0.210248
-0.290516
-0.553162
0.925063
-0.413329
-0.418802
0.175522
1.00899
-4.22747
0.312518
-2.51245
-0.436859
-2.49954
-0.0863938
3.74906
0.451676
2.76826
-0.324372
17.678
0.0710804
1.62659
-1.23079
0.9455
0.680228
-0.768574
-1.73925
-1.37386
0.854449
-11.058
0.612596
1.07694
3.45153
0.387935
0.96563
1.65661
-5.88922
2.65122
-1.13614
1.99092
-0.258685
0.512602
1.43669
-20.1777
-0.719999
0.916694
3.41769
-1.65471
-0.857237
0.498928
-0.211526
-1.02714
0.578188
1.89217
-0.0420515
0.856291
-0.775361
-16.4732
16.2211
-0.170246
9.19443
-0.845424
-0.496396
-0.751901
2.7307
0.558087
-1.2894
-17.395
-0.449187
4.03707
-1.71046
1.36542
10.7078
4.54347
0.745994
1.02605
0.499236
0.636317
-0.833364
-10.1322
1.50127
-0.896073
0.143851
0.536107
21.9376
1.17322
3.6343
1.42649
24.775
-0.0894811
-0.854181
0.534727
-0.968847
-1.09877
-1.87215
-0.0173859
-0.720515
0.415716
-2.51159
-1.15996
2.14093
0.0323199
0.620896
11.4469
1.11204
0.561472
0.00361421
2.99904
-3.41422
-1.03252
-0.956163
6.42804
0.285371
0.287283
1.40168
0.588796
35.0685
-1.43167
-4.27263
0.813867
-1.61501
-0.518367
-0.226692
-0.625517
1.11157
-0.770556
1.057
-0.885806
-1.53775
-0.560523
-2.42096
0.415279
0.752552
2.1634
-1.06033
1.92015
0.205598
0.240609
0.231319
-0.17131
0.403293
34.4936
-0.521624
2.26481
0.549355
0.0319148
-0.920521
1.02938
1.69957
-11.0012
-1.47627
-0.98067
-0.715765
-0.0490424
0.472523
0.0932863
0.460035
-0.95252
-0.636853
-1.80927
5.91661
1.85479
0.0546789
0.192609
-0.484948
0.711875
0.534724
-2.78572
1.6251
0.680793
1.1138
-1.96817
1.98751
-5.11843
-1.47054
0.0219843
-2.53315
-0.72555
-0.788189
0.783014
0.325126
2.26216
-0.133889
0.228141
-1.68553
-1.7201
-1.07469
-0.873302
-0.834974
0.665916
1.30312
0.534061
0.68982
0.793202
0.168889
2.17593
2.41148
0.157826
-0.535121
10.5403
-12.4825
0.456354
0.840006
1.59299
-0.627001
-0.0152139
2.52191
0.708511
-0.302984
3.55059
1.99728
15.9317
0.526665
-0.876474
-0.504403
0.035907
-0.932152
-0.172368
80.1366
1.06116
0.684947
-1.55653
-1.08823
0.00297388
0.0749903
-0.460992
1.05611
-1.81861
-1.07338
-3.63443
0.543037
-0.0817378
13.856
7.85032
-1.63065
0.51042
1.5663
0.119079
-0.862107
0.621523
0.385205
-0.739834
2.15689
6.87326
3.96717
-3.63311
4.94079
3.24484
-7.66965
-0.186366
-0.184041
0.920134
1.18043
0.768967
-2.20089
-28.2401
2.12713
-0.489711
-1.03574
-1.47568
0.526818
-0.289862
-1.33395
1.54628
-2.27863
-0.198144
-0.855887
0.037535
0.668534
6.98607
-0.70259
-0.263318
1.57471
0.790594
-0.122053
-0.760896
-1.25258
1.03617
-1.53669
2.73333
-0.844573
0.568613
-1.63771
1.29685
0.503064
3.45943
0.743806
-0.372853
0.981252
0.835684
-17.6313
-2.74197
2.3014
-0.379179
-1.99452
0.533529
2.98069
-0.356113
2.9347
-0.809463
-2.11916
-0.532574
-0.739546
4.30735
-0.445092
-7.91795
-0.513356
-1.09904
0.13974
0.456604
-0.823843
-1.2383
-0.528043
-0.613581
-1.66259
0.574262
6.02248
-0.261851
-1.37977
-14.9061
-1.68899
-0.879829
-0.743515
1.57339
-0.0439397
4.92081
0.0830952
-0.255169
6.16358
84.6119
6.2315
-1.90115
0.232486
-0.161277
-0.855371
0.207243
-1.32972
-3.33842
-3.49537
3.41028
-0.218665
-0.700314
5.71881
0.232762
0.15508
0.484688
-2.82013
0.240036
-1.92456
-1.74847
-1.05593
1.56696
-0.441472
3.06719
1.56032
-0.958413
-0.870787
-0.427132
0.205667
0.422347
0.13702
0.317784
0.717769
5.1608
2.40279
-0.095558
-0.849181
-0.488118
-1.45248
4.58231
-0.249277
0.502372
-1.21041
2.45154
0.915435
2.64384
-0.236036
-1.72472
0.557188
0.0404701
2.84254
0.713645
-2.61139
0.0120961
-2.0847
3.47419
-1.85413
0.847345
-0.0809088
0.675232
21.6532
-1.45636
1.68768
-14.5468
-4.73775
-0.356467
0.95336
-0.409948
0.573564
-0.726639
-0.310429
-1.61401
0.264008
-0.724099
-0.367974
-0.673143
-0.439963
0.449517
-4.83732
-3.95489
1.69249
0.218565
-0.942176
-0.0420894
-3.23911
4.63106
-1.63827
-0.634658
-9.58988
-1.42725
-2.2822
2.81974
-0.624163
0.939575
-1.78493
2.69566
6.69217
0.0410592
44.3197
-1.19979
-0.163535
0.676885
-0.148526
-0.640634
0.339141
0.136695
2.15407
0.890866
-14.0363
-1.67895
-0.275322
0.0352915
-1.04903
-1.08272
-2.47495
-1.03642
0.961994
-0.299905
-0.575036
-1.67487
0.413542
0.423835
-0.375478
-0.73422
-1.11322
4.07052
-0.275824
3.79483
0.141162
2.33637
2.39348
-0.151284
0.254855
-0.268638
1.33753
-9.63259
0.467469
-1.42813
-0.600588
0.895633
0.552777
-13.2431
0.320354
2.1139
-0.0905237
0.904889
-0.200268
-1.11627
-1.09532
30.5024
45.5527
1.94856
2.61834
-0.834176
1.33693
2.09885
1.47275
0.870363
-0.785559
-0.949997
0.427198
3.32487
-0.400157
-1.17698
-0.835267
-0.784315
-6.6379
-0.0283454
-0.899554
0.0808211
0.143445
0.70058
-0.567917
-1.24378
-1.14962
-3.33644
-0.526754
-0.702753
0.194992
0.246966
0.567266
1.47942
-0.55402
-0.359374
1.89998
-23.9098
0.504449
-0.119194
2.93252
1.28581
0.431289
1.21991
3.20097
-1.00306
0.181251
0.785226
-0.542522
-0.553966
-0.747662
0.605516
1.44065
0.238272
0.542945
-3.20226
0.016038
0.232829
0.784001
-4.62123
-0.919959
0.127638
0.208341
0.256303
-0.483552
-0.375448
0.662189
1.34804
5.51961
0.392829
-0.859652
-0.972027
-0.355921
0.751007
0.941374
-0.307286
-0.755053
-11.1739
1.66767
-0.24829
-0.143968
-2.09068
-0.290206
0.642961
0.441443
-0.136439
0.0269146
1.65616
-0.532189
-7.82298
0.227678
1.8318
0.00905856
0.66725
0.144255
-10.0718
-1.52646
4.14269
1.2804
-0.513739
-0.647398
-2.55641
-0.493195
5.93619
0.234289
-0.529639
0.678179
-0.316866
-0.928783
-1.51016
-0.759995
0.0258011
0.0106586
-2.46114
-0.480903
-5.99139
-0.0571343
0.633897
6.063
-0.0034535
-5.42935
47.2416
1.01377
16.1075
0.117176
8.28598
4.94518
0.074628
2.47752
0.494494
-1.90528
3.72752
-2.27385
-3.81301
-1.07559
-2.30745
-0.313064
-1.73646
0.422564
0.798955
-2.57098
1.29469
-6.56066
-3.97679
2.75824
2.33786
0.038507
-4.61161
1.1494
-0.145626
-1.94617
1.06123
-1.44256
0.153539
4.95141
2.49444
-0.530224
2.15221
1.61269
1.07755
-0.564271
-3.45584
-0.500425
-0.867484
2.65145
5.02323
-0.970276
0.280403
1.84388
0.0783107
-3.22169
-0.914728
-0.561086
-0.519223
-0.0127811
0.0394171
1.81234
-0.144606
10.9109
-4.52557
3.45851
-55.4141
4.32032
0.340406
6.41489
2.49171
2.054
-4.75513
0.845835
-0.0677629
-0.971271
2.46942
5.54042
-0.231816
-0.578538
-0.308003
0.83718
-0.786779
-13.9648
0.339976
-1.82571
25.8752
-0.535741
-0.899917
2.27813
-2.69846
0.545058
1.15147
0.829509
0.869989
2.17572
1.12862
0.350106
2.78188
-9.107
0.679949
0.000559224
0.0731259
0.334917
0.0685822
0.331475
1.48109
0.173683
0.943987
2.43634
1.19192
0.907788
1.68286
0.975333
-1.21547
1.10305
-0.797428
-0.993987
0.492516
0.456372
0.138528
-0.16508
-0.304825
-0.0274558
0.7991
-0.509749
0.510895
0.565283
0.206123
-1.48675
-0.711315
-0.0308808
0.492254
-0.778069
0.739158
5.73786
25.8203
-0.499569
-4.07409
0.455966
-0.86435
-0.253639
0.0530945
-1.39557
3.13822
-0.575873
0.378308
0.406823
2.19965
5.90219
-0.23691
0.226284
1.75546
3.54759
3.91673
-1.45136
-0.313461
-0.679509
0.304851
0.0246452
1.94652
3.37654
-0.344687
2.6154
-0.375047
-0.473042
0.429615
0.456589
-0.828333
-2.94729
-12.9145
-0.669292
1.06061
-0.806118
0.296424
0.628403
-2.29179
-0.173889
-0.0971657
8.69183
-22.0903
-0.612108
-0.309259
-0.372203
-2.73732
0.035249
-8.12594
0.0536405
-0.248468
-0.944176
0.545426
0.0011587
-0.616696
-0.930012
0.253637
0.68309
-0.245384
0.528929
1.58069
0.880441
0.329859
-5.82584
-1.01131
0.358418
-1.80995
3.22494
1.72149
1.06266
-0.0293409
5.04891
-1.40467
0.713182
-1.74856
-12.0162
-2.55663
-0.835587
2.69098
-1.22492
-2.05761
-3.3747
-1.48657
-1.03308
19.3182
-10.5071
-0.662086
-0.74663
1.98312
0.270285
-1.55657
-0.556245
-0.28508
2.78458
2.0475
1.21781
-0.00828426
-3.87574
-0.234048
1.10535
-0.909893
8.799
0.895522
2.47844
6.16409
0.283076
1.49991
0.202229
2.51398
0.771956
0.0969643
-7.16197
4.53444
0.845163
-0.923701
-19.7126
-5.34749
-3.78238
-4.12068
4.14895
-3.21118
0.978408
-0.692522
-3.01188
-0.101542
0.759478
7.29248
0.183181
35.7088
-2.6384
1.45873
0.780384
-0.245748
-4.70427
0.71781
2.02676
4.02207
0.209026
1.7131
0.453265
-3.68474
0.839824
0.262514
-0.504224
0.829804
0.79556
0.564318
-0.565503
-7.8844
0.15862
-2.67219
-1.06734
-0.318691
-1.53431
17.2454
-0.0631727
-0.7423
-63.5737
-2.047
0.558999
0.881792
-0.964709
-1.67985
-0.989676
0.558187
-0.298341
0.441165
-0.780533
0.613601
-7.98652
1.28194
-0.191648
0.0928194
-0.97529
-5.37169
-1.77383
1.14403
-1.66352
-1.57771
-0.752851
-5.26946
0.152486
-0.0267667
1.60602
-0.422061
-8.62113
-1.10092
-1.8068
1.07326
-1.82009
-0.745628
0.689993
1.4611
0.0193594
-0.706868
2.60102
-0.0972105
-1.33726
-0.0175659
1.0148
-0.201575
-1.28525
-0.963925
20.7644
0.839563
-0.171857
1.16126
-0.0653434
0.299182
-0.604697
0.645404
0.396089
0.123501
0.852384
-2.07802
-5.31318
-0.183431
2.87901
-0.956506
-0.721677
0.296088
-0.297025
-1.0849
2.44114
0.877352
0.497727
-1.08023
-0.339356
1.19458
2.1926
-0.87022
-0.865233
-0.252432
-0.38714
-2.53015
-0.317606
-1.4305
7.44995
0.490833
0.274243
-0.963582
1.79376
-0.199732
43.9701
0.0062451
0.236223
-1.50897
-0.158662
-1.53434
-2.98659
0.786011
1.76512
0.718375
-1.81446
-5.63861
-0.372422
0.782582
0.148265
0.16547
-1.49246
-0.823195
-0.748998
-0.761672
0.516287
-2.11459
-0.847254
3.01739
-0.94079
1.499
-0.831671
-32.841
-0.441511
0.769137
-2.75282
-0.26506
-0.482151
2.6802
0.989949
-1.08544
4.09378
0.414547
-3.62591
-6.50319
1.31872
-0.0497652
-0.660791
-0.272242
0.515886
-42.6405
-0.0784741
0.68739
0.249286
0.935711
-1.18317
0.116724
1.16144
0.80621
-0.543188
-6.35071
2.38419
-3.27519
-7.2244
4.78242
0.415761
-3.60992
0.350124
0.382995
-1.10923
2.07535
-0.424595
0.820215
-1.9594
0.188668
0.50277
1.50796
0.346526
-1.85654
0.210923
2.22501
0.58607
-1.2583
-0.275991
-0.845935
-2.60472
-0.727892
-0.00216277
6.33233
3.94849
-1.46172
-4.50795
-0.787271
0.398714
0.0524641
-0.550434
0.0945366
-0.387628
-13.6096
-1.84055
-0.47245
-9.85067
-2.55886
-0.499114
-1.61234
1.99267
2.1002
-0.752657
8.96962
-0.244425
-7.33429
0.853163
-1.87628
-0.650582
0.267062
-0.422095
-0.271584
3.1174
1.40309
-0.274844
1.03532
-3.65524
1.87369
-0.703823
2.83493
-0.989468
1.70708
-13.3822
-0.921244
-1.38058
10.2409
-0.837827
0.385903
-0.453874
-1.15486
0.694535
0.291898
-2.59278
1.25263
0.122175
-1.5517
-0.238921
2.99336
-14.0035
0.151802
0.577876
-0.560512
0.714379
-16.7054
2.66219
-3.13039
-24.4887
1.11003
-0.833566
0.00139518
0.186804
-14.4707
-1.35218
-0.410293
-9.80067
-0.890926
-0.0364126
-0.010265
-0.0820682
-0.645923
-0.488106
3.19789
1.43242
0.659081
0.78682
-0.694714
-1.23101
-1.55052
-2.25926
-1.22327
-0.226751
-2.35122
-0.734597
16.107
-0.376306
-2.76193
-1.4268
-0.484411
-0.314744
0.724112
1.96316
1.89983
-0.627402
-11.1757
3.38438
-0.368801
0.705217
0.556222
1.60503
0.388922
0.194469
0.541229
7.42615
-0.528131
1.62128
-1.02106
-0.346032
-0.309485
1.39282
-10.9299
0.836437
0.18638
8.40097
-2.54215
0.353515
0.357908
-0.333746
-2.12325
-0.205523
-0.395313
-4.45362
-0.0451745
1.31525
0.924327
-0.414571
1.11045
-2.64813
-0.662961
-6.52212
1.9897
-0.994245
-3.25207
12.2576
-0.260905
-0.932231
0.125241
3.61714
-0.22302
-1.1899
-0.361437
0.785919
-0.168293
-0.566565
1.81462
-120.343
-1.42577
-2.42133
-1.14067
10.5602
-0.745129
-28.9501
3.82879
-1.46398
0.270478
-5.09451
0.0562273
-2.9514
3.3901
-1.46226
-2.38974
-2.05256
2.02078
0.357971
1.01397
-3.9327
-0.853778
1.46431
0.241788
0.286988
-4.10659
2.37913
-1.25633
0.423088
-2.2412
-0.331147
0.558085
0.340439
1.28209
1.57519
-5.0016
4.31695
1.55861
-0.218258
15.2129
5.45246
-0.754992
2.56103
-0.606445
1.47842
-0.963831
-0.185746
0.444226
-0.444776
0.327238
1.74428
1.28909
-0.0388879
-2.79877
3.37501
7.24446
-16.0128
-15.2008
6.35453
1.23209
1.3774
-4.33624
4.09387
0.392607
1.45903
-0.283073
-0.248978
2.22494
73.5481
-0.678603
0.42555
-2.13753
1.55012
-4.62046
-5.03037
-0.281861
-12.3466
-6.1618
-0.256141
1.29959
0.953654
-0.959436
-0.858523
-3.20282
-0.4433
-0.618725
5.36539
3.54556
-0.512627
-0.289374
-0.737617
-0.893478
-0.44222
1.87075
1.71938
0.357439
7.15082
8.00594
0.875255
-1.08884
-2.69727
-6.18479
-0.915984
2.12926
4.98438
1.60209
-0.673271
-0.166068
1.58824
-0.765224
-1.05699
-16.9097
-0.979336
0.0908587
-119.137
0.189599
1.03456
-1.91777
0.636933
0.794904
-105.41
-28.0881
-0.6662
-0.261636
0.567949
5.24612
-0.93365
-1.98461
125.987
-10.5393
3.7866
4.56489
0.962948
-0.684339
-6.56946
1.3643
-0.46966
-0.98328
0.140473
1.79133
-2.46044
-7.42641
2.84136
0.024222
-1.97216
16.3967
-2.2942
-0.391608
2.34732
13.7905
0.323238
17.5961
-96.6083
0.0782248
-0.944798
2.43061
0.113679
-4.12303
2.43957
0.647981
1.47121
-1.13802
2.14611
-1.63081
-1.45855
0.522755
-6.70865
-2.5389
-0.326071
-2.05929
-1.38003
-8.56629
-13.6428
0.976103
0.149164
0.114234
-0.933027
-0.535866
-2.53157
-0.368533
-0.222251
0.442296
-1.51167
-103.27
-0.823855
3.02372
0.247136
-0.0508157
0.509641
0.00327296
-1.50295
3.11738
0.0191714
-0.0269451
-0.199729
12.3021
3.37848
-0.898454
152.796
1.45278
4.63422
0.651793
0.156044
2.09143
-3.3029
0.119582
2.47565
1.21924
-0.672155
1.68615
-3.32786
-0.535936
6.60338
0.863423
-0.973244
-7.85137
24.0081
0.463566
-1.3862
0.335641
1.46404
-0.660562
2.06582
-6.76004
0.986725
-0.374624
1.85906
-0.225994
1.49126
-0.944451
0.396788
19.1738
0.789236
1.17572
-25.1338
1.26058
0.709148
0.18178
-0.442952
0.438277
-1.13437
-0.174926
-1.98016
-0.919017
-4.01799
6.15857
-0.952995
0.494453
1.44053
-2.47528
2.11259
-0.249198
-0.914693
1.16281
-20.3137
-1.128
-5.33294
-0.215416
3.30084
-6.6461
0.30589
13.9884
4.41204
-1.29112
0.656258
-0.50944
-0.099861
-0.762127
-0.735871
-0.936608
0.402971
-0.00383518
-0.11723
-0.722957
0.606526
0.856386
2.51108
-0.385322
0.328
12.7322
-0.869153
3.536
-0.295329
-0.875112
-12.5066
0.367224
0.238885
0.968007
-2.17101
-0.281252
-0.3266
-5.68833
-8.64244
-0.632641
0.14921
1.46911
-0.748652
0.625633
0.212563
-2.05707
1.22122
0.897917
0.652808
-2.27742
-0.788746
4.28855
0.521195
-1.54879
-1.63925
1.58495
6.70265
-3.22024
-4.29374
-4.70841
-2.40548
4.68558
-1.61854
-0.526234
0.113261
-0.423813
-1.71964
0.647549
-0.507559
0.779645
-0.634712
-6.17578
-18.0795
-1.61284
1.43019
0.648514
-7.44959
0.81515
1.0561
-165.189
-0.531601
4.31496
-2.43975
0.272102
21.8791
-0.85082
1.77466
-4.22321
0.187424
-0.705932
-0.434374
-0.150425
-11.003
7.39658
-1.524
0.292521
-0.695579
0.738408
-2.24125
-0.0429884
-0.485372
0.380767
-0.553219
-2.83654
-2.61572
-3.57033
0.340684
-0.972349
-11.609
-0.665248
2.58355
-0.513363
-0.143285
-1.03332
1.92711
0.247514
1.32778
-2.0239
-2.78243
-0.794165
0.170247
-0.204599
-2.8635
-5.37587
-1.46012
11.0936
-1.22883
-0.424532
-29.3027
-0.186179
-2.29764
-0.905136
2.90872
-10.8874
-21.6645
3.80143
-1.76311
-25.1076
0.0634786
0.186035
-0.461896
-0.111777
-1.82046
0.405058
-1.06608
0.805774
-3.00064
0.206922
0.945121
0.988253
3.86432
-1.02092
-0.865338
-1.60605
-0.6103
-0.691297
-6.29759
55.7548
-0.158152
-0.19226
1.40193
0.857975
0.628413
13.4752
0.461402
-1.59062
0.343454
0.776942
-0.547689
-0.209694
-2.24165
-0.500823
3.44348
-0.978947
-0.913344
0.158102
0.362865
0.189198
0.36737
2.43384
-0.567082
-1.80162
-1.51777
0.732615
0.212925
-0.394318
-0.0799064
-0.43887
0.836412
0.988634
-0.390406
0.246648
-1.59341
-0.209064
-9.40233
-0.333163
1.08671
0.235854
-15.4837
1.64781
55.712
-1.92486
-3.42967
-0.750976
2.26828
0.398726
1.93635
-6.23834
-0.0723706
2.86612
-0.0202314
1.56646
-0.986367
3.18033
-2.21432
0.575133
-2.73048
-0.418653
0.850249
-0.0967735
-0.668374
11.0519
-2.03024
3.74415
-0.783278
0.00479768
0.00521531
-0.170942
-0.89171
-0.643746
-2.25033
-9.12468
7.45976
0.331054
-0.279129
-0.929822
-3.91205
0.63517
2.04286
0.152473
-5.3594
-6.94
0.221021
107.305
0.464813
-1.05739
0.376859
0.938117
0.845621
-0.852635
-0.835771
-1.29093
-1.12023
0.883276
1.6213
-0.985503
-0.993779
-1.14345
0.997824
-0.0374879
-0.824448
-0.251913
-3.3802
1.84987
2.08568
-1.795
1.52737
0.527304
-0.513875
-10.7217
1.72113
-0.811512
-1.37966
2.29768
0.632002
0.387849
-0.221812
0.0196001
-0.314159
-0.270948
0.58706
-0.704109
0.665035
2.37933
0.0172433
0.898212
1.05405
-0.512961
-0.115223
0.31689
-2.54508
0.516806
-0.425567
-2.68351
0.44266
1.44142
-0.224537
-0.0925641
-27.0314
0.807861
1.00487
-4.86006
-1.03676
0.413358
0.631894
-5.90653
61.2586
1.45075
0.566279
-0.30969
0.0732623
-0.343255
15.5288
-3.19807
-1.84708
0.938615
-3.59559
0.472209
2.17565
-0.945998
3.68831
0.265551
5.09983
-2.12015
2.3172
-1.88693
-0.34619
1.97011
1.67847
0.921185
-9.87212
1.85258
5.71316
-0.774527
1.23449
-0.378262
0.0817526
-0.20578
-0.595102
4.15305
1.26609
-0.593451
0.175581
2.99612
1.08389
-27.1494
2.33768
-0.330433
-1.70955
-0.396185
4.98338
0.436179
0.006689
-0.117306
1.74799
0.137221
-1.6626
-1.94446
-1.16242
0.225999
5.59237
-5.98974
0.106582
2.87612
-0.0391875
0.447299
0.651119
-2.32948
-0.598505
-0.659665
-0.153518
2.29399
11.9019
0.616419
6.16931
13.8185
0.0488933
-0.154721
-0.775511
-5.31499
-0.00342758
-0.135495
14.2743
-12.491
-0.573384
-2.21196
-6.73825
-1.95106
-5.63001
2.18558
0.0184023
0.171929
0.762021
0.752297
-2.67659
0.0242262
-2.04756
1.04939
-9.43293
-0.0321016
0.154598
1.08612
-0.328267
-0.333543
-0.213544
-1.95515
-0.568481
1.70777
-0.203681
-1.72403
-0.0844134
2.24477
0.680894
-0.888861
-0.0239722
-1.16786
-5.9019
-0.235175
0.93033
-0.915713
43.6023
0.0708057
-0.16523
0.672574
-0.287194
-0.0294932
0.401536
-0.278273
-1.34323
-0.429225
-3.54866
-0.0667695
1.76233
5.31134
1.28275
-0.207771
0.865075
-3.61185
1.8363
-2.622
0.91915
0.247527
-0.365253
-1.27744
0.105087
-0.274173
1.47828
0.15649
-2.07466
-0.303321
-0.682422
0.0293651
-0.124921
-2.1107
-0.264303
-0.0792266
-19.4656
-12.6987
-0.0908233
0.953307
1.26261
0.135283
0.251661
1.37247
-0.567607
-0.307004
-2.26098
-0.371894
-3.97784
1.01679
-0.326996
-0.96244
7.20137
-4.17268
-1.17219
-7.29073
-0.682438
-27.3643
-0.333172
-1.76541
-1.05834
0.721716
0.76883
-1.9607
-0.964578
1.63068
-1.03652
-0.546776
-0.101956
-5.41835
6.90255
-0.547798
-1.78347
-21.8109
-10.0849
-1.81967
-50.6314
-0.238041
-2.04254
-0.151315
0.658213
0.59667
-5.02841
1.06091
-0.86841
-0.535199
0.747982
-1.53561
-2.98545
-84.3908
-1.74311
-0.337359
-0.149716
1.34712
0.98184
-0.327553
1.43607
-3.53373
0.101096
6.61256
-70.0746
1.24918
0.164731
-3.7958
-5.28461
0.0388738
-4.16711
0.271831
4.38084
-0.750484
-5.22473
4.92738
-9.52276
4.18496
-0.656164
0.089793
1.5217
0.585726
-0.339735
0.461477
-2.67534
-0.0727234
1.27163
-6.76771
0.562128
-0.426782
-0.291376
0.891061
-0.0506653
-1.79616
12.1746
0.0835802
-0.0806617
-1.82509
-1.01196
-1.56183
14.0605
-5.28966
1.02527
0.865062
0.393821
0.481638
5.49267
0.197572
-1.3062
-0.0821598
-0.372279
-1.6507
13.9487
-1.00102
-12.3073
3.31279
10.7436
10.6205
-34.4008
0.728953
1.94717
0.284559
-1.71111
-1.40382
3.70064
-0.677354
0.563757
-2.04855
0.489313
-1.32745
1.83375
0.0169028
0.00203948
-0.780903
1.8508
-1.54197
-0.532771
0.982283
813.119
1.23799
-1.3114
-0.114327
0.200021
-0.617588
0.877367
0.0432892
1.31153
-0.719343
-7.64362
1.27727
7.99176
-7.62061
-0.351761
-0.268886
-0.756829
0.892364
-0.730566
-2.08944
-0.299478
-4.96471
0.0516315
-0.590102
-0.958892
2.68597
0.361811
1.03936
-1.88519
1.4016
-0.22653
1.92278
2.88181
-3.12593
-0.972172
0.133068
-0.00108726
5.46007
4.47632
-0.234954
0.625361
-0.97433
0.990949
-0.653061
-0.0965254
-1.76615
-0.353102
5.55434
-1.70741
-0.0862743
0.781194
3.94919
-8.24054
-11.1959
0.450926
0.458823
2.13373
-0.207857
129.362
-0.993421
2.15772
-128.353
0.2361
-0.136957
-5.6734
-0.471312
-2.7823
-1.70317
0.10934
0.454888
0.471377
1.43404
1.05987
0.434953
2.51023
-0.60603
-0.41615
2.64921
13.4576
0.662746
0.324039
-4.65021
-0.246076
2.55097
0.867414
0.279068
-0.312241
-1.08838
1.13755
1.96562
-0.417227
-2.75113
1.35534
-3.98396
-1.76757
0.611441
84.7265
-3.48137
-0.381992
4.4635
-6918.25
10.2736
-0.209125
0.451867
0.0723382
-7.29911
3.05399
-0.732204
1.77337
-5.46225
0.38274
3.26049
-2.2997
29.6857
-1.26343
0.118193
-0.745992
-0.330004
-0.336381
0.193953
-1.69947
0.914151
1.26611
0.103865
1.1861
0.0561084
0.267889
-0.000888462
0.395314
1.27786
1.95511
1.93175
0.110305
1.18196
0.794486
-0.422777
-1.6154
-1.76855
-0.912623
0.863311
0.516053
2.58103
-0.199821
3.6619
-0.494654
1.93512
0.622463
743.969
0.0911971
0.160633
0.593967
0.614011
0.38536
3.42084
4.49018
2.67745
3.27715
-0.665308
0.0850069
-2.10079
0.112837
-0.973107
1.03003
0.712081
-0.331457
-0.079131
-17.2935
-0.894348
8.02059
-9.08762
0.906144
-0.214474
0.201711
-1.20476
0.0993793
-0.330484
-1.17999
0.744414
0.136276
-0.809026
-0.0410112
2.27857
-4.03917
0.290994
-0.45649
0.812672
-0.13823
-12.7992
2.87322
-0.865562
-0.664893
-0.577775
-0.427303
2.71592
-2.21753
-0.664021
1.21027
-0.410454
-0.549083
0.595572
-0.119332
-0.383528
0.650326
2.5389
0.241633
3.30573
-0.873388
0.814549
-0.436004
-0.405059
17.7607
0.411683
1.56355
-1.14931
0.244563
0.238193
0.555144
-0.529485
-0.775052
0.324872
-0.447583
-0.569741
-1.41126
0.48957
-3.66577
-36.8924
-2.40769
3.40957
-2.61224
362.299
-0.207696
-0.519133
4.28473
4.66169
-0.273326
-0.0402366
-0.913491
-5.23319
0.401159
-1.15038
-0.307329
1.10483
3.98422
1.27945
-4.20222
2.29972
0.15155
-0.101748
-4.05409
-2.28077
5.33045
-0.422651
-1.59127
2.5186
0.628628
1.33211
-0.845978
-1.71736
-0.859991
-0.381326
-0.32882
-0.384274
-2.22119
1.286
0.22881
0.801609
-0.0866714
4.88271
-3.37737
-0.327698
-0.157008
0.287579
-1.0246
-1.93154
-0.477238
-0.367465
-19.5048
0.771166
-2.93261
43.8945
1.42303
2.54319
1.52074
0.0826108
0.866786
-7.80352
1.62039
8.66443
0.00906598
-0.128176
2.01719
0.463238
-0.033278
-0.325702
0.553988
0.0901053
2.95489
-0.380706
6.63828
-0.0389654
0.808298
0.165414
1.88356
-3.92785
-0.262098
0.0600445
0.588078
-1.48107
4.706
0.516489
-0.309022
-4.6148
15.5745
-1.63982
0.0854298
14.8
-0.924922
-17.0749
0.221128
-2.95796
0.284151
1.73118
-1.63919
2.62936
-0.217954
-4.81799
4.97367
-0.164879
101.176
0.0875325
1.54442
-0.748629
-0.689147
-0.431072
-0.256972
3.29424
-0.424326
2.1589
4.21176
-0.227397
6.63926
3.19302
8.731
-2.52926
24.7944
0.652688
-1.24781
0.701856
-1.37278
-0.346058
-8.4876
-0.96277
4.9742
-0.298695
2.97465
8.13947
1.09168
2.01036
3.04554
-3.22771
2.49365
15.8805
-1.31554
0.80245
2.09442
-1.05867
0.44896
0.0627391
1.32963
0.000511066
-1.3279
-2.40351
-0.504958
-0.808154
9.92875
-0.339615
1.20148
-0.0484615
1.96556
-55951.3
-0.201456
-0.195837
1.9544
2.10776
1.91239
1.22066
-0.535645
0.488403
1.70799
-44.0903
1.48156
87.1235
1.1148
-2.23547
1.01732
0.392415
-0.0179881
-0.329851
-3.06181
4.22275
4.00342
-0.358319
3.22775
-0.355067
2.32088
0.120938
0.27886
-0.847584
-1.53442
-0.449077
0.161577
2.81503
0.542399
-0.229332
-0.197746
-5.00992
1.58134
-0.519756
1.4934
8.22513
-3.1178
2.01912
0.241214
8.893
-0.249072
-0.974624
2.74167
0.762151
1.29611
-1.07244
3.0215
114.53
1.99695
-0.193561
-6.32289
0.971974
-11.7055
0.516718
-0.809116
0.281059
-1.20881
-2.04561
2.92751
-0.50648
0.53156
7.23394
-0.477738
-7.70638
2.51266
0.337295
2.72679
0.00363733
-0.117156
-2.69144
-6.86433
-0.270802
-0.160828
1.28175
-1.76151
1.59265
-3.76291
0.43391
2.70187
1.26134
2.07881
1.51706
0.371644
-0.237398
-0.236855
-1.82258
-2.29622
3.57325
-0.296495
15.5384
-1.11627
0.539344
0.454416
-1.03363
0.331253
-0.706267
2.41042
-0.105709
1.04125
0.872948
0.206755
-1.25307
-0.544812
0.640471
0.367815
0.652078
0.182693
-0.958531
1.18813
-1.15672
-16.8587
1.81513
0.707889
-0.942238
1.59472
0.736574
-4.30048
-0.122156
-2.50992
3.40084
-3.6927
0.636756
102.255
0.72795
0.110076
-0.134012
3.39611
-28.2387
1.38579
0.268906
0.0464902
-0.745814
-2.9782
0.343578
-1.88223
-0.641762
-2.02008
0.691193
1.26049
-4.23029
0.579891
1.21429
0.508246
0.0222089
4.26164
-0.310817
-0.0901749
-1.49052
0.662914
-2.27342
-0.0680418
0.37022
0.7791
-13.7117
-16.6157
-0.77327
-0.590308
-24.2996
-3.89112
-0.814794
-2.83746
0.492706
-0.0446156
-0.482313
-2.03649
-4.70125
-4.319
-0.243589
-4.45034
0.680783
0.406143
-0.282184
-1.04618
-0.144648
2.011
-0.958071
-1.21922
-4.00246
-1.06807
-1.89894
-27.6226
-1.09517
12.2977
1.05604
-1.46693
-5.1596
1.81164
-0.0821589
-0.497446
2.95832
-0.77692
0.0366917
-24.3915
0.723517
0.0932375
2.46107
-0.186832
-13.2139
2.46503
5.93625
-0.00276381
23.6342
-1.34581
1.40306
-74.2519
-2.24869
0.894699
24.7343
0.574772
0.405844
113.894
1.82144
-2.28663
0.460685
-1.09048
-3.5068
-1.5918
-0.199525
-15.9864
1.87043
0.328167
11.0705
-0.331629
0.632724
1.52008
-0.127994
-0.485154
6.05431
0.910702
2.12969
2.29883
-656.821
7.18577
0.459814
-0.535518
-0.0655376
1.16835
0.930679
0.89647
-0.554783
-3.09717
-1.33442
-2.48772
1.11249
1.20252
-0.65097
-4.98714
0.569612
-0.343113
0.719585
-0.136518
2.00609
-6.26983
-0.753748
-0.917901
0.571473
-1.33883
0.402495
1.7954
-3.13322
-3.9797
-1.14726
-1.63884
-1.63189
0.658672
1.0449
1.9447
0.685189
-26.366
0.124904
6.87706
-42.3637
-0.330025
-2.36661
1.46027
-6.3375
0.518945
0.622441
0.913836
-1.53569
4.93539
0.346221
0.695663
-2.38689
10.2917
-0.237386
-5.63632
0.188321
0.249696
-1.62693
-0.62069
0.352931
-2.09632
-0.45875
-5.51069
1.9637
9.15718
1.7178
1.6694
-18.2042
-2.47466
-0.10792
-0.114655
-5.55455
1.42192
-2.06902
-0.374154
0.779274
0.846051
2.19161
-0.587959
-0.792278
0.291411
-0.161207
-1.11682
1.16369
-1.14036
0.954825
0.216332
13.1551
-0.508125
0.802592
5.84312
1.56759
0.0878468
-0.342194
-1.10609
0.0229313
-0.256741
-9.60852
-51.9285
0.623033
1.14197
-0.256978
0.354109
-1.13621
-1.10456
1.11922
0.410862
33.9544
0.170038
-4.43202
-9.70137
2.38349
-2.02869
-0.482081
1.93534
0.741825
0.39027
1.0081
0.0888706
-0.448987
-0.900964
1.0294
5.4097
-0.15887
-3.68721
0.556337
-1.51926
-7.41123
-0.583212
0.0822032
-9.02492
1.87156
-1.40349
0.291251
-0.604134
-0.924042
0.28644
0.29261
-6.29062
0.558704
0.340292
2.06284
-0.171548
-0.274856
0.760935
0.366584
3.06059
4.50789
-1.90258
-0.325351
3.62548
-0.599371
0.79827
-8.44544
7.52458
3.26532
-1.24643
-15.7607
-0.100815
-3.93587
7.0106
1.26535
1.45521
7.13925
0.0750719
1.08411
-0.115659
-1.41159
-4.45573
0.284312
-0.937921
-0.541188
0.161289
-0.141235
3.35796
-0.918434
-57.6731
8.10401
0.478073
2.92631
-0.344691
-0.357044
-0.913815
4.10502
-8.4887
1.98446
-0.444503
0.297006
-1.42786
-1.81139
-11.297
-0.831562
1.64558
3.57257
1.14921
-10.4157
-4.30033
0.449841
-3.99179
0.675862
-0.0254945
-0.201019
-1.12547
1.411
0.303727
-3.40596
1.38744
10.4206
0.788098
4.42422
0.128249
1.14155
1.01031
-0.020832
31.078
25.7264
1.91072
-0.551434
0.251636
-1.14746
-0.0695822
3.77156
0.0410347
0.537433
-3.93797
4.8428
-1.07767
13.5118
0.613196
-2.41138
1.07726
-0.590752
0.294263
1.63215
0.448211
-0.777801
1.15095
-0.789056
2.24095
0.290999
1.00907
-2.27104
0.264367
1.20154
1.41878
2.05646
0.671015
-0.19065
-0.575504
1.50805
-0.499068
-1.84012
-20.14
0.267141
0.271575
2.81289
1.03679
-2.29507
0.709582
3.27388
21.1792
0.678936
5.95865
6.34743
-0.541382
1.10342
-2.02622
1.61681
-0.848671
-1.54653
0.0445782
-92.7277
0.363136
0.281034
0.284215
0.000470582
0.362501
-0.640091
-0.141339
0.327606
0.269414
-4.7581
-2.72988
0.56958
0.208828
-1.21383
-1.13253
0.461981
-2.55005
-0.564412
-2.3593
-0.17194
1.3024
0.44036
-1.19999
4.88526
-0.892237
3.39131
1.08134
0.0763691
1.05146
1.83384
-2.15865
-1.20308
0.535497
-11.375
0.0827168
-1.49823
-16.7878
0.861557
-1.39363
0.00246327
2.68813
0.644884
-0.980394
-0.82897
-80.5843
10.8244
-4.01637
1.83956
9.15295
-0.938846
-0.655622
-5.91213
-0.584397
-0.271839
0.464801
0.1274
1.02739
2.02376
-2.76025
3.70692
0.497879
0.208085
-0.233626
0.722014
-0.17831
-1.24828
1.62083
-3.9762
17.7615
-1.06461
5.92521
-1.4247
-6.25601
-0.492393
-0.121212
-3.13161
0.470198
-0.40915
0.752546
-6.37308
5.03511
1.3187
-1.83674
-0.610208
0.332497
13.8986
-9.54041
-1.39563
-0.471077
-0.117054
1.0735
-1.04358
-0.125613
-1.29518
0.623036
0.523622
-10.3175
-1.00315
0.637665
0.76791
2.29824
0.510839
-1.72254
-4.23073
0.794684
-1.45177
-14.5027
-3.37838
0.0842545
0.648616
7.18254
0.84494
1.77735
-0.612312
21.5288
-0.6639
0.602892
-8.06038
-0.584353
1.75081
-2.29629
-1.66689
0.130522
1.21707
-2.63816
-0.0294582
-2.88451
-0.432547
-0.775962
2.65157
-0.396577
-1.19201
1.19959
0.677608
-4.18819
-1.59947
0.541463
-8.80253
-2.28447
-0.26388
1.16989
-1.85181
-1.0079
0.162202
4.86448
-6.03725
2.17482
1.73669
152.615
-0.248826
2.20933
-1.54867
3.52595
-0.704829
1.90933
-1.97253
-1.04224
-0.711966
-1.77606
0.0553781
-1.19803
1.83374
0.331445
0.664396
1.96067
-0.532108
5.60242
0.024752
-2.52491
1.13782
-1.27168
0.916342
2.19865
-0.329326
2.8323
1.07141
-0.779576
-0.757438
3.54673
1.22206
0.882506
-0.480931
0.636686
-3.44349
0.552123
-0.382989
6.80126
0.411826
0.00409211
-10.9591
1.86521
-0.12339
-0.91026
-2.67641
0.919425
-0.312311
0.243075
-1.71489
-0.244029
-0.554263
-2.92672
0.453018
-1.17872
0.0568945
7.25547
0.511198
-0.340912
-0.215633
-6.30389
1.39532
0.3996
-0.178496
-9.94739
1.35876
2.06946
1.76907
1.0475
-0.177555
-0.577656
-0.153687
2.62294
1.99156
483.646
0.233017
0.36968
-0.774118
-1.41549
-1.19249
-2.6066
0.301814
1.95503
0.101446
0.714913
0.123127
13.5365
-0.466919
-1.3053
-2.67258
1.23189
1.46776
1.19726
-4.07167
-1.91727
1.46871
-0.366397
0.904496
1.50569
-0.181309
-0.633932
-0.526779
8.44339
-1.85066
-8.44553
-4.54263
0.526494
0.148808
0.0681843
2.12794
0.855544
1.97576
0.362082
-1.03488
0.17143
1.92924
-0.408468
-0.431236
-0.184203
-0.727964
-3.76773
-0.935757
3.24882
0.373391
1.03877
0.615358
0.566003
2.65533
3.86098
0.00884936
0.414478
23.8112
0.0496717
-3.65052
0.458205
2.19955
0.226028
-0.312552
-0.66167
0.776258
0.418241
0.0888044
0.816556
-1.68093
-0.0383273
-0.997146
-1.55893
-0.956578
-0.610689
-0.670162
-4.64128
-2.53214
0.561171
-2.06116
1.00525
-0.488783
-0.736858
0.0896745
0.36789
-64.176
0.694008
-3.00189
-0.576547
3.50907
2.36999
-2.81418
-0.811844
0.320265
-0.437858
-0.644997
-0.829912
-0.572181
-0.999511
0.0847951
0.0820548
0.151177
1.2255
0.179385
701.905
-0.967873
0.974991
-1.92863
-3.53549
0.588226
8.70449
0.786412
1.07536
0.49645
-4.81964
-1.00719
-4.35213
-2.06042
-8.43622
0.0116432
-0.938065
-0.541027
0.305131
0.413375
-0.873083
0.352939
3.22286
-0.615663
7.88953
6.44293
0.827502
4.41503
1.16052
-2.04735
-0.178309
-1.0824
-1.27694
-1.64747
-1.68993
0.316635
1.78139
-1.66818
-1.03558
-2.49232
-2.08907
0.0465446
-0.404698
-0.168732
-7.00376
-1.12901
2.01347
8.66446
-0.640871
-0.34245
2.29846
3.71758
0.877828
0.594279
0.16296
-0.724681
-1.53033
0.552383
0.622461
7.94741
0.587155
-1.10501
0.517465
1.46846
-0.886187
-0.0229214
1.1549
0.275465
-4.99255
0.123536
-0.626988
-6.6419
-1.64305
0.793289
0.0822315
-7.6722
1.16883
-0.124893
4.22426
-0.565849
-0.604099
-0.0251068
-1.50273
0.523418
1.99005
-0.292951
2.99136
1.36481
0.0458992
-0.164857
-0.35938
-0.67613
-0.64576
0.0353154
-2.36882
0.139568
-1.51777
-1.90404
0.655601
0.314201
-1.08507
0.646957
2.55907
232.125
0.0878603
-8.82732
-3.65132
0.232448
-5.57349
0.346705
-1.07054
-0.371368
-0.630722
0.602702
0.498567
-1.32479
-1.24313
0.335516
-5.75471
-0.467128
0.185015
-0.0214521
-4.66017
-0.160759
-9.41938
-0.305488
-0.17883
1.19566
1.90926
2.36625
-0.706983
9.9951
2.2907
1.66191
1.30121
0.424242
0.242765
0.422618
-1.17094
0.0488283
0.164665
-0.58156
-0.79479
-2.95967
2.21942
3.30138
-0.854631
7.03536
-3.38966
0.000823088
12.6665
1.6864
-0.826191
-0.0487429
-1.70029
4.77236
0.525433
-0.345058
-0.540243
-1.14168
-0.616167
-0.155931
0.359612
-1.33552
1.55725
1.61561
-0.27628
-6.97966
0.745518
-0.740213
-12.7824
0.29263
-3.05786
0.0203853
-0.383663
-30.4637
-0.442648
-0.3069
-0.58631
0.35127
1.03514
-2.29317
1.06261
0.554962
-0.652986
4.53782
0.835406
0.865066
1.95147
-0.662548
-7.39426
-0.703825
-1.47801
-3.5021
-0.08241
-0.767334
0.34917
-0.130405
3.85355
-2.27657
0.413885
1.71675
1.24653
-4.01023
-9.71576
0.0390944
17.5636
-0.0671001
-0.363258
4.92542
0.420067
0.0208058
1.40931
0.392283
12.2723
-1.07616
-0.809628
-0.0795694
0.421677
0.0126737
-0.200108
0.604446
0.177989
-0.261468
1.61135
0.716218
11.8415
-36.8552
0.891891
1.14379
0.308792
1.95987
0.681946
-0.688656
-0.555951
-2.3445
-0.0587046
0.198599
16.4467
-7.79875
7.82122
-2.23177
1.7304
5.76427
-0.119502
-0.0149453
7.75907
-1.55455
-3.21016
-1.3437
14.6837
10.4138
0.700936
9.28397
109.337
-0.726319
0.885147
-1.25409
0.741705
-1.06187
14.067
-0.46088
-1.77094
0.181627
-1.34081
-0.315109
-0.448896
-4.02596
0.705323
-33.14
-8.17311
0.733395
2.70734
1.50628
1.35295
-0.0670256
3.12995
-33.7558
-2.05666
0.568109
-0.852082
8.74588
-0.430864
-1.71657
0.593588
18.7057
2.98633
-0.688573
1.99931
3.4312
-3.46977
-0.773606
0.870858
0.770185
-3.46162
-0.639412
0.896338
0.769671
0.749467
1.04491
-0.500811
0.55278
2.7191
-0.988143
-4.25131
-0.81908
1.99662
-1.08936
0.153253
-0.181155
-0.47595
0.836641
-0.923799
0.598912
-1.26232
1.34325
-0.00601725
-2.41077
0.0516336
0.958794
2.47077
0.750462
0.72799
-1.44544
-0.823802
-0.0792151
2.93559
-1.20916
-0.255879
-6.99803
0.57026
1.44668
2.28966
-3.50308
0.488665
0.259374
1.61538
0.512326
-2.3137
-1.09792
-0.332031
-0.252236
-2.02518
0.210312
0.893522
0.423629
-7.23413
0.0535749
0.762478
0.802234
-1.86773
-1.80877
0.178856
-0.0570318
0.191104
-12.8998
-1.85979
1.633
-0.083333
0.624347
-0.727548
1.1388
-0.552271
35.7382
0.808153
5.63664
-2.44068
25.1594
-1.81693
-1.95119
2.39912
0.685553
-0.605313
-1.15786
-4.15527
3.00854
3.19702
1.65131
1.80337
-0.880676
0.119137
-0.676071
-0.0858412
0.644116
-26.2721
-0.337607
-0.124116
-1.21153
-0.268431
0.923386
-0.333152
1.0273
0.344543
-3.22396
3.74782
0.0123303
0.885832
-0.883216
-1.96759
-0.0190875
-2.20188
-0.185578
1.02306
-0.577825
-0.307657
-2.76603
-5.91454
-1.21447
2.02717
-0.865604
-0.600564
0.276778
-0.9969
-19.0394
1.26487
-0.686638
-5.80478
-1.46622
-0.856953
2.51063
10.0434
-0.659027
-1.09007
-0.0961573
-3.60227
-0.340521
69.3892
-0.783179
-0.235115
1.4814
2.30243
-1.84196
-2.0456
4.20508
-1.65887
0.795627
-1.29592
0.343183
0.464265
-2.02899
1.71105
-0.77259
-0.703658
2.99249
-0.186812
1.35492
-0.324498
-1.11637
-0.0291514
0.0166105
-0.899686
-3.60218
2.63315
-3.16016
2.2149
-2.70259
-0.650105
0.0690739
2.87023
-0.523956
-0.686288
-0.593024
-4.7672
-0.372888
-1.0889
-5.1948
0.275124
0.0739216
-2.22327
1.79435
-0.503638
0.822063
0.212045
1.78495
5.34647
2.00176
-0.500227
1.29214
3.21542
-1.94261
-0.190454
-1.44337
-0.295808
-1.24019
0.782989
-0.404485
1.19952
0.178396
-30.0267
-2.61202
8.53044
-6.25374
-1.52257
3.6887
-0.0997153
-1.03512
-0.232617
0.596529
1.44858
3.12994
0.762931
1.85781
30.8255
0.823898
0.271726
1.53993
-3.14388
0.423028
-1.51472
0.383261
-0.0165465
0.252466
0.488143
0.430052
0.671316
-0.99747
1.23674
0.0280366
-0.308761
0.211978
-0.57448
4.00589
3.15938
-0.133568
-0.0646242
-0.724209
-4.65785
1.14926
-24.2343
-0.922531
-0.594696
0.999394
3.01536
2.34993
5.07917
14.6346
0.0597591
-0.360931
0.46671
-1.07828
-0.273566
0.70228
-0.803202
-1.84924
1.22547
-11.8178
-0.239449
-3.46726
0.110471
-1.20241
-0.27638
-2.57434
-1.23715
-3.18183
-4.54959
0.40157
0.13833
-1.70904
-0.238739
-0.755775
2.57969
-0.578573
0.420484
-7.05246
-0.214394
0.774848
-0.054118
0.683767
-0.243542
-0.781733
0.953312
2.01272
-3.13923
0.171561
0.377384
11.9468
1.20358
0.979917
0.26206
2.19156
1.4965
4.52071
-8.85139
0.749205
0.565527
0.0800933
1.29029
3.22407
10.664
-0.093104
33.4498
0.899763
1.66197
0.655068
-0.0758794
-1.96602
-2.87179
21.1735
-2.45984
0.873293
-3.61384
-2.32774
-1.25717
-2.86142
-1.47068
-2.04289
-0.439711
2.20975
-2.44723
0.365067
-4.16884
-1.01501
-1.49541
-5.59991
-0.441578
0.522367
-4.37416
-2.27628
0.624633
-0.777236
3.22818
0.912252
-0.297146
4.06462
2.10848
0.925935
-0.914041
-2.35688
-3.21268
-0.0552457
2.60795
6.44421
-0.562906
0.836894
1.36701
-0.286676
2.04056
-1.91938
-0.822462
0.92521
-1.62737
-1.23181
-3.41087
1.1417
-0.884242
-0.599792
0.678214
-0.206952
0.114334
-1.45268
5.17395
0.705596
-0.481149
-0.383299
1.7373
3.91801
0.0513254
1.85857
-0.709617
-5.86289
-0.876034
-0.137884
0.42403
0.0611962
-0.44679
-0.374533
-0.0143685
-0.895698
1.2
-0.675752
-0.962564
2.4652
-0.0573659
-1.02398
-0.342158
-2.26663
-18.3514
-3.01402
1.18241
15.0942
-1.70712
0.495083
0.683255
-0.794989
0.0566945
-8.26876
-1.02666
-0.648112
-1.56168
0.300141
-2.08969
-0.601671
0.0244603
5.4889
-0.43452
-1.301
-9.26035
-0.930995
2.23149
0.259294
-0.0560064
0.782195
0.614428
-0.93453
-3.53717
1.21101
0.496522
0.0328815
-5.99797
0.599395
-1.29143
19.4603
-0.303712
-0.282334
-0.883604
1.24576
-4.71852
1.81163
1.04918
0.167245
-0.358409
-2.20512
2.46674
22.5994
-227.61
-4.40171
0.277948
0.823487
-1.53788
0.400152
-0.508272
10.8594
0.441031
-2.54869
0.785637
2.29445
1.9511
0.366718
0.775843
2.48303
11.2802
0.263175
0.681129
-1.13204
-0.612868
0.712026
0.147351
1.25412
-0.0456703
1.03197
4.49014
-1.14598
-2.00168
-0.0424739
-0.0983021
-21.0316
0.250309
-0.402004
0.0976453
35.471
6.59961
-1.53271
0.251572
-3.65083
-0.487772
-0.808742
0.481643
-585.004
0.974077
0.182549
9.71927
-0.663261
0.546334
5.16334
-0.503933
2.91865
6.73283
-0.685588
-1.07552
-4.61534
-0.419778
2.89242
-3.66474
-0.265383
-1.09419
1.83619
-6.34672
0.564623
-41.0312
-2.52668
0.14184
0.0455544
-3.61505
-0.234077
0.645145
3.50455
0.160443
-0.989996
-1.79887
0.264008
-1.44406
1.133
0.438089
-0.663745
0.319755
0.858717
-4.43682
2.14132
0.264464
10.8739
-1.20386
3.29906
1.04567
1.56629
0.378084
15.131
0.0964346
2.72224
-1.0625
1.02803
-0.649573
0.267687
-0.43305
0.48591
-0.994053
2.98552
0.356474
-3.42101
-1.37357
0.633364
0.680197
-0.0532377
-0.494112
-6.2515
-5.43511
-2.91177
-1.50809
-2.71289
1.22722
-10.0303
-3.83831
0.445394
1.81514
-0.378017
-0.312839
2.10493
-0.726711
2.31471
-0.668806
-2.53311
-0.126359
131.643
-3.09106
-0.326287
-0.12167
3.43951
-0.524756
0.0808907
-0.215178
-1.15024
0.653377
-2.01526
0.690855
1.65028
-0.145897
-1.78765
-5.43196
7.89203
-7.15262
1.13012
1.29677
0.481147
-1.31426
1.25567
-1.16554
0.772314
-2.25387
-0.256165
0.381665
-0.130578
0.251064
-2.0062
-1.06702
-0.712994
1.72514
2.07431
-0.724065
-0.585147
1.53043
5.14963
0.578855
-1.31678
-3.38697
-0.107884
22.6809
-0.713154
-3.41081
-2.08983
-1.28417
0.012181
-0.587353
-1.57174
-3.78166
0.239717
3.84741
1.1336
0.341594
0.0593781
-2.28567
-0.720694
-6.31195
1.75433
-0.488355
-28.3391
0.109339
-3.36529
-1.51154
-1.26781
0.757604
0.875198
8.2753
1.14503
0.252836
0.00309992
0.102983
155.922
-5.76459
-0.0594735
0.153911
0.369338
-1.62737
-9.82528
-5.67692
6.88909
0.459582
0.57487
0.680726
-3.39433
0.365735
-1.38083
-0.924215
-91.1189
-0.286611
-2.40057
-24.846
-0.0153665
-8.59572
0.364404
-0.568476
-62.9531
-1.9766
-8.81951
-0.961243
14.8514
-0.00276025
-0.0413499
-0.147845
8.70234
-0.46539
-2.46717
-2.78329
-3.22221
-66.6722
1.58605
-0.362745
-2.1711
0.957132
-13.1265
1.57796
0.896284
0.331809
-1.41249
-0.391355
-7.10431
-2.05907
1.41839
0.237877
-0.199881
-0.0395973
-1.03743
-0.849539
-0.442932
-5.07273
0.369981
0.527603
-1.98201
-2.18899
1.03749
5.76044
1.03431
0.550588
-0.0230256
-0.441491
-0.614299
-0.137006
-0.194027
14.7875
0.0859502
-0.692914
-0.551465
0.984813
-0.106032
9.12083
-0.612969
0.49046
-0.879979
0.471975
-49.0205
-10.2459
-7.28324
29.1686
1.61722
-2.24842
-0.555038
-1.90251
0.18463
3.31724
1.53327
2.75012
-0.232571
-5.23243
-0.995219
-0.68277
0.606589
0.123007
0.178112
-0.693947
-5.11413
-0.956028
19.5992
-1.70896
-1.40015
-0.460969
-1.73208
-0.201197
-3.59356
1.66055
-1.71739
0.167193
1.80933
0.522809
-1.37844
-0.639291
5.73407
-0.0713518
-1.59853
0.841469
-14.6255
2.33541
1.15483
-1.85315
-0.124663
-2.50249
-2.42599
0.267275
2.45094
1.18091
2.60512
0.557055
1.22185
1.05809
0.951931
-0.287544
-0.358953
-0.63792
-2.47849
-0.288326
13.8987
0.431219
-1.60177
-2.89579
0.708361
-0.706344
1.24624
-1.06049
-0.838954
0.448405
0.613475
9.29891
0.0538636
1.64594
-0.388306
0.539301
9.85079
-8.90252
-1.80728
21.225
1.03382
-0.0601187
0.15302
-0.878582
4.0975
-0.222625
0.857634
0.612024
-1.12899
-0.515303
-0.517001
-0.988577
1.40312
49.0682
-51.2719
-0.291663
0.218519
1.00733
17.6272
1.54485
2.49789
207.377
-0.111432
-0.750423
-1.10633
1.23221
2.77842
0.890167
0.0833287
0.35423
0.212602
0.189713
0.810815
0.376332
-0.972738
1.79059
-0.488523
5.45468
2.08757
-0.0929341
2.1894
0.2241
3.06964
0.356368
34.8071
-0.27591
5.11052
1.14738
-0.478229
14.9291
0.299164
0.843114
0.0136699
-0.52495
-0.560327
0.498873
-0.507713
1.35881
0.930037
0.559531
-0.0263804
2.01086
-0.809968
-1.32552
-1.0943
-24.8624
-0.067226
-0.564569
1.37329
-84.8112
-0.414087
-0.0311764
0.252541
1.42735
-1.53424
0.863686
3.14914
-0.983467
-1.95543
-31.7779
-1.47535
0.00371089
-0.518861
0.180836
4.04956
-2.01206
0.169534
1.35739
-0.525061
-0.797679
2.46767
21.0817
-0.686433
-0.700493
-0.72955
26.8805
-1.74968
0.711622
1.24374
-0.638192
-1.98722
0.605843
-2.14007
3.90554
-2.45144
2.77227
-0.87185
1.05462
-2.05268
-6.6752
-14.7069
1.09646
0.846766
0.61293
-1.20057
-1.89522
-1.15181
2.4452
-1.89698
0.604066
-0.661645
-0.589556
-4.01613
1.36602
1.63419
-0.56809
8.63559
-0.155668
-6.19133
-1.50668
-2.23276
-1.11817
1.16409
0.601477
6.28568
1.02913
-22.1675
21.3129
-1.27532
-3.97763
2.61954
1.66371
-0.166909
1.48324
-0.0992282
-27.9743
0.948453
3.09227
-1.98737
-0.593246
-0.848086
0.557522
-0.863845
1041.97
-1.04462
-3.83171
0.341953
-0.12585
-0.747292
4.41019
-0.183094
1.49528
-1.36801
0.865382
1.85426
0.711567
2.07371
-2.88152
1.98431
2.83983
-0.544572
0.305851
-1.83261
-0.235681
-1.93765
-0.422437
-3.3199
-0.0361659
-0.700271
-7.71956
-0.451238
4.61401
-0.123457
4.45883
-0.0573087
0.533915
0.844038
317.764
-1.07521
0.53151
-0.716989
2.15737
-1.32499
-11.1462
0.645364
11.7704
0.416115
0.884389
-0.0830897
0.0650179
0.428472
-0.456279
0.325443
-5.1832
-1.45663
1.29929
566.042
-0.214707
0.935605
2.2024
-0.0334501
99.5211
1.56932
-5.89526
10.6915
0.881548
0.991615
-0.881083
0.416755
-1.19909
0.537978
0.590093
-0.802389
-2.92667
1.77791
0.853071
0.367709
10.5672
1.50121
-0.482549
-0.786043
-0.789463
-6.51789
-0.269726
1.85107
-0.361802
0.725843
-0.733553
-0.683591
-6.7535
-0.571085
28.9108
-0.462974
0.613179
-11.432
-0.636303
-3.16285
0.809772
0.978388
0.895112
-2.32845
-1.11961
-0.1757
-0.569851
-1.86931
-1.04949
1.15693
0.125508
0.60227
2.13726
1.64019
-4.33709
13.2997
1.01813
1.71419
0.480088
-1.98127
8.95049
-1.27719
-4.81838
-1.75121
0.534065
3.24565
-2.59083
1.35333
1.22686
-0.347243
4.16384
-0.0640991
-0.955806
-0.616347
-1.73378
1.33227
0.48103
-1.96085
2.55121
1.00883
3.08274
0.756203
-1.66034
0.0230209
-1.04201
-2.35102
0.315501
0.798998
0.446275
-9.5366
0.0781944
-2.12733
6.7374
-0.413778
-0.933965
0.883928
-0.327083
2.65933
-1.2008
1.26672
-2.1848
0.0628459
5.76103
-0.288408
0.967317
1.56587
-1.05632
2.54302
0.0137858
0.32598
-1.02418
-2.13872
-5.42911
2.89948
0.707302
-9.32181
-0.0490141
0.125836
-1.46278
-0.0228817
-0.601005
-0.503619
0.980538
-0.786248
0.389711
-0.861258
-0.252701
0.186876
-0.239095
-0.204482
-0.71724
1.01995
16.2043
0.0691813
0.50967
-1.91122
3.46755
-0.433223
-0.0526555
0.516169
0.397889
-1.27112
-0.356743
4.9381
-0.46353
-0.0773831
2.28238
1.04142
-10.5085
0.157011
8.21291
-0.239286
-1.14893
-0.181041
0.0196123
-1.13687
0.440085
0.918042
1.06333
3.35237
-1.32912
1.00168
0.744637
2.11117
-0.762699
-0.552421
1.52126
-0.983314
-2.17643
-1.14318
0.288206
0.69805
2.11575
-0.700817
0.36036
0.393267
-0.201683
1.20099
-0.16682
-4.03731
0.829336
0.419328
-1.57641
-4.8494
-9.31927
-1.10591
1.65697
-3.96053
-0.370644
0.515534
-0.0606636
-6.24409
1.903
-0.427176
-0.240637
-0.614292
-3.02883
-6.46325
-9.24884
1.91822
1.13091
-4.21286
0.933999
-1.15615
-0.104837
-0.273789
1.89419
1.77104
-1.388
0.465818
0.00120256
0.361611
-3.07786
0.103446
0.298589
0.796774
-4.81899
-1.11151
2.36921
0.928861
-0.680066
-0.834207
-3.38865
0.28764
-0.319686
0.00806912
-0.220837
0.91752
1.34979
-1.61015
-9.37045
17.5051
-0.226485
-0.620716
3.35056
-0.271249
-0.403786
0.336465
145.685
0.832883
-1.71224
0.752199
0.821496
-0.0198399
0.892701
0.459886
0.893637
0.935003
0.231855
1.8766
-0.950014
-1.26208
-1.65357
0.195946
0.79877
1.10873
-1.51009
-0.636366
9.59255
-0.46669
-0.180009
-26.6434
18.6364
3.97355
-0.611755
-0.177972
-1.60156
0.649073
0.0960543
1.1588
-1.06312
-1.34209
1.22286
1.05394
0.882842
0.7316
0.0305807
-1.16147
-1.11513
2.55863
-6.07338
0.625004
-0.463486
4.06604
-0.298011
-0.189741
-0.320443
1.19836
-3.56872
-0.80509
2.32297
-0.132308
-3.39692
3.74882
1.44357
-0.119473
0.217372
-0.89107
-6.04975
-13.488
-1.60649
16.4217
-0.591567
-0.612798
0.749988
-16.2364
-0.290514
-0.488349
10.4435
1.54893
-2.12672
0.221803
0.17826
2.21525
0.467904
-21.9261
-0.269892
-1.76701
-0.180396
-3.51475
2.43434
-0.138703
2.61893
0.29773
-3.42142
0.479355
0.00260054
-1.03914
-0.0590868
-0.706087
1.11241
-0.663119
-1.39499
0.974248
3.94496
0.149021
-2.05493
-0.111025
-1.42425
-7.74333
0.336815
-0.0887212
-1.17342
-1.11331
-43.0026
-0.436242
4.82321
0.603776
2.61432
0.335222
0.656531
0.915711
0.071747
1.42724
9.33953
5.72484
-0.313992
0.460786
-0.192439
-4.94341
3.59704
-6.50661
0.335761
0.418455
-0.282333
-0.442317
2.4521
-4.65423
-1.81201
-2.18432
-0.343173
-2.63479
-1.68046
-2.89387
-0.749447
0.374662
0.0312848
-0.735864
1.32882
-0.203272
-3.34507
0.196929
1.77622
0.524598
0.0232825
0.0800744
0.345744
0.427934
3.65342
-0.454151
0.690669
-1.50189
0.168084
-0.732236
-1.37999
0.132883
2.84957
-1.10544
0.265265
-2.30392
16.729
-0.135753
0.0178567
-13.572
-26.1798
1.42069
0.0317361
-3.86473
0.560382
-1.2276
1.19687
0.0203137
-1.11485
-3.37549
1.26569
13.7544
-2.26695
-0.530364
-2.22046
157.691
0.990643
0.357397
-0.570131
0.556971
-1.08257
-0.105424
2.22559
-0.117116
-0.852503
-2.17623
-0.951052
-0.548579
-0.672395
0.125221
0.0689618
0.352198
-0.469035
-2.22777
0.679166
5.06346
2.33239
-0.116518
1.15489
-4.99476
0.806015
1.39678
3.65725
-0.483473
1.7519
1.82227
-8.34151
8.4324
0.242017
1.33871
1.07633
0.430871
-0.891193
2.76048
2.86244
4.07575
-4.18063
0.267224
-0.884037
12.0644
0.508005
0.00758051
-1.00809
-0.246826
0.526152
-0.146493
0.434498
0.950997
0.552616
-0.150746
-0.710463
0.23672
-0.0405286
-1.63314
-0.316174
-0.865824
0.00196885
0.994337
-0.888883
-0.730111
4.45228
-0.741375
141.303
0.464658
0.843025
-2.06646
2.29437
3.21648
62.2058
-2.87969
-0.180636
-0.76691
0.312333
1.20919
0.376961
-6.70376
1.96246
-1.14872
-0.273429
0.36557
28.2998
179.026
1.91984
-2.7723
-0.560833
2.41433
0.149699
-0.524305
1.16931
-0.818656
0.188877
9.2548
0.0580211
0.986597
-25.6898
7.18859
1.11191
-0.485159
29.1355
-2.06727
-1.05134
0.261501
-0.409407
2.009
-1.6977
-0.201977
20.6198
-0.343232
0.90882
-0.547341
0.864108
0.128599
0.181158
0.398689
-2.03679
0.535106
-1.23874
-4.87832
-4.1561
0.514468
-0.412732
-0.211434
0.909056
-0.284781
0.114455
-0.477204
-10.2343
2.55192
9.38913
0.0586981
-0.439889
-0.155874
1.78315
0.111671
1.00742
1.63883
-2.63745
-0.0701442
-0.0907672
-10.9003
-1.07483
-0.305344
-1.79815
0.782948
-2.42778
2.12549
0.048528
-0.242039
0.140585
0.794437
-0.150345
-11.3373
-0.30561
-0.731086
-13.0404
2.8328
13.6456
-1.17077
1.92847
-5.53314
0.326907
1.35808
-0.492562
-17.0782
4.41826
-0.123919
0.496154
-0.72625
-1.19343
-1.77215
-1.00959
-0.0792894
0.978207
-3.85543
0.125898
1.4333
1.56534
0.285236
-1.76183
-1.74713
0.0831789
3.66527
-1.38724
-0.341228
0.57508
-0.388182
-0.416036
1.2014
5.73243
0.487803
-2.16192
1.23304
12.7802
1.96198
1.835
0.910319
-2.89676
-2.35937
1.97514
0.330338
0.437005
-0.630943
2.19208
0.0952496
-0.283721
-0.39844
-1.20943
-0.635118
-0.153926
-0.619916
0.000608981
-0.0542167
-0.118641
-1.42193
-1.38375
-4.98844
9.88329
3.45434
1.07489
2.42172
10.817
-0.239703
1.13866
-0.597723
0.901083
-2.27942
0.256296
-0.0111426
0.764983
2.95979
-1.64452
0.333749
-1.94848
0.532324
0.159258
0.256943
-0.0983814
18.6697
-0.291083
2.38029
1.64598
0.124711
-0.173503
-2.05985
-5.12246
1.64294
-18.8873
-7.15588
-0.17629
-2.01773
0.0115125
0.859194
-0.635705
-1.37609
-2.49963
-1.04102
-1.69377
-1.26033
-0.0255567
0.0622023
-2.11281
-10.6352
1.06689
-9.01178
0.218278
-4.75337
0.125146
3.35514
0.13759
