0.737937
-0.834921
-0.805685
0.962558
-0.577987
3.42373
0.803363
0.286079
0.218245
1.27296
0.67052
16.7782
-47.894
-0.0453175
-0.0964438
0.468349
-5.36609
-1.0718
-0.643353
26.5321
35.1774
2.22641
-3.77428
1.53036
-0.214844
-0.360079
-0.0878837
0.305912
0.358681
-0.347339
-0.402497
3.99686
1.46627
-0.686486
-0.220814
-1.78717
7.9712
-1.6853
-0.233351
0.554872
-0.371
-0.131006
-2.64792
-1.28095
-0.588464
4.803
0.220793
-0.0747205
2.35491
0.685507
-2.47956
-0.261821
-0.364403
-0.0379122
1.06462
-0.492133
-0.195615
-1.21229
0.45938
0.732019
3.06649
-5.52809
1.52938
1.02968
-2.55974
-0.968288
-0.56903
0.0828718
-0.530492
-0.0332495
3.1113
-1.86681
0.151559
-9.72995
-0.104876
-1.15108
-2.13676
0.267463
41.5014
6.67177
-9.3995
-0.533363
-1.267
1.0949
0.165042
-0.691708
-9.20507
-0.782054
-17.3357
1.44666
0.474107
0.723852
-0.339106
0.751498
7.57803
-0.0421031
-15.5995
1.50724
0.672531
-0.856939
-0.880793
8.5197
0.287714
-7.31269
-0.271936
0.53173
6.06568
-2.80458
0.173213
1.01703
11.5114
0.969488
-12.2715
-0.322278
0.0324373
-0.789961
-0.217096
-0.140151
0.588164
0.0639694
2.06747
14.1257
-1.05106
1.08254
-0.92115
-0.338467
0.115816
0.535402
0.918721
-1.12317
-4.56429
0.0293378
-1.48459
-27.9882
3.38549
-4.99082
4.48134
0.35215
1.14589
12.2782
0.129507
0.342907
-2.5464
-1.49332
0.298934
0.991921
-3.35716
-0.549905
0.985147
-0.451199
-10.1197
-0.302173
0.454703
0.358186
-0.450023
20.102
-0.655008
-50.5954
0.521706
-0.155698
1.59545
0.809174
-0.217861
0.229405
0.137706
0.711692
0.131603
-2.56748
-1.84113
0.0600042
0.13965
-0.954408
0.25258
3.87612
-0.279389
1.6785
-0.820958
3.1445
-1.33974
-0.430749
-0.120257
-1.27527
-0.104513
0.142911
-0.719901
0.10307
-0.244862
-0.259092
-0.909659
-1.26408
1.13282
33.5024
0.0521165
1.78532
-0.0249269
1.51815
3.20135
2.15512
-0.721193
-0.817418
0.325272
1.96061
-7.51095
-0.759155
-0.134525
-5.9936
3.02971
-2.4612
4.09887
-0.0411606
21.0206
0.228638
-1.38527
-1.71249
-0.96293
-1.15018
1.68732
0.671558
-3.62761
0.0692096
-1.70508
-14.7626
9.18115
4.00862
-0.384407
0.163072
-5.53866
1.25635
-7.91907
-4.20235
1.63275
-2.32342
0.113309
-81.7999
-0.309544
3.61198
0.399107
-2.3639
0.308076
-0.129443
6767.27
-1.1045
4.34538
0.680325
-0.415479
-0.459876
1.16697
-0.968011
-3.75819
-0.377846
0.569087
-0.56621
0.334422
-9.36088
-0.529264
0.326186
0.27176
0.0318225
0.155469
-0.517495
-0.303086
6.14037
-0.463766
-11.6516
0.736887
-0.414549
-0.562656
-0.460167
-0.14751
-1.31605
-0.852742
0.547709
-5.59111
-0.220913
-0.348712
5.23753
-1.07357
-49.3046
0.388052
-0.87922
-23.0987
0.449821
-2.50794
1.95486
-1.58214
-1.31709
-3.02107
-2.15291
0.190824
1.72957
2.99725
0.714584
0.236333
-26.1375
-1.56068
-2.22841
1.76023
0.0591125
-0.592704
126.722
0.26465
-0.63066
1.4408
2.35673
1.51587
-1.06314
0.936756
0.205853
-4.3918
1.81861
1.09628
-2.51737
-1.09295
-0.0172368
-3.16825
-0.0847336
2.33936
0.238873
-0.0398702
0.823824
0.0983157
0.834902
-0.232345
-0.604336
0.23205
-0.0977379
0.317976
0.809551
-8.7716
-1.14482
0.54235
0.762515
0.345998
1.31635
0.0757192
0.213482
-0.0201448
0.187999
0.603575
0.296252
11.2215
2.04126
-8.46673
1.16377
-0.920879
-1.05699
-0.207197
-0.848797
0.931538
2.75934
-1.10708
4.81737
-0.169065
1.51925
5.0175
0.867629
-0.531713
3.41316
-5.52978
17.5352
-1.82192
-0.037896
0.162764
-0.38378
-0.176994
-1.68896
-0.365754
0.856027
-12.1399
-1.5236
3.41362
0.759695
5.09158
0.0441915
1.72178
-1.60189
4.05081
-0.476593
-15.5051
-0.828913
3.47081
-0.848055
-1.05834
1.54317
0.218703
-3.0568
1.06644
1.03851
-0.387686
2.73985
1.67136
-0.507253
0.076456
-1.09966
0.762828
-0.737909
0.722443
5.69591
1.4081
-0.57293
-1.56034
0.960501
10.5729
-2.06493
-0.844686
3.311
6.83262
1.7053
-0.364932
-0.762613
0.442158
0.132027
2.87737
-5.67202
19.5771
0.0836815
-1.80524
0.0644355
3.18379
0.213177
1.94287
-0.857916
-1.0574
-0.0699752
0.10399
-10.306
-3.77581
4.12493
-5.14067
-0.780236
-3.31059
3.60315
-11.7234
-3.42485
-0.128083
-0.750266
1.68078
-10.4596
0.839957
-33.9682
24.3853
-1.54178
-0.315731
-0.598738
-2.64888
0.859059
1.98633
-0.859208
-1.11412
1.29809
-6.23702
-0.0347289
-3.24742
-3.74085
-7.81297
-0.705271
-257.972
1.55687
-7.99792
6.14955
-0.285273
-0.319433
0.0721356
1.4041
-2.0924
-4.02544
1.67324
0.0874546
-0.152227
-0.564169
0.728446
0.909854
-0.573207
-0.442173
-1.15458
1.35253
-0.962811
-1.06529
0.613251
-24.296
-1.98617
0.251589
1.42246
7.12106
-1.78362
-0.260617
0.474741
-0.646637
0.613138
-1.57771
-1.06013
-0.375113
-0.352931
0.398395
-4.11405
-2.18652
-0.721737
-0.601073
6.29511
-0.837869
-13.3981
-1.31343
-0.137032
3.68269
0.0201667
-0.652728
15.1503
-0.367895
0.356216
-0.104125
0.432414
-0.142775
4.6075
-2.00153
-7.44575
0.071526
-0.0327011
-1.86255
1.62679
-0.0812317
0.39579
0.198447
-0.785996
-0.151121
-3.64205
1.32825
0.249108
1.96258
1.39409
-1.25047
-0.750098
-0.124538
0.608793
6.87416
-0.136938
1.58333
0.121989
0.740202
0.578022
-2.63707
0.0104376
-0.668551
-0.0870823
-1.11492
-1.66275
-2.77339
-0.100203
-1.26859
0.642201
-2.29551
0.164889
0.279722
-0.763651
-0.51804
-8.43111
1.53409
0.554826
-0.188024
1.20067
-1.11533
-64.4802
-0.345038
-1.50271
1.17478
1.24514
-2.36338
0.389133
-0.0817753
2.07214
-0.793372
1.45937
-0.758799
1.08033
-0.245134
-2.02965
-0.996359
-1.19957
-0.325867
-2.26752
-0.405956
-4.12965
0.340317
-0.990807
-0.361908
-0.292608
-1.15381
-0.647359
1.99745
-5.07142
0.530701
1.00935
1.68006
-0.126027
0.164332
-0.518064
-1.50978
0.0275696
-30.3283
1.36058
-1.09826
-2.70614
0.107265
-113.972
1.09167
-3.24021
0.438314
1.8454
9.85283
-1.5019
-0.502766
-0.170627
0.104993
-7.96436
1.18708
0.625587
-2.64873
-0.202331
-1.71603
-2.31599
0.476839
-3.57727
-2.55406
-1.00275
-0.172234
0.0845252
-0.132327
0.386961
2.2534
3.36907
9.253
-0.511678
2.27138
6.43803
1.00397
0.801063
-41.6261
0.256823
-2.1691
-1.38991
1.08548
0.128612
30.9824
-1.10101
0.901691
-3.75872
0.436116
-0.14121
0.0656415
-3.09433
0.112068
0.157707
0.482091
2.21239
-7.29939
-0.58029
-1.34337
-19.7917
0.00986262
-1.18826
-0.35828
0.576354
1.89045
-2.93202
1.96563
-0.536579
157.948
0.143627
-0.459514
-0.932226
3.38739
9.6733
0.320986
0.407356
-1.12425
0.0231029
0.865037
1.37184
-3.03226
0.147806
0.401332
-2.39072
0.114081
-0.591622
-4.12678
-5.4156
-0.730942
-0.761353
2.41929
11.1175
0.824713
0.169804
0.317649
-1.04706
-24.1179
2.07271
-1.52315
-0.992802
-1.98388
1.47456
0.406958
9.37908
-5.93442
-11.5825
-0.132762
-16.2755
-0.734803
0.571959
-0.8888
1.86051
-0.760984
-0.399179
-1.20092
-0.197632
1007.66
1.42121
0.176629
-5.91589
-0.313426
0.727495
0.924207
-17.9944
1.55054
0.50456
-1.6058
0.740917
-0.359163
0.2978
-0.192192
-12.5935
0.0852979
-2.04782
-3.94702
-297.229
1.93741
-3.5964
-3.04951
-17.1749
-0.564155
1.04072
-1.26527
-0.0705882
0.978757
-1.84404
37.7341
11.1425
-0.080112
-0.913322
2.25466
0.170756
-0.245963
-1.70167
0.591293
-2.61533
41.512
-0.916203
0.984051
-0.877715
0.333603
-0.0608632
-0.453879
-1.61023
-1.28061
2.52812
0.689571
1.57045
0.67185
0.539154
-0.220094
0.146689
-3.4014
1.88675
2.03884
-0.644846
5.25219
0.0626481
0.390547
-36.1531
-0.189122
-6.46455
-0.495077
-3.52408
-2.43483
-0.55191
-0.293377
-0.759454
0.0178415
1.30823
-3.15698
-0.957541
-4.15764
-0.678256
-0.620904
1.02352
0.970885
5.95413
-22.2391
0.117094
1.05101
1.44178
-0.0939655
0.292377
2.0232
-16.5534
-1.94414
0.191024
0.997891
-2.78455
1.23536
-5.39544
-1.21523
0.328536
0.173248
-0.345066
-1.15565
-0.83866
5.02986
0.331452
-1.54592
-2.27718
-9.13794
0.144537
0.853667
-0.00917722
-18.0659
0.864372
17.078
4.8241
-1.07959
-5.17729
0.99835
7.22028
-1.16756
-2.20865
-1.39498
-1.4017
-0.49884
-0.78861
-1.83625
-0.38795
-0.724189
2.27944
3.7549
-0.175473
-2.18231
-0.394647
-0.573378
1.36857
-2.72872
-0.0074382
0.399711
-0.567655
-0.0525282
-4.134
-1.84155
104.965
-0.237946
-4.67777
-1.10198
3.72981
0.980692
-6.99623
6.57487
7.66244
9.78819
0.00697549
0.502136
0.767517
0.955766
1.00174
0.363389
0.00614231
0.974398
-1.31505
-3.38557
-2.9108
-1.89764
0.448196
-0.446957
-0.827203
-2.18461
-0.999358
-3.96767
-0.32805
1.56356
12.3917
0.666954
13.3865
-5.40663
-2.10168
0.230017
-0.00673719
1.32141
-3.45477
0.318498
0.193215
-35.7734
-1.4363
0.84218
-2.80883
0.0359937
0.672747
-44.1264
6.68396
-1.59033
-1.50318
-1.04768
0.353892
1.62145
1.51206
1.99705
-282.539
0.157666
1.01097
-0.298168
4.7127
-0.0321474
-0.710963
9.25942
0.989139
1.91423
1.14762
0.881777
-0.204786
0.220696
0.344739
-0.213372
-0.213628
-1.65697
-1.04715
0.224928
-0.108277
0.851443
-0.376451
0.0266884
-0.227839
1.07798
1.30659
0.298724
0.757359
9.10722
2.4686
-0.67997
-1.35747
-0.231312
-0.550305
0.402326
-2.66577
0.527149
4.98817
0.230404
2.74018
-0.137214
1.03173
0.753039
-1.14923
0.343241
-0.200893
-1.59191
-0.741919
0.59934
-1.39875
-346.868
-1.27191
0.836782
-0.0633699
0.401009
-0.603809
-0.0419691
-0.679789
-2.31241
2.01966
-267.311
1.5014
-0.527458
0.858153
1.49657
6.10299
1.1576
-0.387461
0.148944
1.53289
-0.235092
0.601805
-0.832834
0.415091
-3.11389
-1.29577
-8.60575
-0.470314
-0.922481
-2.75083
-1.30957
-0.349269
-3.65016
2.4454
-0.394156
-0.646069
-7.10639
-13.1182
-0.582926
-1.43739
-1.42563
0.0805121
-3.51783
-1.35622
1.0539
0.167316
-1.77517
1.00571
-0.834334
0.23071
0.0752969
-0.885627
-0.726975
0.843395
-1.37627
-0.519932
1.85748
-1.58878
-1.94825
0.0282137
-1.52948
0.604565
1.27198
-0.786591
-0.363413
0.731099
-0.133624
3.94053
0.0909981
-0.133308
-0.0951516
0.150068
-1.04104
0.172594
-1.04525
-0.326339
-0.555194
0.0842937
-2.65595
0.405132
-0.0365446
-0.475082
-0.670559
-0.272487
3.40336
0.892113
0.229149
2.45118
0.216051
-84.303
-1.17012
-1.11928
9.52278
3.97657
-0.428699
0.576474
0.867323
-0.70221
0.204215
-5.94815
1.28888
-0.671144
3.88116
-1.07784
-0.0455187
0.0514401
1.57143
-13.8451
0.754821
-6.80852
1.49899
-0.392035
-0.107
1.94853
1.48099
0.259851
-0.116874
2.14505
0.328318
1.15796
-22.1554
97.3585
1.60023
1.02842
0.759946
6.0233
0.429937
6.4171
-4.24702
0.977433
0.211713
1846.19
-2.94336
1.06728
1.52423
-3.1446
0.822876
-2.28996
0.239912
-1.84942
-0.327424
1.62383
0.593918
0.553563
-2.90222
1.53329
-0.756115
-0.256666
0.020424
-0.361933
-1.02435
0.91615
1.11311
0.243586
13.0312
0.250192
-4.009
-0.69769
2.29903
7.2151
-1.02683
-0.729323
-0.964716
0.264147
0.473772
-0.052786
-1.38373
0.60101
0.252515
-2.0583
0.45045
-0.321404
-2.4237
-10.4612
-0.285631
0.186463
-7.62202
0.923844
0.378685
0.423873
3.27439
0.133931
-3.82599
0.269265
-0.774134
3.28566
-0.256108
-4.94649
0.161208
0.966878
0.386504
0.921315
-0.0421715
-4.01319
-0.601436
0.2697
-10.9437
-0.028304
0.923521
-2.83511
0.197606
-0.256433
0.515679
-3.29994
-208.408
0.0197456
-0.515137
-5.02697
-3.23738
-0.495264
0.715109
1.36473
16.4718
-2.93259
-24.3376
0.293113
-0.772093
3.27974
-0.874133
4.53822
-15.0872
-4.17074
-2.11427
-3.58908
-0.0109605
-0.824026
-0.114799
1.2508
-0.1796
11.0759
0.663347
-1.75864
0.212996
6.30767
-1.21336
-0.998511
-2.27549
-0.601996
-0.965468
0.561272
-1.36575
13.3695
0.174671
0.984704
-0.408885
-0.945545
0.122713
-0.171283
1.60619
0.930332
-2.33727
7.66964
-1.20582
0.963706
-3.55884
-2.77337
1.17008
-1.03609
-0.119201
0.383743
-1.44583
-3.75171
9.0818
0.358126
3.51821
-0.295804
0.062296
2.11405
-4.10797
26.7444
0.161677
2.77317
1.4135
-7.06095
0.609363
-2.85311
0.027829
-1.31012
-0.607143
1.19506
-1.77677
-1.75724
-0.602563
-0.552367
-1.28674
2.58488
3.49118
0.733166
-1.03074
1.44876
0.244775
1.41335
-0.342963
-19.1685
0.273906
0.439352
0.954805
0.636333
16.6756
2.27779
-0.384151
-0.694652
0.0479755
-6.10637
-1.01333
-1.7512
0.62558
0.639286
0.627545
-0.186587
0.141817
0.000665751
14.5106
-2.15568
138.247
-8.38712
1.16146
-17.1313
0.0897694
-1.82252
-2.91871
-6.69145
1.72959
-1.52207
-1.31863
1.76487
1.69271
23.8514
-0.418835
0.461435
0.979237
0.617929
0.465348
-14.3992
-0.616546
-0.0453927
-0.210022
-1.53142
1.492
-0.0307241
-0.774577
0.0639532
-1.21951
-1.96082
0.208852
0.657922
-2.04226
0.20955
0.179953
18.6916
-0.6023
-3.61848
-12.7119
-3.05034
25.4978
-0.295243
433.082
-0.507959
-5.10801
0.652021
-0.662785
-0.249443
0.395253
-1.53819
-0.159146
-0.21008
0.437295
1.7814
1.68239
1.87988
2.61719
0.166047
-1.39575
-0.21867
-0.0498515
1.15667
38.1304
-25.9015
0.946661
2.66096
0.239719
-0.4573
-3.85159
0.913535
0.340971
8.16395
-5.58414
-1.12831
0.094047
1.11425
0.0910021
-1.39475
0.243194
0.603011
-0.114656
0.960957
1.75908
1.46613
1.56828
0.503205
-0.0980114
-0.557489
-2.5221
1.99588
-77.7159
-0.681802
0.0113371
2.4263
2.13376
0.192755
-2.05347
-23.895
-0.648265
2.45796
-0.432522
0.512343
-0.596152
0.415979
0.5719
3.65816
0.210674
1.52728
-0.10099
4.32009
2.66708
-0.164672
1.99774
-0.561359
-1.32496
-0.2407
-3.19637
-0.403713
0.000458179
3.08398
-0.639917
1.79547
-0.323388
-0.504969
28.5826
2.92541
-0.319048
-0.670894
1.61788
0.485048
2.34223
-0.183536
1.68846
0.464922
0.4869
0.406306
0.440347
36.2086
-0.250451
5.23865
10.3525
2.4345
2.54862
0.954333
0.192862
-0.246004
-0.215072
-0.811514
-2.04645
-4.17408
0.160463
-1.60702
0.292135
0.0758763
-9.6689
-0.00578109
-0.498129
-0.173786
-1.63351
0.0873376
14.0954
0.0786212
1.53804
0.507126
0.91874
0.361956
-0.140529
1.64584
0.576095
1.54993
-0.434539
0.256313
-0.5681
-0.61499
-2.0465
-1.2103
-0.472926
-0.538474
-0.167888
-10.271
-0.150218
-2.18005
-0.663924
2.63151
10.7086
0.0797735
0.836464
2.2004
-1.03728
0.631319
-1.36953
3.50193
-2.52201
-0.0474385
6.23928
0.887699
-0.329093
1.66592
-1.26088
-16.4739
1.07097
-0.61076
2.91532
0.323731
0.235799
0.321804
16.0306
0.55984
0.186824
-0.810051
0.250016
-6.45262
2.54803
1.02338
-1.66536
-0.491019
2.03547
0.0177723
1.91591
0.194898
-0.0944127
8.15859
2.4647
-1.06268
-0.634162
1.24007
2.16891
-0.115709
0.73559
8.13906
-0.0310494
0.0969865
-0.0698145
-1.02302
5.41386
-0.208701
-9.37442
-0.0295481
0.928355
0.149458
-0.903211
-0.176131
-0.0810523
0.712298
-37.839
-0.0588771
-0.563889
0.616077
-0.991827
-0.352533
-1.25393
1.15912
-0.0207729
0.0791792
-4.06901
1.8803
-1.08967
-1.07007
0.710519
-2.54066
-4.65205
-0.0556024
-0.244644
51.5476
0.0252803
0.248443
-1.63365
1.01717
0.170653
0.324396
0.827887
-0.0414178
0.518765
-3.78566
-1.5008
1.10051
-0.293913
-2.67281
27.0693
0.225027
-0.488279
-1.9987
-4.93649
3.65661
-0.632452
0.146417
-2.78152
0.0697409
0.16702
-1.59235
2.18347
1.36106
2.83054
12.1505
-0.662467
1.83536
0.3233
0.176438
-95.3469
-0.862958
0.455121
0.709018
0.304409
-0.629637
0.306052
8.66645
-0.231806
0.577788
1.34255
-5.12054
0.596036
-0.764682
-4.50374
0.442877
0.340173
0.420664
2.56835
-1.76628
-1.40152
-0.5891
-0.999914
3.35146
1.12966
-2.38454
1.34074
0.819757
-0.627243
3.47554
-0.302679
2.88909
98.668
2.66965
0.52465
-10.3089
-1.4355
0.0859785
1.92724
0.432789
-0.0692839
1.47845
-0.679924
-1.04473
1.90162
2.9719
-4.71456
-0.74718
0.781975
-10.5182
1.7385
0.203462
-3.1022
0.344194
33.301
-0.0917293
-0.765378
0.978437
1337.93
-1.35763
-0.176647
1.40588
-14.3543
0.255731
-3.03605
-3.98739
-0.900379
2.04742
-0.968972
-0.099547
1.01845
0.622458
-1.32355
-0.339839
1.01382
0.824254
4.17235
-0.974491
-0.577896
-0.326152
-3.24147
-1.58365
-0.955017
0.305884
-9.98959
2.20247
0.472324
-0.869617
0.859429
0.670458
1.49043
1.30705
-0.601667
2.10839
-0.376938
-0.25951
-3.46744
3.11684
-7.56577
-3.3144
-1.53154
-0.184016
-0.158634
-5.66179
-2.04453
-16.8226
0.280106
0.498965
-4.11391
-0.625057
83.4589
-4.04858
0.718485
-0.223418
0.099992
6.58936
6.05674
1.0187
-12.6057
-0.211518
0.539387
0.519604
2.04406
-0.100147
-36.3007
2.85186
1.73722
0.702684
-0.632299
0.343085
-1.78376
-3.12113
1.87573
0.489919
-0.959109
2.19222
1.09851
-1.27099
0.333349
-3.1826
-0.625719
-3.96313
-0.540372
0.412185
-1.5567
-1.49168
-1.38997
-1.43264
0.0149811
1.22516
-0.765744
3.14704
7.03365
-48.3637
-2.38355
-0.188386
1.0782
0.0527053
-0.507225
26.0893
-0.194243
0.817779
-4.30891
-0.710865
12.2689
-0.0252448
-0.187595
-6.30838
-0.552981
8.22345
0.53115
2.5742
-0.754165
0.244459
-0.0766173
-5.6085
-0.448234
0.407642
-0.109879
-0.476021
0.979657
0.536478
15.1343
0.931748
-0.0320337
-1.45509
-0.562925
3.51451
0.828241
-0.00986853
-8.25513
2.7033
0.0861671
0.292992
3.08312
-2.55656
-0.614671
3.24965
-0.465299
-1.11078
0.761053
-3.29909
4.0356
-0.359482
-4.79249
0.119176
0.202709
1.34967
-0.926211
0.665525
-0.365548
-2.4974
0.256509
130.801
-0.0476242
-0.91826
1.8131
0.10097
-4.97833
0.192341
0.559154
-1.78489
1.35868
-3.9743
1.09437
-49.6515
-1.44911
0.31464
1.17209
11.643
-2.35059
-0.439173
0.153734
0.11167
0.9567
-0.423785
1.23091
0.816549
0.357262
-11.1153
0.340524
-3.79985
-10.8076
-0.704197
-2.4629
-1.56553
3.57254
-2.61958
5.13618
-6.84405
-0.208341
0.186092
-7.78918
-0.523715
0.381886
-17.2598
-2.00739
-10.2063
0.094536
0.742743
-0.390562
1.15901
2.39654
20.1257
3.4166
1.38091
0.054727
-3.20331
4.34229
-1.29884
0.0253277
-0.553141
-0.59513
2.18832
-0.702998
0.123417
-4.2892
9.21779
-0.703795
-3.84215
0.372479
0.208586
0.302601
28.2439
0.0160832
-0.134604
0.0483524
-0.178065
-0.244325
0.96917
-0.402656
0.898543
-2.57819
-0.0229888
0.319252
4.03384
0.42439
0.271093
9.10933
2.0063
-13.9684
1.12271
-0.0556059
49.1083
-8.24133
6.63399
1.01691
0.210418
-18.9248
0.0495531
-5.61002
-0.892126
-0.14429
-0.355002
0.343181
-1.33177
3.1256
-3.37567
0.558292
-2.66104
-0.446276
1.38088
-0.95528
-5.85426
0.477342
-2.12807
0.100273
-1.09547
-3.29393
0.112624
0.533629
7.02646
4.83664
-1.40693
-0.600285
1.00529
0.432245
0.688156
-1.11542
-0.564878
1.73111
25.1789
-0.758574
1.15306
-5.41006
2.89968
-1.37333
0.264094
-1.31363
-3.0045
0.315699
1.04802
1.13465
0.266465
-0.514373
-1.11423
4.35574
-4.00063
0.385952
-24.8668
-12.6391
-0.903724
0.192803
-0.601633
-1.69981
4.19124
-0.222628
-1.4242
-0.207358
0.11207
-16.0925
1.07634
0.229284
-0.101217
0.420095
0.0156896
-1.0209
0.00662624
5.89759
-0.225529
-0.138959
0.459968
0.0691122
-1.3062
-0.423153
-0.746996
0.29276
-0.0961039
-7.01337
-1.30487
-2.81927
1.18035
-2.19912
0.501617
-32.2537
1.72127
-1.44158
2.47429
7.64776
-3.16999
8.83027
-0.372746
-0.236153
-0.73577
-0.744178
-1.34133
-0.43778
-4.72286
0.736878
-8.70885
-1.70306
0.0116339
-0.076139
-0.57622
1.62181
5292.71
0.590736
-14.7899
-1.32324
0.532103
-5.00293
1.8759
-4.70056
-0.221599
-2.61791
0.312521
-0.657116
0.441706
4.66781
0.0800026
-0.0662347
-1.95538
-0.211023
-0.909243
-2.02645
1.65738
1.97579
-1.61961
3.84998
-2.38541
0.169943
-0.557297
-0.18279
2.29787
-1.03478
-0.971717
-1.16851
-3.86955
0.906907
0.256853
-0.405779
-2.70346
0.747682
-0.686229
0.5774
-6.8907
-1.41575
-1.93766
-4.6615
3.23515
-2.61902
0.863068
4.36238
0.150095
1.23381
1.37419
1.10312
-5.23383
0.689355
6.88006
-1.05312
0.132289
-0.637849
-0.198332
0.0235337
2.7742
1.05973
-0.63674
-0.896007
-1.37638
-7.13286
1.46601
0.339389
-0.0290724
0.222029
-2.51336
0.0927217
2.73375
-1.26187
-0.754647
1.20438
-0.482001
-0.533712
0.521562
0.287167
-1.8837
-0.681654
0.574799
-0.482938
5.23456
0.872259
8.63584
-0.114293
-1.28776
2.58488
-2.55023
1.71728
1.92605
1.20287
0.966334
0.445385
-1.44943
0.158755
2.49541
1.77208
0.715289
0.783625
4.1939
-0.540632
0.577501
-6.42448
2.66851
-0.300006
0.276656
-0.238951
-9.74658
-0.46108
0.463694
-0.0140351
0.244021
1.39096
5.89148
0.210073
1.01315
-0.378428
-8.83264
-1.707
-0.123258
-1.38791
9.36156
0.141626
-0.713379
0.0595929
-3.7243
0.059202
0.0484118
-0.723757
-0.980512
-0.449136
-4.58425
3.97812
-0.642377
-1.25577
-0.10022
-1.01899
-1.47874
-64.791
-0.316966
1.06746
2.0473
0.276963
-3.17728
18.6143
-0.419866
0.167024
0.329386
0.0652533
-1.23725
0.354618
1.16738
-1.16053
0.285923
0.00659664
-2.68007
-0.0427355
3.40196
0.50635
-0.446603
13.0249
-0.313519
1.25242
1.44017
0.745565
-1.77144
3.85716
0.38627
-0.160628
0.290085
2.72494
-6.14123
3.22003
0.262988
6.78551
0.0772158
-0.641527
-0.125252
1.33082
-0.484356
80.7457
-1.18249
-4.43327
-10.2631
0.0981499
0.935175
9.63718
-0.791214
-1.59053
1.48859
-1.15276
-0.94074
1.16913
-2.47771
-1.30241
10.6357
4.80748
-0.70962
0.188794
-9.73479
-0.190016
-0.548397
2.19644
-31.685
-0.890974
0.0669581
-0.0471367
-0.174824
-4.34797
0.782369
4.60198
0.0427872
1.55339
0.0931306
1.99676
0.467899
-0.247858
-1.13167
-1.35125
-0.0281613
0.115376
0.286739
1.47919
0.674673
-0.843431
0.218283
2.77365
-1.11436
-0.0665412
7.47577
2.02874
-17.4715
-0.343895
-0.184141
-0.823896
-4.9256
0.728941
-0.0147281
19.4437
1.60708
1.65612
0.536945
2.48872
0.207965
-0.148093
-1.87208
-1.49032
0.871876
-10.7582
-0.178255
1.94507
1.10432
-10.9561
3.26129
-0.886188
0.265305
17.3266
1.11617
-0.170718
0.0838041
0.313144
-1.15848
-0.610317
-0.522637
1.02564
-6.01053
-1.1753
22.946
0.713575
0.524011
0.690348
0.862215
0.202257
0.815449
-0.15863
-0.552009
-9.37353
1.32326
-0.661933
-1.29221
-2.06628
1.65444
0.345431
0.0882606
-0.907187
-0.0311655
0.937221
0.114761
-0.702722
0.955095
0.330651
0.167652
0.170435
-3.58881
4.40211
-1.61122
1.76486
1.46793
-0.754966
0.12059
2.67553
-3.26518
-0.358395
-2.82432
0.737572
-0.104347
-11.406
-0.0741956
2.81205
0.467048
-0.016645
6.74835
-9.58858
1.64599
-0.647433
0.57704
0.295246
1.69866
-1.8611
-34.4827
-1.87978
0.0920365
-1.10717
-4.36334
-0.521674
-16.0352
2.35413
-0.115765
7.33249
4.79826
0.328279
-0.324037
0.0921838
-0.270098
-0.332839
-0.0235158
0.222087
-4.96665
-0.0575871
2.99695
7.81544
0.280616
0.0884296
1.80039
-1.55251
-0.692771
0.0903287
-2.55666
0.42165
-10.891
-0.326804
-0.743376
-1.28281
0.70925
-0.385247
6.02088
-1.83353
1.25672
-7.12218
1.59837
1.78751
-1.71339
-0.590917
1.26977
-1.34288
0.0270882
-3.4683
0.0630086
12.8735
-0.382658
485.078
16.8934
2.83053
-1.42217
0.0611488
0.493918
-11.2872
-3.92949
1.75266
-1.14933
-0.0754521
1.89587
0.887691
-1.15837
3.50357
107.94
0.940714
-18.2878
-2.35885
-1.72492
3.91748
-0.44555
-1.27624
0.443205
2.69225
0.1505
-3.50046
-0.507263
0.173679
2.20448
0.120919
-0.915972
-44.98
0.347002
-0.324878
0.150169
1.22796
-6.59159
-0.211907
0.46532
-17.4066
-3.33307
4.45491
-0.518692
0.660286
-0.535626
104.033
0.177912
3.15722
-1.28912
0.519906
0.459425
1.14708
-1.77541
0.378014
-7.95512
-0.131857
-0.914308
-0.0182161
-0.446046
-1.88828
0.194842
4.29336
-0.597304
-0.154893
0.0268194
-0.732502
-0.0398096
-25.5546
0.539113
2.58105
-0.0249406
-0.721412
1.09885
1.61834
1.36724
-3.53543
-18.878
1.11703
-8.39097
8.93857
-0.233449
0.69731
15.9576
-1.6435
0.960461
-0.215022
6.16232
-0.590851
0.161879
4.80519
-0.11664
1.31171
-18.6219
-0.639122
0.935689
-0.383218
0.301163
-2.99608
2.54876
0.328767
-0.413364
-0.565286
-0.71157
-0.297178
1.16716
0.423217
0.281203
-0.668246
0.307621
2.06937
-3.39367
-0.759735
1.76704
-0.279824
10.6595
0.753436
-2.35419
-1.79386
-0.651824
1.55046
2.30775
-0.0592587
0.0363957
-1.76612
2.96188
-0.132596
-1.20523
1.1629
11.7269
0.0439741
-1.1661
1.38928
7.41635
-1.9869
-1.87626
1.36282
-0.342815
-0.585918
-3271.28
0.196158
3.80903
-1.33851
-0.140212
-62.0588
1.57172
8.20122
1.45066
0.684341
-2.36433
0.0106904
3.52435
0.783118
2.04349
-0.0162181
2.4822
-3.35379
0.0453884
-0.03594
0.746588
0.265589
1.08257
0.723309
-0.706398
0.141868
-0.907069
0.666679
-6.88584
0.0992326
1.13166
-0.557578
1.8031
-0.33069
4.96851
0.679661
0.0569365
-1.34573
-0.388932
0.131437
0.049192
26.2158
0.477485
1.85395
0.394496
-0.781656
4.97018
0.950068
2.58716
-3.61686
-3.06612
6.21149
0.269234
2.96906
-3.30444
2.5158
-0.360902
0.261137
0.904264
-0.478447
1.23857
0.176912
0.146646
-0.354363
1.8758
0.591581
-0.228826
-67.4913
0.0551963
-0.57054
0.997799
1.48142
-2.45076
-1.96885
0.763852
-2.60507
230.965
1.77574
2.20963
1.38896
-10.6929
-2.11182
-5.63141
-1.28519
-2.85293
0.950321
-1.22966
-0.858354
-0.0408689
-0.702003
0.393473
0.936706
-0.286557
0.107394
10.1314
0.0954918
0.651417
4.79012
0.305309
0.130479
-9.66127
1.55323
-0.57588
-2.41186
0.330542
6.84592
0.0524509
1.26188
0.366206
-1.14757
0.62976
-0.252725
0.810577
-89.9642
4.68359
2.65536
0.0287074
-0.657636
12.0296
3.24828
-1.38886
0.0368487
-3.90949
0.871566
-2.4293
40.5412
-1.16285
-1.03244
1.89764
1.40873
0.464356
-2.88841
-0.243782
0.464408
0.592582
1.62321
-3.13568
-11.6735
-0.561081
3.15931
-1.22833
-1.04496
0.059103
-0.325897
2.38381
1.80245
1.40835
-0.552204
0.555613
-1.98511
3.1997
-0.332272
1.67119
-22.4542
0.346932
-2.87628
-1.63382
-1.66709
1.72683
0.662263
0.39763
0.92178
-1.07738
-0.670647
-1.47486
1.43713
2.48501
-32.819
0.157704
-0.466021
0.340894
-0.890777
0.139692
0.897563
0.67012
-0.711467
-2.08906
1.22459
2.47776
0.60983
0.754266
0.0675546
-0.562467
0.120183
0.665671
-1.16926
-0.702744
2.7337
0.888452
-4.85631
-4.03754
-15.9014
-0.232344
-0.130437
3.21605
-1.66146
3.73383
1.42589
-0.32123
-0.387125
0.490611
0.281767
-1.03388
-5.49635
-4.73036
-0.131344
1.9597
7.07928
-2.55404
4.32827
0.130591
-0.378949
-1.96562
-2.12033
-0.702141
1.28146
0.218553
-1.62106
0.490862
2.91349
0.10815
-1.19072
-3.56021
-4.13339
2.43126
0.225035
-0.819149
16.6376
17.5181
1.86249
1.96056
-0.366557
-0.789241
-0.593051
3.29007
-0.134535
2.03148
0.853999
27.8975
0.566606
1.14007
5.15829
0.178832
27.8574
-0.86144
0.229044
16.254
-0.250387
-0.19331
-1.78669
0.361275
-0.041692
0.984282
-4.77742
0.513139
1.06401
3.57123
-0.0145115
0.241672
3.99175
-2.52088
-1.66897
-8.46107
-0.235132
1.69017
2.93582
0.130831
1.58073
1.38467
-97.2561
-4.33747
0.676202
3.49076
-1.19327
3.08911
-2.38045
1.04722
-0.0164646
0.486362
0.58819
-0.183874
-34.9817
0.752264
0.503857
1.71241
0.795559
-0.520783
-2.69129
-5.30669
3.33333
-2.90298
1.89735
0.0452383
1.51195
-0.16595
-0.116566
-0.523663
-1.25013
-14.5339
3.23668
-0.741398
-2.40826
0.497865
6.01239
0.000585692
-0.0934717
5.0054
1.79103
-1.57004
5.79581
-0.255406
-0.283346
2.09792
0.3216
-1.20693
1.06163
0.0827377
1.26577
2.7193
0.130836
-0.492893
-4.41252
-2.56074
-1.46861
12.8781
0.31012
0.493694
-2.85216
-1.53811
2.00375
-1.46553
-0.730579
0.343177
3.18148
-0.736095
0.546403
-0.177312
-1.48738
-3.92928
-2.07346
-0.378689
-0.00417944
-0.121905
0.676027
-6.52584
0.732562
3.97473
0.554422
0.570184
0.929013
0.595642
-8.35438
-0.624915
0.470276
-0.918268
1.12679
6.09407
0.347989
0.0109011
2.66552
-0.878375
-0.491561
0.747573
3.11022
-0.212426
3.63136
-1.96801
-2.93312
-1.25923
0.251843
-2.79233
5.14184
6.67671
11.5519
-1.12954
-0.870858
9.01802
-3.80768
1.09303
0.314247
79.9241
-1.12088
-69.4507
1.94497
0.666149
0.571862
-1.24802
0.0458926
13.2927
1.68244
1.31675
0.238356
0.130625
-0.938676
2.32933
-1.16796
1.9849
2.22132
0.650225
-0.397024
-0.257631
-1.54807
1.1209
0.395876
0.304945
-1.91914
0.554276
0.868207
0.151436
11.8254
-0.908715
0.273099
-1.61919
41.0799
0.296323
-3.84644
0.842709
0.87333
0.66388
-0.464546
-0.548708
-1.06498
-0.00791232
-0.0889029
2.06562
-2.40241
-0.266077
-3.281
-0.557917
0.465521
-1.37967
-0.674697
2.98714
0.370999
0.129225
-4.99358
0.906467
1.42325
0.876882
1.40243
67.0401
-1.7598
1.116
-0.210723
1.47753
4.09732
-0.845215
-2.82356
-1.62683
0.949556
1.4911
-0.0674423
0.216093
7.4604
-1.53601
0.526669
-0.868067
0.982422
0.0106915
-0.0411939
3.88829
2.16078
-2.55205
-0.194107
1.113
0.650452
0.471104
1.69874
-1.14865
2.71518
-0.444967
-3.88797
4.42608
-0.552119
-0.388231
0.19263
-8.25051
-2.03632
-7.04774
-0.0349653
-1.2003
-1.43994
-0.920868
2.25351
0.208343
-2.72624
0.401144
-14.3429
-2.99655
0.16547
-0.221535
-6.5166
-0.22905
-0.337127
-5.66581
0.58129
-7.04243
0.153193
-2.77352
0.545542
-2.40562
3.99506
-0.628323
-1.16453
0.81696
0.709216
6.41983
-2.04147
12.0916
13.1375
-0.589935
-0.159843
91.1815
0.531366
1.76132
-0.884698
-1.48918
-2.60113
3.44723
2.20719
-5.74959
3.21663
48.0517
-1.33089
-5.11295
3.60182
-3.14144
5.77375
0.807894
1.11979
0.85002
0.856054
-2.41726
-9.05506
-1.22112
1.29958
-0.45053
1.4494
-2.83452
1.62522
0.226134
1.85187
-1.54677
0.0840512
-2.78629
2.80994
-1.40228
-0.909305
-3.54246
6.00794
1.42426
2.12406
0.425474
0.521834
0.259302
-1.70145
-0.0186165
13.6745
0.454266
0.0890678
-0.557014
-6.68171
0.0807648
-0.556945
0.830434
0.355147
0.464313
0.0826972
-0.950516
1.58649
0.0892626
1.11429
-2.52888
0.926206
1.26284
0.319988
0.709327
-0.442221
-1.68444
0.263834
-0.0942686
-0.454985
-0.894226
-0.141586
-1.75028
-3.79454
-0.803269
0.257691
7.05616
0.0308978
3.31907
-8.34228
-0.529258
-0.166025
0.126368
-0.217668
1.38988
-1.74234
1.11565
4.49877
-0.603363
1.03818
-1.07423
1.72454
0.719756
-0.84914
-31.1634
-0.373674
-1.82831
-0.195444
0.41427
-0.869357
-9.36284
-0.376005
0.522873
-1.26763
0.407681
0.344099
-3.94956
0.990465
-2.82335
0.781929
-2.18942
-0.339864
-9.11443
5.56906
1.65561
1.67066
6.13586
-2.18869
0.794091
-1.85729
1.2338
0.564198
0.134469
-7.05311
-1.86602
0.810911
-0.962699
-1.01088
-0.150154
0.37074
-14.625
-0.0130108
-0.457087
5.84601
-0.780316
-2.23966
-1.48385
-0.699706
0.187714
1.00696
-0.170287
0.429158
-0.935724
0.312075
-1.90081
0.723866
-0.187727
-73.5305
-1.63022
0.79133
-0.79321
0.69983
-0.864572
0.228224
-0.490823
-2.52063
0.592022
0.226164
1.1343
-1.80163
-0.14032
0.845172
1.23565
1.22043
0.312309
1.88499
2.59825
-13.9939
0.363802
2.58064
1.54808
0.251703
0.487289
-0.267745
-1.03252
50.2977
-0.0391168
1.29413
0.104918
-4.33049
-1.41515
18.8259
0.863303
-1.84363
1.57926
-1.19595
-0.324311
1.50493
2.35845
1.19181
1.36115
1.41806
-0.202156
0.808767
0.213651
0.107809
-2.07969
-0.133954
-9.89784
0.705891
20.1831
2.47969
0.376284
-6.31949
0.255575
-6.31463
1.02292
-1.19218
-5.57957
-0.402608
-0.161779
12.5202
-0.123084
0.352146
0.230852
14.1692
-0.921144
0.69396
-8.15741
0.564089
2.9066
2.88055
0.874889
3.01783
-0.362324
0.726203
-0.601466
-2.37899
-0.307875
-0.0236602
1.06644
-0.0550555
-1.28592
-2.55189
-2.31904
-0.25437
-0.025433
-0.237408
-1.20854
10.7144
0.468662
3.0305
-2.57171
-0.90352
-0.203256
-4.48887
-0.511393
-2.00649
-0.674591
0.693563
-5.61808
-0.0993348
1.15984
0.157995
-1.13419
15.5926
0.444768
0.144197
-4.92556
0.101396
1.2357
-0.709439
-0.382296
3.78965
-0.829141
0.232522
-0.810539
-0.69134
0.624475
113.324
14.6245
5.1466
-0.443976
0.189726
-0.487021
-0.360963
-2.17864
-1.54534
2.3541
2.41113
0.365032
0.310347
3.36852
-0.175555
-0.94592
0.798595
0.480015
-4.48299
8.72309
1.51562
0.813319
2.41666
-1.06801
0.64073
0.902193
-6.75816
-0.245655
-0.576341
0.760469
-316.494
-0.790301
2.6233
-1.20195
-1.27522
-5.71712
-4.40859
0.235721
1.53303
-1.45333
-0.181859
6.07531
23.2825
-0.97875
0.269854
-0.676869
0.289075
-0.102411
-7.39891
-0.650499
-12.6227
-1.48703
34.7637
0.186899
-0.097822
3.32881
-1.45848
-0.596261
1.11776
0.24126
0.0682505
-1.92096
3.41068
2.01597
0.66552
0.0523643
0.0713734
3.09453
-4.13859
0.247119
-3.84291
2.37711
-1.20287
-13.6898
0.68024
1.90623
0.743507
1.8515
-0.598959
0.213268
6.89048
2.33547
-2.37088
7.38136
-39.7308
-3.02512
0.661337
-0.90182
-1.91059
-1.83915
-0.7967
-1.64753
-0.58542
1.74798
-0.821166
0.592806
-0.599907
0.14331
-4.134
0.0582507
1.3444
0.550031
0.711942
-1.91959
-0.253349
4.23019
-0.421624
8.13593
0.154317
0.277445
3.34715
23.8754
-0.388432
0.731458
0.523729
1.84666
-2.13623
-2.62273
5.36989
-0.529799
0.201977
-1.29808
2.28184
0.266003
0.211746
-1.41153
3.73026
-3.28934
-0.286405
0.453836
-1.96123
1.47189
2.25509
-1.5179
-1.1316
3.9758
79.5868
2.19308
-5.78438
0.0317954
-5.72765
-0.781281
0.459505
-0.27789
-0.535739
-1.89875
-0.356951
-1.79483
-1.33333
-0.0305106
-0.179167
-1.85215
2.21448
-1.04773
-0.537106
1.32567
-1.00311
14.3723
-0.289167
0.149126
-1.16267
-20.8443
-12.7037
-1.71757
-0.403865
0.504682
16.3477
3.61466
-1.1192
-2.93059
-1.3259
-2.24351
-6.10501
-1.23467
-0.293292
1.92043
0.846458
1.96825
-0.209499
-0.494688
-1.21544
-4.58695
0.552002
-0.707443
0.976219
2.40268
-5.02774
0.57102
1.14634
1.616
1.20878
-14.0686
-1.01421
-2.50088
-2.20468
0.111149
-0.0371056
0.356287
1.0266
-0.292243
-0.568622
-0.66136
0.179904
-0.702335
0.211072
-1.10257
-0.016853
-0.764929
-0.0966007
1.40964
-1.51982
-0.108098
0.620252
1.45525
-0.66971
-0.735858
0.869216
2.38575
0.757029
-0.373688
4.01182
2.62505
0.828952
-0.863167
0.964926
0.379858
-0.717612
-25.4631
-8.9306
-0.272985
-11.3806
-0.47687
0.518752
-2.17473
3.05052
-4.13631
-0.131167
-0.546966
0.524545
-2.9833
-1.21053
-4.99149
-0.249583
0.569115
-8.39545
1.17082
0.686806
-0.74586
71.531
0.358103
-0.0480044
0.898243
1.97043
1.31963
-0.466613
-0.181971
0.779574
-0.401523
-0.724104
-0.735269
1.0459
-0.0077667
-1.05571
-3.86523
-1.34524
0.691759
2.78529
0.73202
-0.73728
-26.8103
-6.89754
-1.64867
0.00377398
0.728119
-0.57517
-0.0269482
-0.626053
1.24481
27.828
-0.573558
-2.4083
0.901655
-1.3252
0.638399
-1.60581
2.14683
-0.402982
-0.34024
-0.133975
-0.54974
0.313604
-95.4974
-5.10098
1.74247
-0.236686
0.616393
1.68486
-0.981204
0.0366569
-0.172919
0.471264
8.108
629.381
2.92024
-1.72957
-0.695172
1.37966
-0.659921
-1.78859
-0.553479
1.50155
-0.387119
0.251215
11.7984
-1.38215
-2.48148
1.38709
0.908037
0.529584
-704.639
0.614927
0.35957
-0.189119
-2.6731
1.52481
6.45086
0.642279
2.29873
1.26971
-0.393433
-0.610278
0.526833
-0.122765
-0.587964
0.969628
-1.80822
2.73056
1.23464
0.508405
-1.04268
-4.96928
1.45047
1.65548
-0.977114
-4.47964
-0.661389
-3.59505
0.0372122
3.61312
-0.108005
-0.643537
0.608537
0.847283
2.95758
0.206655
8.46068
1.23041
0.641338
1.30617
72.8251
-0.537762
-11.954
-1.15862
-1.20286
-0.665192
-0.501969
-0.0325493
-2.03717
0.090708
-0.133971
-8.47355
-0.387563
4.20847
0.276014
7.45065
-16.3261
8.05254
-1.09968
-0.3764
77.4507
0.626403
4.12521
6.22916
0.194475
-0.0842609
-0.164579
-3.09498
-6.87985
1.34446
-16.6595
1.06319
6.5076
-2.73556
3.52842
-0.0174129
-1.9332
0.317813
-0.601399
-0.506207
0.431179
0.081432
-2.90206
21.1622
0.352816
0.879593
-0.0305359
-1.46248
-0.230463
-3.64939
-0.412738
-0.537714
3.05705
8.90259
0.414719
1.90046
0.729401
17.3236
0.0240456
19.0536
12.4085
1.6757
20.995
1.92494
-6.73278
-7.03767
1.55416
-1.81653
-0.703224
-2.63104
0.473427
-7.1902
-1.98182
-4.75488
-0.00449685
0.00167762
-1.57995
1.85619
15.4927
1.01646
0.000404575
0.291132
-5.48239
-7.35131
-1.65471
-0.166501
0.272053
-0.954427
-0.734609
-0.547567
2.03643
-0.958935
-4.26902
-0.52942
6.86382
-0.161901
0.585562
0.890544
-0.128338
-0.756376
1.7497
-0.659754
0.360141
0.568259
-1.59149
-2.42698
1.92904
1.22066
-0.782333
0.63999
-0.579612
1.35509
0.15401
0.199383
-0.0593346
0.0166826
-0.288178
0.478541
-0.739165
-9.99426
-5.84138
2.04183
-0.583422
0.351583
-0.40575
-0.321964
-18.7992
4.04881
6.91241
0.887197
-2.74791
-0.281529
-2.12839
3.4719
-0.583232
1.73199
0.210215
0.741309
18.677
1.60447
-26.5592
0.685537
-3.08851
-0.66324
1.91945
2.85277
-0.495782
2.48571
3.14352
-0.791144
-1.82604
-0.0589685
0.0997856
-0.661699
1.09802
-2.7546
-2.43526
-1.11697
11.5846
-0.730313
0.412406
-0.604396
0.227878
0.309845
-0.163649
0.0394722
-0.888698
1.50872
1.61628
0.309737
0.0978153
0.880579
2.21687
0.0207833
0.206267
0.077424
0.89055
2.32779
10.174
1.06655
-1.47754
0.805253
-0.350155
-0.0395767
0.212452
-4.70659
1.98553
-0.814654
-0.224184
-7.40044
-1.20701
-0.308736
-0.382373
-0.813767
2.32796
-0.921145
1.47896
8.7835
0.0160877
0.916258
-2.36723
10.1422
0.418972
1.49361
5.41102
-3.4702
-0.468295
4.22726
-0.196444
0.225077
8.73058
0.66499
0.911269
-0.405214
-0.825679
0.298295
-0.599692
0.0189561
0.821216
56.7984
-1.75981
1.05577
-0.889207
-1.85259
2.56359
0.554995
1.18117
-2.06841
-1.22985
0.832847
0.214909
-5.56001
-0.417419
1.35687
-1.52053
-0.663202
-1.30239
1.16796
-0.0104757
-0.346994
0.196448
-10.5458
-3.21515
0.62991
0.00404693
0.436394
-1.24941
0.248581
-0.39352
-9.65568
-2.36953
-0.158002
3.88673
-0.527787
-1.08607
0.00993715
-1.12926
1.06618
1.3193
-0.758396
-0.129355
0.930105
-0.297618
5.7903
-1.18968
-0.249855
-1.57386
-2.8553
-0.280249
3.59558
-1.27693
-0.375219
-1.24925
-1.1491
1.09664
-3.73297
0.0579081
-8.13385
-1.41816
4.92804
-0.113303
1.47225
0.159481
7.06829
-3.46596
0.140637
0.549833
-10.6464
0.609153
-0.597922
-0.433658
-0.0832774
-20.4681
-0.0711366
2.09428
0.630452
-0.933232
-35.4228
-0.376934
-20.1095
-0.631401
1.74849
-0.859171
2.57387
7.36042
-26.1237
-1.00397
-2.20947
-0.642546
-0.428438
0.368915
-2.17209
-0.394356
1.72552
5.17726
0.173159
-1.99583
0.170663
-1.14169
27.2727
-1.96626
-5.73335
3.69174
0.791736
-0.767477
-0.419661
-0.398266
0.0567546
-0.967906
11.3102
-0.355373
3.81664
0.784996
4.45833
-2.26954
0.448719
-2.826
0.356124
-3.77822
-4.92007
-0.254425
0.0693312
1.36784
-0.334965
0.874321
-0.162486
-2.38933
-27.2038
2.57696
4.72264
-0.140434
-6.56305
-0.230737
0.752173
0.978935
0.0827864
-3.47932
-0.0281037
-0.46842
0.117334
-0.676488
5.92101
0.655212
0.70758
1.63084
1.12646
0.480356
-4.69632
-0.569895
-1.97175
0.356648
3.48595
0.727592
-5.46041
-0.385517
0.32044
-1.4361
-9.07474
0.399832
0.569417
0.852817
-7.60491
-1.15395
-0.641328
0.21762
-0.350013
-0.832784
4.06179
1.26025
0.387138
-0.475691
1.47011
0.841439
-0.419386
0.300442
-0.541858
1.70772
14.437
-0.105356
0.468278
-8.7937
2.19845
4.76725
-1.06217
-4.9934
-0.853991
-0.242463
-11.0075
1.79671
118.275
2.6045
0.911917
0.736727
0.360824
-1.23589
0.340647
-0.274867
-3.70287
-0.645605
0.419437
1.49549
-1.09455
-1.35915
-0.583788
2.74955
1.85458
1.0263
-0.87834
-0.681992
1.01518
-1.3433
0.153828
0.105013
-0.98852
-2.83953
29.0132
0.853375
-0.647495
0.525635
-0.0601686
3.53897
1.70389
-1.12405
1.21865
-1.13754
0.753506
0.582522
0.296907
1.99529
1.68401
1.98957
-4.42225
-0.924308
0.767604
0.0578505
-7.71002
-0.417651
2.33772
3.93852
-33.8746
0.96822
1.15295
-0.531608
1.57393
10.3282
-0.285609
11.6756
-1.44322
26.4177
-0.864537
0.92134
-0.929889
1.07559
0.213881
-1.89647
1.34447
-0.0421956
-0.280227
0.166094
-0.618646
0.374521
-1.45296
10.923
1.98599
-3.62879
0.09749
0.396365
4.47434
3.82792
-0.278391
0.10973
-107.597
1.86906
-0.145965
-0.501014
0.411596
-0.174546
4.05901
-1.15293
-0.512638
0.209199
1.06612
-0.293567
-0.260358
2.94266
-2.33935
0.68513
0.0997733
10.5579
0.763456
1.21354
0.228174
1.99603
-1.27801
-1.69005
2.7949
0.392247
-0.173045
-0.376795
3.25391
-1.07824
-2.02747
-0.862841
-0.792671
0.0227165
7.7863
-1.95347
9.79594
0.368854
-1.38476
0.916414
94.8355
-0.0936513
-0.542256
9.94855
8.19967
0.245614
0.55547
-0.589677
-1.6018
-4.75626
-1.68575
-5.24952
-0.335408
-0.209126
-0.560508
0.0234193
-0.0996795
-0.927361
6.6315
-1.18378
-5.5772
-1.43468
1.47927
1.15667
-0.0316706
-3.75458
2.9099
1.13041
0.0540521
1.38355
1.87434
-10.1105
1.99484
0.0752487
-1.31811
-2.43628
2.7461
1.92441
-0.10655
-0.611483
0.70356
-0.090619
1.14033
-0.0236342
5.82244
-4.2916
-1.79911
-1.00564
4.8613
0.341811
-0.117635
-0.855455
8.44773
1.29934
0.243356
3.12611
-0.456947
-3.08881
0.0581881
0.79435
-13.2135
0.446721
0.771776
5.16601
5.18319
2.05743
-0.409483
13.1508
-0.506607
-0.214242
-0.919448
-0.995031
-0.471814
2.52931
0.851754
-30.6914
1.18247
0.129373
0.210285
6.26471
-0.44348
3.2914
-10.4612
6.33012
0.433022
9.62063
-0.436519
0.100847
-1.06285
-0.545313
-3.66439
0.457429
1.27
3.31842
-4.046
0.681138
1.66098
0.30736
-0.836402
2.56546
0.747388
-0.783607
-1.7187
7.30009
0.439149
1.2499
1.18834
0.569149
-0.0314376
-4.39333
1.15359
-0.855764
2.27827
1.34274
2.15485
-0.0837939
4.1108
0.160596
-0.662638
0.333401
-1.16797
3.72106
-5.58621
5.08932
0.679041
1.65583
-0.106278
1.01613
-0.245944
2.22945
-3.45403
2.76528
-0.0910681
-0.905714
-0.963619
1.13198
-1.159
0.347744
0.0919068
-0.956921
-0.714759
1.19472
-0.252291
0.459997
-1.78452
-2.0339
-0.816181
-0.0432719
-2.95643
5.43546
-0.12015
0.19961
1.27392
0.734145
0.557514
-0.235166
-0.388142
-1.61702
-1.49452
0.109003
0.543213
-0.929534
0.548847
-13.3243
2.23726
0.23445
-1.91308
-0.147556
-0.970165
-1.35039
2.08226
-2.06956
3.59037
1.02735
-0.820991
-0.562636
6.08686
0.580596
0.347241
-0.465288
-1.25094
0.354246
-2.62272
-0.591171
13.0437
0.127414
-0.686952
-4.98404
-94.2416
-3.32897
-0.397427
-0.128884
1.35439
-45.3158
-1.36201
0.609275
1.08754
-0.926337
-1.26997
-1.79404
0.724306
-1.13148
0.885366
-0.393487
-0.347149
0.857364
2.20166
-1.39214
-2.44493
0.26006
-2.1237
10.1018
-1.63581
-6.15662
-2.01165
2.73353
-0.365627
-1.14218
-0.0249163
0.87397
-0.626071
-0.290652
0.640242
-0.157929
-0.466987
0.321287
-2.22373
-0.391062
0.245491
2.70473
-1.05754
-1.76418
-0.0418883
2.76922
-119.843
0.551789
-0.45946
-0.534638
-0.481838
-1.59554
0.286212
0.12654
-1.98504
-2.43942
-1.01043
1.26425
7.94771
0.173788
3.45363
65.3407
0.199583
-5.73308
0.251291
0.0840598
-1.14419
14.4765
-0.656016
-2.43376
0.557518
-0.325823
3.10071
-0.223065
1.773
-0.555424
-0.0566991
0.258004
-9.0207
-0.0517024
0.642671
1.70863
0.142482
0.0956706
1.5671
-0.601575
-7.42623
-5.89924
-0.422235
0.278328
-3.27026
-0.628891
0.034547
3.21486
-0.407718
-7.089
1.16464
-3.05799
-0.77174
-0.971467
-0.825635
-0.106181
-0.636754
-0.228936
-0.401578
0.0493891
-2.27071
1.52165
5.78381
1.51505
0.536508
0.318418
8.98379
1.26209
-6.78478
-0.0583811
1.4957
7.6468
-17.0393
-1.00282
-0.470134
0.623411
0.938152
-1.68663
9.24962
0.997664
-1.78266
-0.551525
-0.178234
0.48652
2.96609
1.78129
-0.307753
-0.726044
4.65572
-2.06492
12.292
-0.999971
-0.346759
-0.311353
-1.19966
-0.188054
0.465794
-0.506274
2.56413
1.90133
0.125361
1.15738
0.34793
-0.0938764
0.959829
-0.161893
-2.35037
0.292169
-4.19814
-0.0976425
0.424981
-0.402687
-1.27486
-0.765562
-0.894739
0.348339
1.31971
-0.308085
-1.22885
0.208352
16.9681
-0.491867
0.650545
-9.37991
1.47524
-2.695
0.573307
-0.531522
-24.4833
-2.58375
-3.77442
0.198592
-7.86652
2.37884
-1.42919
2.10718
0.0183014
-0.439157
-0.299861
0.872062
-1.00224
-255.621
-0.892931
-1.7993
0.765926
-0.0474352
5.94721
1.88206
0.971914
2.68317
-0.659999
0.376845
-0.396386
2.64267
0.600968
0.139033
-0.0792635
-0.190635
-0.123401
-0.0310172
1.86613
1.53063
-1.23006
-1.25076
0.746698
-0.0293807
0.146216
-1.41674
-0.578972
-3.19631
9.08112
1.00108
0.0473707
0.537223
0.520081
-5.78791
0.613512
1.44392
7.67638
-3.49258
-0.174406
6.76507
-0.355635
-3.81765
-8.09127
13.0434
-2.63341
4.97012
0.297702
-0.583369
-1.44268
0.212146
0.540563
0.347052
0.795369
0.118934
0.0834946
0.0297292
-2.032
11.9368
-1.18648
-1.90119
-0.200192
-0.727034
-0.107846
-1.15345
4.81986
10.7234
1.93303
1.64858
-0.893382
-0.718254
2.76762
0.115211
0.873497
1.4885
-1.36302
-0.611836
1.48906
2.38168
-1.32906
0.769415
7.76046
-0.194837
-1.03572
-0.01856
-0.0623034
-1.37544
0.141246
10.1807
0.326503
2.35099
-0.41527
-1.06436
-0.561481
-0.274426
1.4844
-1.28439
-0.594519
-6.82139
0.137141
-0.214126
-0.497484
-3.03484
-2.43777
-2.90576
-0.907473
7.5665
-2.1073
-0.276958
-0.341924
-0.511084
-1.20695
-16.8241
2.15293
0.72824
0.2639
0.0880299
0.595721
1.13574
-0.356599
-4.90336
0.967563
-0.0782643
-6.15594
-2.01888
-3.74322
-0.966317
8.33065
-0.56066
-0.984937
-0.919086
-3.56989
0.323947
-9.96296
-1.23665
-0.413571
0.506194
1.1181
1.05787
-1.78177
0.320099
-0.339635
0.900855
-0.492628
1.18701
-7.08836
2.60219
-0.238195
0.550802
-1.39175
-3.04991
-3.72734
-2.43159
-0.748982
0.565387
0.667613
0.66471
-0.767335
1.07962
3.1586
3.23115
-0.602633
0.173274
-0.494357
2.16833
-0.880765
-0.621349
1.29627
-0.0993441
0.690513
1.89115
-0.48404
-4.74317
-0.00644028
-1.16063
-0.703255
-0.295939
-0.160546
-3.55333
0.580895
-1.22771
0.316548
-0.84751
1.71388
-0.755426
0.91924
7.01648
0.703315
-1.36988
1.30081
-0.412068
1.69077
-0.535609
-7.04112
1.63718
-0.400547
0.621832
-4.32941
-0.271353
-3.23016
1.00806
-9.70938
0.185381
-4.34749
0.650648
5.82029
-0.300824
1.09618
-22.8672
0.759019
0.747943
2.40756
-2.43148
0.493778
117.709
-1.27838
0.381777
-1.37971
-0.136493
-0.890782
0.201108
-0.129721
-0.643666
-34.1364
0.606308
1.12463
1.83756
0.0984067
-2.21837
-0.95323
0.2972
0.712509
-30.7179
-0.36594
-1.13596
0.867281
0.0353162
21.4741
-0.425879
-0.78164
0.0973496
-0.235303
-13.1227
-4.1161
1.37463
-4.99474
-0.130259
-3.13876
0.364246
-12.0474
-0.495058
-1.73461
-0.010864
-0.825525
-1.38484
-0.806254
-4.50146
-0.352662
36.3838
1.19149
-1.11647
3.07952
0.2442
0.0667739
-1.7917
-0.25565
1.74823
-1.19462
0.863493
0.961293
-3.24994
-2.71182
4.11406
12.7109
10.6011
0.743029
6.38955
0.996372
-1.58351
-1.51964
1.58687
5.57613
0.0860025
2.06057
-1.35074
-18.7812
-0.211417
0.189813
18.1196
4.30499
-0.0355479
0.666862
0.498347
-0.436681
1.29417
0.549582
-2.06601
-2.37533
0.671259
-0.161566
-1.04088
-0.851683
-1.355
-46.9557
0.352552
1.02265
-2.82476
3.913
1.26406
0.496197
-1.0266
-0.606083
0.242517
-0.691604
-0.218713
-11.7929
0.63008
0.442679
0.0568068
3.33146
0.2675
3.26008
-0.255016
8.25405
0.791195
-0.146332
-1.44957
-1.11232
-3.58697
-0.428203
4.22854
-7.28398
-0.224696
1.30254
-1.11212
4.6804
1.30665
0.168333
-14.2062
0.0317423
-0.0315674
2.27551
0.545784
-3.13606
2.70967
-0.323039
4.17125
1.7832
0.730276
-6.8116
-0.341085
0.650119
0.564423
0.0337791
-1.15664
-0.805129
-0.119247
1.30036
0.147011
0.0785328
-1.37811
-1.42662
-33.0257
28.3452
3.81057
0.247085
-0.348457
4.32009
0.890516
0.441719
0.611283
-0.956518
33.8859
-1.83678
7.0934
-1.52246
-3.92744
0.574152
1.80058
0.617634
-0.631081
2.46623
0.25127
1.60909
1.79418
7.50363
0.480537
0.790885
-3.8703
0.0227984
2.59308
1.79538
-0.559908
-0.347983
0.250302
-2.10803
1.74457
0.150705
-1.5319
-0.542405
-1.43329
1.39369
-0.437227
25.2195
-1.35294
0.275643
1.70531
0.0927321
3.22728
5.82193
1.78018
-2.26257
0.380305
-0.672756
-19.3062
1.61461
2.84577
-0.924389
-0.997061
1.28655
0.591152
3.13735
-2.68469
0.145103
1.87598
0.723519
-0.696778
-2.29966
-2.83651
-4.39053
2.8947
0.475242
0.83784
3.40274
0.65935
-0.219547
1.32062
-2.91463
0.0179544
1.45373
-0.382114
3.22559
2.27598
4.23645
11.6757
8.68977
0.196848
-1.61885
-0.0826499
1.83497
-0.681823
-0.570787
1.99653
-0.292879
1.08437
4.74325
0.0796494
0.254893
0.00265889
0.132213
-1.79952
-0.608614
0.617254
2.06255
-0.793378
2.02562
-0.0939738
1.1554
-0.0215404
12.0514
0.323162
0.72771
-1.40872
-0.768544
-1.12819
-0.350749
0.221572
-0.846916
-3.29978
0.612862
-0.484428
-0.378552
0.985077
0.7679
0.616408
-0.0457836
-1.76309
0.583843
-0.787829
-3.44819
-0.688308
0.42265
1.19558
-0.561604
-0.0772751
0.0879205
-1.70316
0.027516
-0.187907
-2.34372
-0.772775
1.54617
0.210081
-13.3823
-0.647055
-3.13896
7.97708
3.13221
-3.92344
-4.66865
-2.65158
-1.86371
0.0500666
0.00604165
0.578697
-0.0214183
-1.33379
0.934553
2.11574
0.556723
1.36165
-0.0993739
0.623336
1.6721
576.998
1.42628
1.05357
-2.05481
0.835595
1.02523
-0.104753
-1.46961
-0.301672
-0.377402
0.172171
-5.42502
-0.186651
-1.46725
3.50543
4.76432
-1.75246
-0.900549
-0.212237
-0.76044
-1.29363
-0.238469
0.151611
0.555076
-0.855817
1.72002
-1.70076
-1.99336
-0.462325
-0.22163
1.6776
1.27979
8.97494
-7.65103
-0.10548
-4.37797
-0.0766672
-3.73749
-2.48667
0.457384
3.38154
-23.3497
-0.404334
-0.127967
0.49131
0.0645688
0.599122
-3.28367
-0.324554
4.88904
0.29509
0.338164
-0.852201
3.0576
19.4558
1.27634
-0.258819
2.13231
-0.620047
-2.4302
-0.150761
-3.34886
0.432379
-1.50733
1.98061
0.0102068
-0.15363
-0.422814
-0.430293
0.657663
0.588331
0.531693
1.91602
-1.0241
-0.465785
-2.55918
-3.14538
-1.93644
-0.836739
1.93013
-0.623021
0.229024
1.37175
926.578
0.66907
-0.402882
-0.110858
-1.22801
-10.0201
4.00799
-36.0884
0.404507
4.09373
0.609558
2.90447
9.2155
1.51959
7.56763
-3.00399
0.180574
-1.26125
1.11928
-0.0225592
-1.40703
-0.725646
1.34045
0.267557
-3.01599
-1.74729
0.224536
1.36544
-1.15094
-14.8928
0.0762632
-1.00908
-0.314821
-0.909225
0.408167
0.789399
4.64881
0.965157
-1.11894
167.317
1.36447
3.36181
-0.428104
-21.8572
0.628881
0.418595
1.50452
-0.0769354
-2.14532
-1.08582
-2.7345
0.0846526
0.00648392
-0.603192
-19.2815
3.3891
1.62931
0.665009
0.385635
-2.93249
0.9428
1.40955
3.85856
-16.2516
-0.140841
-0.446142
4.10648
0.930531
0.0358572
2.04075
-1.49969
1.17581
-0.875564
-0.711819
-0.0343033
-0.656395
-0.172688
1.55448
-0.0973093
-2.93785
7.24612
13.208
1.22004
-0.667385
-1.06396
-0.105781
0.44963
0.129432
-0.463416
6.11813
-0.887546
0.348306
-7.02787
0.287903
0.193675
-0.285533
-0.40086
0.336268
2.38008
-13.4766
-0.137125
0.414819
377.404
-0.662339
-88.3912
-0.555254
-785.64
-0.879983
-7.3486
-0.660657
3.63609
-0.61564
3.33552
-9.3769
-1.5615
-0.546087
0.0503464
-6.91755
-0.0796617
0.949828
1.56545
-0.713811
0.485689
-3.54168
3.50369
-0.333787
0.448956
-0.178705
0.237323
-32.0947
-5.4423
1.20941
-0.785692
-1.52669
-1.43403
-1.08798
1.318
-1.36695
-0.678979
0.34924
15.5453
0.0299398
1.36423
2.0606
1.66418
1.18045
2.96154
0.821627
-1.22415
11.8781
0.676924
2.17425
0.934328
-0.132025
2.45872
-0.718069
0.0807768
-2.59048
-0.611476
0.868726
0.177527
0.886489
1.09597
-13.5609
-0.177945
2.36727
-0.584039
0.129556
0.592156
0.149087
2.77726
2.00543
-1.62177
1.9429
71.7733
0.117797
-32.7043
-7.52433
-0.725344
0.617251
6.40682
5.3244
-33.5617
-2.06863
0.45144
-0.353354
0.14494
0.573117
1.40036
1.96326
0.415305
0.486863
-0.331006
-0.646832
1.02358
2.13058
0.540277
-1.23228
-1.53341
0.296794
-0.094926
-0.0765246
-5.92988
-2.35994
-13.1739
-0.775652
2.29993
0.19244
4.75523
2.47858
0.626461
-0.763703
-1.26926
-0.959747
-1.43901
0.352115
2.39865
0.838497
0.67304
-0.340099
-0.986625
1.85679
-4.83871
-1.17514
-0.308147
1.49312
-0.803704
0.501528
3.3504
4.31619
0.550233
-0.0851471
-3.99374
-0.0283753
0.435161
1.33544
-0.702106
-0.00507019
-0.677683
-1.15674
0.301264
-0.93437
0.422657
-1.13136
0.147099
-2.04677
-1.02729
-4.96091
7.40552
-3.16509
-0.281797
-2.53833
-0.592222
-0.596651
-0.83882
0.0752888
-3.96933
-0.513633
0.412208
225.57
29.856
1.52715
-0.7883
-17.735
-0.550119
0.538188
-0.40618
0.8462
10.0087
0.323904
-0.617865
0.475851
-0.798601
-4.27867
-0.769603
-1.2494
0.359647
0.254638
1.25589
-11.4061
-0.352769
1.62408
0.635419
-4.45077
-2.00448
-1.25899
0.00808845
-1.03255
2.6736
0.461913
0.361852
0.928276
-2.08286
-6.3396
-0.220515
-1.26822
-0.529382
-0.836354
-19.8332
-1.71221
-0.757966
0.382148
-0.867018
0.504051
-2.09138
-0.753312
1.53654
-60.4961
1.56744
-5.1204
-0.137039
-0.970475
257.717
-0.583703
-0.416346
-0.653612
-0.772869
-0.15295
-0.177118
0.895257
-0.379864
1.29679
7.16667
-0.452583
-0.421053
0.407754
1.39057
-0.235341
2.50096
1.48794
-1.91086
-0.324603
-0.314569
-0.648211
-0.787123
-1.32706
-2.05485
0.108607
-0.462344
0.0446973
2.96339
-0.812917
-8.32284
-6.47923
-0.163754
0.532394
2.15366
-0.652268
-0.766765
-1.47604
0.504928
-3.19737
-1.56775
-0.617379
0.532806
-1.00304
-0.291438
1.5336
-0.994359
-2.82046
-1.39634
0.311809
-0.149757
-0.608206
-1.85958
-0.486917
4.02452
0.325766
5.85084
-0.385179
0.661621
0.128901
0.224666
3.7448
5.41558
0.394494
-0.0823862
0.11004
4.32995
-1.03834
1.07696
-17.2302
5.3254
-0.205157
-0.662141
-0.851232
0.212616
-1.47256
-2.60762
0.97895
-0.901714
-2.12206
15.9648
1.91658
-0.751576
-0.233149
-0.526868
-2.43116
6.44835
0.123776
3.92578
-10.091
1.29779
-2.98992
-0.922591
0.508466
-1.23461
-0.284183
0.421036
1.4304
-0.850494
-0.128843
-3.93021
0.652832
2.10871
0.671954
9.86178
-1.57945
0.324374
0.93192
1.97639
2.95349
0.346992
0.630443
0.778903
0.0283517
0.333128
-0.925055
-1.78048
-0.0923633
-0.133542
-0.555015
0.294583
0.346616
2.13374
1.80235
-0.215982
0.532141
-0.298206
-8.13635
1.29696
-0.798001
0.0591405
1.35502
0.267411
1.44081
-2.14183
0.0210441
2.1048
-0.382035
-0.955796
0.338197
0.196023
0.326294
-1.76858
-0.119733
0.00774664
0.0821013
0.211649
-1.23298
2.29687
-17.5209
4.48433
0.617254
-1.43178
-0.477679
-2.83099
17.1056
0.819939
6.30057
1.25828
3.77584
-3.09512
-1.04854
3.78523
1.05493
0.377455
5.88919
-1.55357
-1.2105
1.44984
-1.78501
-3.3631
-0.734647
-0.30972
2.49387
-0.214461
-4.14345
1.33233
-0.766518
3.43402
1.54623
0.147552
-12.1659
-0.0669134
2.93051
0.0368602
-0.208055
0.360438
16.2132
-1.0533
-0.117593
1.32063
0.244044
1.18345
-2.36107
-9.27931
-2.17301
49.5827
-4.13671
4.67816
-0.661491
-0.937082
-0.20948
2.59467
1.14095
1.59655
-1.2135
-0.328457
1.16813
-0.749755
-0.31907
-0.260328
-2.01962
9.31867
7.82625
0.656872
-2.11265
-0.227725
-0.727299
1.31928
0.203644
0.742582
8.89309
0.688698
0.425266
-5.32939
-3.26847
-0.266355
-3.32636
0.0459943
1.57605
-1.17818
7.32564
1.09518
0.593509
-0.0929497
-0.452336
1.5013
0.306938
-28.2381
-2.35854
-1.50093
-2.81862
-0.797858
0.0834223
-0.217034
0.218234
1.24575
0.209726
452.327
0.82492
-0.0167298
1.68599
0.784729
-0.0523485
-0.984653
-0.324176
0.88079
0.327396
-0.41771
-0.176276
-4.72127
-28.3032
4.28485
-15.5942
3.7156
-0.557218
-2.45979
-1.99017
-0.162284
-0.166981
-0.353642
0.45144
-6.81154
1.81345
0.770135
0.889134
1.51509
0.0187896
-0.587488
-7.7804
0.0277557
4.0211
-0.552975
3.30897
-0.214956
0.193657
6.34498
0.699524
9.80289
0.833804
16.7914
-1.7122
0.70868
-1.47803
1.72699
1.25027
-0.65095
-0.998217
-0.109625
0.99876
2.94455
-0.271618
-1.60705
-0.24756
-1.31836
-0.598472
0.184032
2.84336
2.58541
-0.78336
-0.188767
3.45796
-7.26525
-0.487612
95.022
-0.279532
-9.18633
-0.146617
-0.593795
2.24188
0.686455
0.314363
1.18014
-0.70683
-0.620373
4.38138
-1.07213
0.966667
-1.92376
-0.616888
11.1764
0.260602
-0.414631
0.676463
0.438386
-1.75026
0.57448
-3.57584
-0.189177
-7.46931
0.102926
-0.283135
0.0379679
-1.46042
0.110667
3.70703
0.65279
0.401493
-0.755197
-1.66498
1.47504
0.893536
36.1956
1.01838
-0.275332
1.08202
-0.605354
-3.42684
0.287623
0.224652
1.94014
32.2215
-0.450118
8.95013
0.395562
-1.70358
0.497355
0.790945
0.116029
-1.09257
1.37914
0.466359
0.235784
-0.566163
-8.32849
-0.443844
-0.934292
0.975411
0.23722
-3.1035
-0.952185
0.28322
0.212124
5.2006
3.19912
2.03748
-1.17086
-0.425345
-1.45209
2.62383
-0.567418
1.15874
-0.470112
4.1154
6.79499
0.882382
-0.296888
-1.21985
-4.88041
-17.7337
1.37988
0.780772
0.243438
-4.01795
-0.586441
-1.71056
1.95323
-0.89026
-0.087714
-1.40103
-1.75012
1.47167
3.78053
0.329738
7.20403
-0.254216
6.16292
2.67908
0.0823436
-16.7961
-22.1376
0.662514
-0.83372
5.04364
-0.446052
2.67134
0.721292
35.9906
-0.32289
0.999457
1.44017
-123.577
-0.0942341
2.85154
0.640923
-2.08318
-0.369412
0.673749
0.324581
-1.41019
0.468268
0.926849
0.118636
1.7178
-0.238448
-0.547894
1.28747
0.568691
-0.0498582
-3.50931
-2.70277
0.244094
0.195166
1.78954
0.0943022
0.19723
-0.244874
6.08623
-0.648593
1.58085
1.63059
0.258159
3.72573
0.560992
0.211661
4.89509
-2.05114
-0.27497
-0.0152971
-0.0229825
2.30714
-2.06224
9.21533
2.40884
-0.409144
0.236544
-277.06
-1.69432
-0.474524
-0.458933
-1.04916
-1.16475
2.76237
0.575351
26.0597
-0.226104
-1.32918
5.55036
-1.84433
1.1184
0.416469
-1.39387
-0.666272
-5.34891
-0.110125
14.4409
0.337706
-3.97327
1.006
-0.625499
-0.576426
0.386459
0.803558
0.558763
0.309278
-10.4224
-1.10305
-1.0861
-0.533849
-3.08189
0.316813
4.24781
-0.677499
0.254837
32.857
-2.01521
612.079
8.36969
-1.53435
1.16727
1.09759
0.104744
1.30797
1.59769
-1.56485
-0.308834
6.49645
-2.18722
-106.002
-1.18087
-0.491352
-2.06898
-0.173348
-0.323151
-8.09994
-0.623273
-3.21186
5.13967
-1.99929
0.625729
1.69654
-16.3429
-0.581413
-1.15101
-0.388688
0.701076
0.88739
-4.78895
1.672
-0.360462
0.407318
0.824829
0.0621926
0.920053
1.07474
-5.06632
0.305667
3.59993
0.880819
-0.810414
0.854247
-0.684047
-5.68856
-0.427212
0.2442
-0.212706
-3.73336
-0.114919
-1.32248
-0.566491
-0.122138
2.33738
-5.16806
-0.479436
-9.11328
-7.66333
-17.8139
18.6752
2.25958
-0.44623
0.345208
-1.60979
7.4652
-1.17044
-0.944275
15.1885
-1.50093
5.0233
5.13482
-0.18284
0.032256
-1.29923
1.06461
-57.8867
-0.426243
-1.10782
-0.289421
0.669563
-1.24303
0.578895
-1.10615
-3.71663
-0.803987
1.38458
-1.17689
-2.01919
-1.55119
0.116653
-1.83424
-1.16608
-0.264871
0.973293
-0.321595
3.12383
1.60209
-1.30411
1.3264
0.318476
0.199021
0.0576379
-0.308023
24.1317
0.037806
-1.05919
-0.727405
0.100312
-1.42035
-1.49997
2.33249
0.389146
-0.125279
-4.48962
0.390414
-18.0586
0.44712
-2.07826
0.0650906
-0.432364
-5.02545
0.214201
0.252907
0.434759
0.0983491
27.7739
-0.0680299
-0.267094
0.219765
-1.25442
0.246711
8.41706
0.04228
-16.4075
5.03601
6.63866
-0.286516
10.6604
3.0425
6.35401
-11.2939
0.446669
-0.622215
4.67704
-0.221489
0.0432435
0.41189
0.881613
1.06643
-0.435996
-1.05763
-1.0875
0.618411
1.45722
0.485057
-0.666511
2.98067
1.6892
-1.21372
1.55212
0.560307
0.540184
-111.022
0.990035
4.52947
26.1283
0.889063
-0.612462
0.125814
0.313483
0.164373
-0.461805
-0.485021
0.87553
0.521431
-1.11766
0.987386
6.60809
1.43822
-3.93048
0.203993
-0.276134
-7.80434
-2.82764
2.30292
-3.92088
-5.14663
4.44982
-4.65581
-0.0628311
0.145058
0.504458
-0.523101
1.49877
0.0312572
-1.17698
-0.535259
-2.0313
1.32607
2.44009
12.6662
2.60811
-2.23435
-1.41657
2.81595
-0.917598
-4.06415
0.329209
0.811197
-0.893225
-0.726754
0.705876
-0.726479
0.201635
0.0385718
0.537348
0.811299
0.540946
0.965978
-1.1363
-1.03206
23.6674
0.953064
0.0257636
1.24554
2.41338
-4.13995
0.63032
-5.74563
0.820827
2.46574
0.645619
-0.587891
-0.633422
14.21
0.587492
9.46445
-1.86506
1.05858
0.90189
-1.57191
-2.72515
0.623637
-1.00063
-0.403801
-0.608675
1.11285
-0.498366
-3.4074
-0.884164
-4.70269
-0.64612
-20.0733
6.75187
0.514498
1.12409
2.03679
0.629087
0.888824
1.74624
-3.82945
8.24766
-4.75351
0.850748
-1.93252
0.36102
-16.0198
0.815038
-0.61861
-5.68289
10.2716
-3.54955
0.299632
8.02154
0.76257
-0.65639
0.192165
-1.75073
-3.52104
-0.275357
-1.58718
-2.95423
0.432137
0.41338
0.881594
-0.654844
0.928411
3.03478
1.27934
-1.44295
6.06748
-0.41183
1.68774
-0.796965
-2.45552
-1.92961
-12.7598
5.95923
2.05768
-0.451806
-0.200901
-1.38762
-0.279579
0.840399
3.21596
0.0716759
-0.622356
6.66886
-0.314923
-1.6629
-6.52019
-8.67296
-1.40819
0.668754
8.93411
1.65873
1.50988
-0.203095
3.18422
-3.8851
2.75276
0.712302
0.431771
1.02746
5.40014
-22.1946
-0.508173
175.566
1.35905
2.92033
1.18604
0.60065
-0.118833
512.995
-0.897529
-0.257657
0.959114
-1.67846
-0.0555107
-0.435385
0.243867
-0.388078
8.58302
15.2427
-0.065351
-0.502262
8.44824
2.57394
0.0374348
-1.95874
0.631114
0.927194
-0.0265147
-0.878035
-0.0564228
-0.0420147
-2.06732
0.573262
8.48566
24.6647
-0.0768315
-0.16589
0.262389
-0.144915
-1.67631
-2.22872
-1.26288
-0.803372
1.4776
-0.818508
-18.1254
0.689561
0.347599
-1.36145
0.144747
-0.634986
0.569066
-0.164682
0.232526
-0.322643
-0.669568
-0.400903
-2.67376
0.248697
0.223632
3.24478
-1.54807
0.203066
-0.908446
-1.45676
1.37426
-0.280227
0.980278
0.690652
1.22069
0.228049
-18.823
2.46327
-1.1515
-51.5227
-0.969937
3.68488
0.849317
2.83216
-1.57814
2.81735
5.02148
-6.82212
-0.0846161
0.750486
-0.141561
0.185345
-7.0725
-1.79111
-0.408156
-2.40733
0.161814
0.448776
-0.204377
-0.0803021
-2.69766
0.192291
0.548458
-0.299634
1.57648
-0.760277
0.547092
-0.242699
0.0198343
-0.877113
-0.69772
37.5035
-0.761642
-0.0613953
-20.1542
0.398461
-0.148382
-0.812482
1.26058
0.110246
0.597238
0.41053
-0.502911
0.644113
-2.70642
-0.0528331
0.422239
0.0919251
1.99617
-6.73934
0.266186
7.60275
0.572779
0.238775
1.49035
-0.861187
0.758365
-0.323592
0.035942
-2.99446
-0.00580189
-0.322234
-1.4327
-1.85476
0.681519
1.7914
-1.34788
-0.910646
-1.10862
4.42793
0.406077
-2.54925
0.0899629
-3.71539
-0.0155046
-0.218751
-0.864702
-0.21009
14.3522
-2.75323
0.153871
2.33139
-1.15751
2.19988
-12.2224
0.0649193
0.638476
0.873602
0.972071
-0.62054
2.21752
0.529865
-0.891153
0.543947
-5.50093
-0.811734
-3.87661
-1.08963
1.98129
-0.432267
-0.555636
-4.3381
0.435835
-0.531759
-5.02607
-0.299146
-1.02071
0.657596
4.53547
-1.36607
-5.16297
-85.8075
-9.03296
-1.05501
0.449167
-1.38009
5.15805
-1.20818
1.15193
-0.146032
4.6326
-2.37229
-1.59718
0.255977
-0.984102
-1.43249
3.12274
-0.950763
12.0458
0.715423
0.666082
2.01256
0.631488
1.29551
-0.579184
0.204702
1.27223
15.0874
2.67388
1.6935
1.56511
0.403799
-8.62916
-2.03083
-2.27878
1.24507
0.816128
0.344368
-0.275876
-1.82093
4.96053
-0.142914
-3.33575
-0.366385
-1.7632
0.237931
1.59656
-0.361284
0.916207
2.73578
0.461397
-0.275068
0.468646
-0.678376
0.364656
-1.06086
1.91757
0.409682
-0.720416
1.41727
-5.4485
0.0753696
-0.091053
-3.38034
0.0130392
1.65291
0.388844
4.43615
2.92312
1.79711
-0.949723
2.89543
0.0135663
-0.713206
-0.189709
-2.16764
-7.70979
1.3572
-2.28806
2.73105
-0.34196
-0.388399
-0.857611
0.853458
-0.0215307
-0.199132
0.327506
-0.816457
1.47921
-1.16769
1.58954
-1.26471
4.59174
-3.21065
5.99055
-0.425243
-0.410481
-0.425367
1.45744
0.480533
-1.60406
0.400394
0.757656
0.0258439
0.354394
0.623172
-4.66018
-14.8199
1.1491
-0.946515
-0.802016
-0.428619
0.222066
-2.08713
1.73337
0.195924
0.780452
0.213585
2.99687
-1.9644
-0.600034
-1.16319
-3.02808
-2.43184
0.349782
2.63892
0.327142
-0.0619881
2.44475
4.89388
1.05896
2.05269
1.35432
1.64158
-0.643693
-0.106604
-0.817507
3.91802
0.0222952
1.67336
0.109141
0.00887281
7.05705
-1.07009
0.213155
-3.10917
0.335381
-0.305373
1.16006
0.991852
-0.619183
-0.445941
0.566235
0.449567
-5.60714
0.296424
7.32664
0.341346
-18.0448
-6.29685
-2.30575
2.16094
-1.27618
0.163648
1.71703
0.684923
-10.223
6.25189
-0.240904
-1.56733
1.30414
-0.0329468
-2.8175
-3.08179
1.41661
-22.4111
1.45588
0.955558
-0.129575
-0.425239
-3.17696
-0.48188
0.782413
1.02463
-0.595189
-0.9524
0.073184
2.10619
-0.408997
-3.051
-0.360295
0.393095
0.850004
-4.04587
7.78122
0.104819
-0.907032
-3.81062
19.7893
1.27015
1.68335
13.4736
-0.326734
36.7604
4.7131
15.2813
0.700188
-0.104836
-0.18785
1.33626
-0.82161
-1.47407
1.00899
0.389086
-0.0525704
0.512216
0.499479
-0.379053
-0.873606
2.13215
4.0877
-1.39705
0.389263
-1.43404
-2.54736
5.65784
1.67899
0.169999
0.97271
6.71325
1.20406
4.52994
-1.49142
-1.00033
0.770033
0.713853
1.45202
0.489545
11.8444
-0.277979
0.0359884
0.431879
0.75914
1.0604
0.599915
2.63824
0.53317
-0.788758
4.49277
-2.97468
0.604729
7.90158
22.428
-0.111232
1.35614
0.480307
-0.587961
0.113746
1.78138
2.63684
5.95474
6.27539
2.4944
0.430166
0.549376
-0.352598
-0.231308
0.0134071
-8.83857
0.431033
-0.313321
-19.5726
0.746522
0.121683
0.0929466
-0.55186
0.120106
0.361301
-0.441694
-0.737826
26.5107
-3.49685
-1.73109
-3.25
0.10552
-0.931073
-0.963119
-7.94922
-19.3235
0.64424
-7.47346
-4.32656
-0.286888
-0.855341
-0.656691
1.92616
-7.32041
1.33781
2.44927
-1.85335
0.362055
-0.989678
3.78656
-0.661913
-1.19317
-0.35059
2.82489
-0.336786
13.2564
-0.303473
0.115651
3.70155
-3.46419
1.01988
15.3894
0.195786
-15.6809
16.0141
-0.164167
-0.586505
-1.46034
0.484485
0.218016
-1.78
0.560529
-8.37858
-0.649341
1.33818
0.939094
-9.03236
18.607
0.513553
120.57
0.264105
3.40205
-2.80355
-0.801699
-0.354763
1.98621
-7.61166
-8.46173
-0.730206
-0.566788
-0.223289
0.486842
-2.90432
0.403583
-0.482452
0.377732
-0.294014
3.43155
-1.1043
-0.0476558
0.773843
-0.294257
2.57287
1.81433
-0.644212
0.349992
0.413838
-0.175801
4.57207
1.55717
-1.1152
-133.022
-1.40998
-1.26298
-0.662148
4.5818
-2.71219
8.64521
0.852308
1.04717
-16.9274
0.198533
-1.75667
0.7774
-0.719661
0.15183
5.91026
-1.14792
9.68976
0.45946
0.41485
1.65331
-0.593208
-1.16081
-0.238465
-2.45957
1.84035
0.76526
66.1428
-8.21799
-0.475378
-0.694513
0.472954
-1.8825
-2.45916
0.108652
0.436956
-0.167063
1.02917
2.17566
-0.679886
0.157384
1.11829
-70.2726
-4.23567
-0.380266
17.0797
2.21368
3.23236
-3.34128
0.197486
0.487359
-0.119489
-1.63116
-8.23774
0.529684
3.61652
-48.0086
-0.542076
-0.304572
-0.748016
-2.8866
0.950633
-4.6372
11.7058
-0.384195
-0.41241
-23.0147
0.391834
-0.842329
0.519736
2.21746
3.47375
-2.29162
0.57489
-0.893351
0.264652
1.155
-4.08221
-0.139487
2.12688
1.59878
0.0445957
33.8627
-133.622
-4.93226
1.12424
-1.5103
-0.172008
2.22602
9.94278
1.32396
11.9474
1.46453
-0.586043
1.55396
0.0539107
-0.675253
-0.149196
-0.260601
0.373207
-2.34039
0.679688
-0.150314
3.84704
-7.73678
-4.49764
0.446518
1.20384
-0.394845
-1.12661
0.950678
-1.61365
-0.743288
-0.0459583
-2.33174
-7.0583
-0.78511
-0.500552
0.577026
-1.06269
1.36803
0.451534
5.20264
3.62732
2.66689
-1.45277
0.125149
32.1316
1.14276
0.0644172
-0.275898
0.101289
0.0476426
-20.0639
0.282659
-0.692775
4.2595
-1.73486
-0.212265
-0.264948
6.57831
-5.76801
17.0389
-2.07824
1.7125
7.0845
1.00474
-1.18491
-1.13252
-22.4083
0.225871
0.16491
0.705552
0.430955
0.603536
-1.04071
-5.6122
-0.14713
0.239509
0.580108
3.74042
0.426333
-0.439013
-1.95093
-2.41635
14.4538
-0.17092
-1.1322
-0.432847
-0.164521
-0.418125
3.88159
34.141
-0.5905
-0.238346
4.94908
-6.00471
-4.26785
1.2297
1.5292
82.824
0.434487
-0.531432
0.0150016
0.187512
0.366362
-0.586263
-1.15873
-4.45124
1.24037
-0.892553
-1.39479
-0.484787
0.954575
0.992609
-0.747876
1.16987
-6.51086
-122.124
2.16125
2.58237
0.0442844
-1.44376
1.29605
-0.0480746
-0.451539
0.523692
-1.40266
-0.117428
-0.249777
1.19446
-10.2739
-0.588285
0.708578
-8.84381
0.344391
-0.208193
0.291565
-2.03749
-2.61704
65.69
-0.601435
-0.685152
-0.406757
5.5427
-0.667773
-0.404491
1.2332
-87.9047
-0.469976
-1.11293
0.869754
-0.316481
1.47894
0.581764
-0.992064
0.960408
0.68582
-1.49798
0.138609
2.27835
0.409643
0.028384
5.3229
6.99228
-0.566811
2.91582
1.01479
-1.37127
-0.619041
-15.9609
-0.281018
-0.330483
-1.38918
-28.761
1.31773
-4.3644
-1.71648
-0.564276
0.0939097
0.0813904
-3.85075
-3.55151
-4.23753
0.651989
2.47859
10.5732
8.77349
-1.69975
-0.213715
16.7263
0.146613
-14.354
-0.447149
0.526587
2.08113
0.198446
0.940468
-4.60743
-0.494868
-2.01052
7.14164
-0.634048
-1.09297
16.5357
-1.11322
-0.543309
-1.25068
-1.4492
-13.0966
-0.7035
-1370.77
-0.44475
-1.28302
4.29346
-1.92281
-1.04588
0.797141
0.557427
0.548869
-3.42161
0.0702476
-0.362373
-4.54375
1.62553
-0.955367
-0.0898009
1.12639
0.256517
-0.763502
-2.60393
0.693769
-0.695918
0.642291
0.766024
1.23092
0.236657
-1.42474
-2.19413
0.388274
-0.263979
-560.291
-0.492058
-10.0469
-96.4339
-0.513664
1.80119
-1.5445
-0.385445
1.61799
-1.85272
7.09949
0.649033
-0.0781537
-1.5364
2.36193
2.89976
-2.70806
0.621829
-0.140773
-0.83379
-15.041
-8.53164
0.509461
-9.21848
1.95465
-0.182773
-0.0683928
-0.532654
-0.129905
0.153455
-0.261571
4.68039
-4.81367
-2.56727
-0.955721
-0.438027
0.0930274
-9.65476
0.592668
1.85406
13.2394
-12.7
0.0928831
-5.93789
-1.85871
-2.95532
0.684895
-0.0155999
1.10038
-3.9249
-8.29298
-5.68049
0.931107
-7.46416
-13.4643
0.181961
-0.140036
10.7692
-6.77769
-1.35463
-1.5279
-0.689215
-1.23855
4.99683
0.46904
-0.268205
5.93358
0.665757
0.233974
-1.64593
-3.6444
-0.225405
-21.0631
102.257
-0.65488
1.00706
1.03799
-1.3288
-0.958431
0.504115
-1.91322
-0.99971
-0.868308
4.34292
-0.228634
-1.92113
0.541436
-0.0252233
-0.120595
-2.65749
-5.92306
0.0948572
0.537781
0.0650521
-3.42394
-0.163025
0.732671
0.831772
0.488018
-1.65639
0.00977201
0.00418439
0.325147
1.73377
-0.797365
-0.187529
0.357081
-3.00184
-3.05453
-2.35635
0.248731
0.37782
0.698054
0.656213
-3.88068
-2.13187
4.37407
-2.71362
-0.573578
0.940606
1.06081
0.091661
1.3872
-0.633382
0.592468
1.13053
1.76367
2.4672
-0.20736
0.0674932
0.568354
1.65588
-3.63787
-12.979
0.144993
-0.731876
6.80873
0.362705
2.1223
-0.167881
-1.40832
2.03787
18.535
-0.136915
0.0379396
-1.63023
-4.89113
0.663086
1.34798
0.947578
-1.34669
-0.26822
-2.64183
0.173763
-3.46316
1.12063
0.311202
3.96251
1.20184
1.17576
-1.42702
-9.00234
-1.69124
-0.288246
-0.806193
-0.894758
-94.0134
-1.49998
2.76976
2.50323
-0.713238
-3.29965
12.815
0.653398
1.84189
-2.49484
0.193994
-0.709098
-0.120457
-3.33964
0.30521
-0.575101
-0.147617
-1.07737
-0.391066
-0.639255
3.34011
0.278733
-0.070663
0.372699
-7.36183
-11.5946
1.34384
3.03911
0.58488
-2.66849
-5.65845
1.91937
-0.276906
-0.479712
-1.01506
0.0822827
-3.64054
-0.273227
2.72371
-0.505371
0.670436
-3.71551
2.22895
-1.42857
-3.0147
0.588078
0.286747
-0.0630491
8.97349
0.621242
1.56446
0.197604
-0.286487
2.08139
6.69462
-8.43044
1.30451
4.27472
-0.834524
2.57587
99.2632
0.538361
-0.291829
6.89834
0.0479457
-0.968969
0.626388
0.947716
0.38346
-2.88035
-6.27133
0.188392
-1.5368
12.6525
-4.05384
-0.302106
1.76418
0.935827
0.00780121
-2.83073
-3.60047
1.23099
2.25802
1.61732
-0.588054
0.688181
4.02802
1.24998
-1.99591
3.59729
-4.08446
1.36616
-5.05033
-1.15315
1.52066
-3.99489
-1.16457
12.2002
-2.89055
0.00821413
-0.272693
-1.13591
0.135154
-0.25209
10.8599
-0.284455
0.290689
6.3862
-1.24076
0.202206
0.965572
0.860351
5.7929
3.46797
1.87341
-0.386648
20.4057
-9.7851
-0.135467
5.23281
1.80087
-0.520798
-0.894479
-1.61128
-1.24264
4.64426
-1.60658
-1.9667
0.490547
-0.357917
1.12297
-0.976843
-6.88794
-84.1546
0.668152
1.42834
0.701331
-2.05165
-12.8455
0.39813
5.32057
3.28115
-0.634555
1.06734
9.62179
-18.8968
1.56053
-3.18107
-18.9446
0.368913
-0.380901
0.62124
0.889297
-4.89345
0.550814
-266.313
-0.82292
-4.41734
0.397086
-0.42902
3.69832
-2.05615
0.327881
-1.72333
2.05617
-0.548402
-2.01461
-0.529548
0.229197
2.60723
0.63609
-1.35729
1.26951
-10.5065
-10.1983
-1.44071
11.7613
0.221546
3.72457
-1.86152
-0.095335
-0.730921
-3.31449
0.102313
-4.1733
-0.424094
-2.8174
-4.18802
23.4117
0.229494
-0.00129762
0.718626
-0.375543
0.516333
0.823461
-0.217343
0.637095
-1.33878
0.968676
0.420621
0.424514
0.441097
-0.842232
-1.11476
8.58357
-2.29455
-0.170138
3.56029
0.461312
0.190725
-0.713452
0.0430547
3.0469
-1.82207
7.75184
0.271145
-0.843621
-0.514479
0.0372255
-0.446838
1.96983
1.10028
1.04261
1.35219
1.78623
-4.29761
-1.39664
-1.4299
-6.60865
2.73723
2.71156
-0.904568
1.51657
0.0967048
-0.0238565
3.95697
22.7904
-1.01891
18.9531
-1.92788
5.10385
5.15835
4.89492
1.89133
-2.18602
0.181911
0.116636
2.56557
0.0788664
-0.641544
16.9183
3.95987
-0.981708
1.08994
0.0793044
-5.39878
-1.39267
-0.128129
0.589647
-0.605748
3.13809
-0.407581
-0.229414
-0.525128
0.230776
1.10937
1.36998
5.56288
0.216974
-0.4463
4.59148
1.54776
-10.6096
-38.3842
0.0329334
-0.203916
-0.278057
-4.95325
-2.07703
-0.114554
0.0212467
-0.182525
-2.88037
0.126552
-41.6242
1.37685
1.82395
-1.02256
0.0575784
1.99072
1.1603
-1.38965
0.0368739
-0.734307
-2.88578
-1.86358
-0.153729
0.441278
1.04871
-1.47633
-9.68497
2.73326
83.1647
-0.386794
-0.0505269
-2.49288
-0.909576
-0.0623693
5.6186
1.62988
-7.54682
1.32647
1.04132
8.35775
7.97754
2.03674
-3.41406
0.998817
5.4228
7.30516
-29.2941
-17.4519
-0.67953
-0.151276
0.621505
1.3698
-2.95906
-0.445542
-1.34048
-0.889549
-0.737354
-0.325207
-2.73997
0.825662
2.46813
-1.7135
-0.000250598
1.54445
-0.245179
-0.134362
-0.593622
3.53563
0.0508622
-3.82193
-1.46154
2.51189
-68.1693
0.667673
-1.94037
-0.0260255
0.134672
-0.314859
221.918
2.70299
-0.732269
0.255298
-0.0119474
0.591426
1.04884
-6.27416
2.40013
-1.58607
-2.74342
7.03576
-0.924305
0.298509
-28.8137
-0.456763
0.193669
0.145631
7.17166
0.338212
0.553611
0.539198
-4.38663
-0.325744
-0.11942
-0.735431
1.07831
-0.165386
-0.118223
-0.363044
-18.1483
-0.266668
0.0279454
-1.22684
-0.618767
-5.67534
0.087405
-1.72598
2.04001
-0.267323
-15.273
-0.35922
-0.191872
-4.54483
0.0167913
-1.01294
-9.01733
0.168617
-1.92651
0.421636
-5.03138
-0.135824
-0.313398
-0.807148
1.06868
-0.665098
-8.28352
0.220871
-3.20717
-6.67045
3.38055
-0.794096
-0.128847
3.87657
-0.279108
-0.563005
-7.22179
-0.842157
-0.133636
-0.385653
-2.25584
-1.53499
0.16321
-4.65672
-0.772832
0.54173
-0.221939
-2.11665
4.01171
-1.96798
-0.958792
0.592615
1.11332
0.127386
3.64502
-0.0856767
-3.61163
-1.15376
-0.424445
-0.254852
-0.10925
71.1754
-2.23808
-0.238756
0.534501
-33.758
-5.24568
-6.24102
4.38888
-0.186166
-0.409669
-0.320495
-0.342575
0.572605
3.66387
2.33465
-0.0849751
3.22919
1.10501
-9.79476
-0.716791
2.30605
1.89043
-0.030102
-2.89174
-0.503752
22.5302
-0.0747681
-0.0281249
0.846061
-0.373049
1.61386
2.28531
-0.186459
0.0131587
1.00836
2.61211
-1.01852
-0.722507
-29.4037
0.00601057
-0.283603
-0.163158
-1.73961
2.2634
-0.49576
-0.343273
0.70225
-1.08968
0.41145
1.82667
-0.59473
-0.990641
1.131
-2.61109
-0.485056
0.312885
-0.399247
0.415412
10.1915
0.0799026
-0.00685424
17.7781
-3.59674
0.646026
3.83471
17.6027
0.964338
3.92709
-11.663
0.965015
14.9664
-14.7049
-4.31678
27.1267
4.18133
-0.204529
-0.957286
1.71786
-0.143147
10.7545
-2.38329
-5.79692
0.105369
-0.767112
1.38473
-1.09006
-2.27136
-1.16397
-0.116251
0.997502
-0.808352
-0.0907918
-0.0957324
2.71299
0.289041
-1.95656
5.08495
-1.88204
-9.0568
0.654754
-5.77857
-0.177153
0.585914
0.721041
1.54294
-0.324711
-0.273479
-0.417748
-4.99007
-0.781197
1.19173
-2.8408
1.10895
-1.5741
0.0319027
1.31544
1.59813
-3.30208
0.764418
1.40909
0.688789
0.595883
2.31273
-0.665051
-4.55873
-2.36725
1.01297
1.77571
0.365827
0.199446
-1.13011
0.542106
-1.06666
-2.21454
-0.749869
0.218292
-2.7415
-2.27303
1.20246
1.50691
0.414666
0.805651
2.70591
-1.13935
-2.71912
-0.992224
-2.07325
-0.597202
0.848189
-21.3346
-0.363034
0.430551
1.05738
-2.20622
-0.31126
9.93678
-0.501118
-0.29467
0.524322
-0.172327
-0.398192
-2.84835
0.965104
-6.20457
-0.86829
-0.0285327
1.69278
-18.3233
-2.7785
-0.720241
-2.85425
1.00588
0.871984
21.6908
-0.443525
1.51962
3.90701
-1.96181
-3.94357
-0.106324
-0.117326
-0.838648
0.63648
-42.0635
-0.694376
-2.13394
0.132788
0.0209535
-1.12215
0.945333
1.33013
-1.7644
0.826978
-0.961887
-3.29124
0.0952394
0.0686735
4.66203
-0.0887521
6.88127
2.48066
-1.64252
-2.1556
0.16792
-0.251487
1.92989
934.093
0.492397
-5.9366
-6.7256
-0.55993
0.592755
-0.367423
-0.0841514
-0.142837
0.520594
8.84163
1.16447
4.4921
-0.143029
-3.6012
0.782192
-1.10174
-6.47529
2.91479
0.355607
8.17126
-2.14942
1.66937
-1.91389
-0.0544022
0.290744
0.410326
-0.0185804
-2.61998
-4.59439
8.14249
7.39279
0.405973
-13.0012
-1.44059
0.309534
2.41453
1.1062
5.26512
0.329901
6.34362
30.5085
2.24469
6.9683
-0.235272
0.0367511
-3.03791
-1.81025
-0.726056
3.96985
0.271416
-0.373598
-1.61575
-3.49982
0.0616925
-0.106697
0.232819
3.01223
-1.87831
-3.03735
0.386411
-1.44076
0.794794
0.61944
0.551867
0.496913
-3.7123
-0.280498
-2.72382
0.130009
0.505545
-0.05279
-0.0602554
0.154519
2.00648
0.15152
1.13594
0.507142
-0.20973
-1.50287
-9.78685
-4.30624
1.91992
-1.64781
-0.347891
4.09785
-4.06649
-5.86829
-0.40387
-0.0828125
-0.435197
4.30386
2.0117
-0.899787
1.76226
0.181155
-7.34931
-0.881109
2.99143
2.60679
3.2061
0.99993
-1.11922
-1.39759
-3.34812
-3.84311
8.29763
-0.480495
-0.736338
-3.90711
0.762697
0.701932
-7.677
-1.4165
-0.131009
0.703662
1.1524
-0.133461
-0.502161
-2.84647
0.0162609
245.838
2.88924
3.47555
2.54308
0.736356
-1.7183
1.77331
-0.344848
-0.366722
-3.65014
6.67243
1.41624
-0.372633
-0.846005
1.27917
1.53752
0.857825
0.136593
0.963793
-0.65075
-0.0527598
0.181491
-7.57626
1.68859
-0.712856
-7.91896
-2.9949
-0.451518
-1.46504
-0.000482444
1.35765
0.369715
-2.29469
2.44585
4.77631
-0.791601
8.50722
-2.46461
-1.12221
0.242996
-1.32363
0.72226
1.3021
-1.79652
-3.43177
-1.0322
0.259374
-1.26524
-2.49795
2.0349
-1.65775
4.65301
0.108189
1.14752
-5.72754
0.198664
-21.1438
0.178889
-0.807453
1.62682
-1.65496
0.572405
-0.62948
10.4945
5.19383
-0.457004
-2.27769
3.38473
2.07141
-7.69405
0.244527
-1.48574
3.6122
-0.477292
-2.14615
0.0549185
0.494177
-0.0891
1.17202
-5.73874
-6.78047
-25.5018
2.02397
-0.452447
-0.82901
-0.42891
-2.11658
-0.20281
0.558848
-0.105696
0.668246
-0.714583
-1.22558
0.4385
-2.54245
0.0189902
0.556888
-0.636168
0.586813
0.0463023
-2.73063
0.64373
-22.0437
-0.157741
-0.00361916
0.743019
0.607452
-0.525696
-0.0504367
0.739174
-5.49387
1.59716
-5.3969
0.20201
0.903255
-1.42985
2.29474
-0.166622
-0.394893
1.38568
0.137517
-0.488441
0.129352
-0.503473
-2.823
-2.23981
0.05364
-1.24007
1.37581
0.336885
-0.845111
-0.0107444
0.556865
9.12358
1.81481
0.057973
-0.479455
-2.18022
-1.7361
13.3174
3.73755
-5.62095
3.81561
0.944085
-0.7912
-0.203816
-1.42587
-0.260847
66.2487
-4.16169
1.36998
-1.25127
3.98536
-0.191753
7.49871
-3.32896
5.97698
-1.45619
0.712236
-0.433824
2.56767
-0.0739824
-0.486277
-0.387849
2.2473
0.548088
-0.101227
1.24749
-0.553456
-2.39337
0.957612
-0.752142
-2.09761
-4.83688
3.77336
-0.792224
3.36013
1.04103
2.11873
67.476
-0.206586
-2.60953
0.136097
1.25627
2.26302
0.455485
-0.253181
0.0921326
2.41165
-0.0172177
-1.52179
0.786159
-0.384816
0.235049
0.289828
-0.835607
0.823702
-0.377973
-0.362101
16.8884
3.10343
-2.24709
1.55336
3.91929
1.91821
-0.99621
-0.436412
1.19078
-1.21264
0.836488
0.00193208
-2.94074
-0.362116
3.9139
0.382264
1.07394
-3.86747
-19.7487
-0.385643
-3.66183
4.18736
2.47541
-1.09174
-0.563959
-1.24547
-1.58083
-2.77022
-1.73013
0.32886
-0.48327
-0.197779
0.0705152
1.20546
0.993499
0.589288
2.1019
3.79456
3.47637
-0.239219
1.24857
0.499495
-0.147224
3.27832
-1.42917
-0.615691
0.336881
-4.11402
-0.294285
-0.271565
-0.819399
-0.319307
-0.502202
-2.82372
0.264742
0.477553
1.99317
-2.15013
-0.226981
0.841065
-3.75829
0.645931
0.811445
0.0806354
0.560193
-2.81655
6.95211
-7.62128
-2.96864
0.0626185
2.45895
2.96663
-3.43606
-98.0299
-1.66071
0.232267
-0.815876
-0.838135
0.0499044
-1.73726
-1.26926
0.113342
-0.522647
-2.40287
-1.2488
0.897321
0.082717
-0.807368
1.29715
1.72511
0.0273266
0.482953
-0.831836
-0.373683
0.650417
-0.554615
0.500428
1.21438
0.462403
0.63044
-0.916624
0.472203
1.32841
0.646444
-0.342703
-1.97093
-0.426075
-1.2323
0.220378
-3.93287
5.15505
-0.63986
0.0937453
8.31849
-5.00915
-5.3286
1.02518
24.895
26.3966
2.13376
-3.7527
0.815091
-0.214819
-1.49403
0.989423
-1.52711
1.18322
1.02184
-4.53215
0.366333
-0.341306
1.67447
-0.0447211
0.500541
0.189486
3.22285
-2.27941
-4.77488
1.70722
4.57973
1.46968
-1.65321
-5.13113
-1.77234
0.76216
4.60239
-0.0590365
-1.4415
0.107701
-5.4256
-0.742761
-0.187831
0.671474
0.536071
-0.33707
1.25598
2.9565
-1.86853
0.434999
-3.08896
-4.39366
1.45624
5.55581
0.194903
0.346353
-0.701747
-4.29233
-60.6401
-0.291356
1.16866
-0.503477
-1.23218
-8.62217
0.131247
-2.09995
0.452681
-0.784946
1.22721
-6.22612
-0.241771
0.0253336
1.61644
-0.690043
-12.9698
0.118129
-2.08569
0.446795
0.0430431
-9.5545
2.92341
-4.67873
1.7181
1.01005
0.858449
1.58607
1.34507
-27.6934
0.823687
-1.30287
2.14577
1.79349
0.86996
-0.127101
-1.14877
-0.175553
-20.4713
-0.503222
-7.60634
0.362698
0.806936
0.294581
-0.809268
1.09163
0.015191
2.09712
-2.09477
0.32878
-15.3017
-1.31685
0.350066
4.14485
5.66829
0.359597
-0.444399
-0.499509
-1.48763
-3.64826
-6.74711
0.554116
0.993301
-1.58202
6.54929
-0.380451
4.34608
-18.7442
-0.7886
-0.491385
0.921701
-3.72431
0.90353
-1.30386
-0.466021
-0.730463
-0.456473
0.211307
-5.98277
1.67751
0.427332
-0.0162583
-3.87167
-0.525152
-18.5002
1.13087
-1.48915
-12.2073
4.22567
-0.657253
-7.5717
-1.28353
0.204829
-0.115188
-0.925887
25.6185
3.63921
-3.04676
0.290616
0.95919
1.84123
-0.965018
-0.0877749
0.250164
1.40549
1.85604
4.80238
-2.31117
0.339247
8.62918
-0.322956
-0.709719
0.721461
0.81661
-3.15959
0.55662
-0.943932
0.4417
-0.896089
21.0931
-3.05906
-0.291345
-6.91747
-107.717
0.890292
-0.300127
0.200086
-0.0172317
0.0544507
1.59725
-0.0727113
0.992424
3.32855
1.22203
-0.566193
-1.16285
1.12169
1.61975
-0.463839
-2.03507
-3.37106
-1.39192
-0.461333
-1.9561
0.676588
-0.434373
0.697611
0.268752
2.18502
4.95372
2.362
-0.853396
2.80509
0.260926
-0.43355
-0.469904
0.594896
-0.593575
0.757426
-1.08749
-0.604687
0.407358
1.61923
-0.915463
-0.306176
5.16218
-0.295434
0.513918
-9.81041
-0.485857
3507
-0.934296
0.478939
-0.237652
0.649756
0.404228
18.6262
1.84242
0.850355
0.727102
-2.30977
-0.702633
-0.357409
0.15602
-5.83932
-0.922894
0.360991
-0.36578
0.427902
-0.20244
-22.0388
-0.674757
0.245514
-1.59832
1.07331
1.85206
-1.12624
3.09813
1.19065
5.13896
-1.63939
-8.30478
-5.32474
6.25064
1.12551
-0.92589
0.223404
0.283325
-0.00473878
-1.0214
0.770477
0.967617
0.0401646
1.46186
-3.34509
-4.20949
1.07431
3.97164
-1.21699
0.51819
-3.18473
1.33179
-1.11398
-0.164127
-0.631638
-0.433297
0.00333304
0.429272
-0.18093
-3.67092
-1.94459
1.48303
1.32826
3.38156
0.117008
-0.693778
-0.184799
-0.701593
-6.64467
0.0953183
3.2573
-1.3983
-4.51716
-0.151624
3.57616
-0.271454
0.102988
1.28424
-1.46446
-0.155722
-2.34603
0.163732
0.59072
-0.431842
7.16817
0.456709
1.84164
-0.480713
1.55015
-4.57737
-2.11294
1.24949
-0.757667
-0.776409
-0.794978
0.567335
1.31018
-0.678748
-0.683058
0.246178
0.0997072
-0.334346
0.713307
10.2832
0.833567
-0.0648676
-8.9117
-7.42873
0.17617
0.470311
0.65905
-1.50272
-2.2608
-2.98508
2.23537
4.26828
0.589951
-12.3907
-0.518745
0.498206
-1.00813
-0.51098
0.740818
1.41092
3.15586
0.365629
0.996325
-0.438686
-0.989233
-0.372722
-1.6233
-16.5227
0.50723
-0.488423
4.91441
-3.19004
1.23177
0.342431
0.594543
0.224225
0.932721
75.4165
-23.5445
1.46879
-0.886051
-0.146176
-0.19504
-0.331522
-3.87661
1.42959
0.938918
-1.08341
0.890291
-0.0248613
-0.73771
1.34865
0.765867
-1.99659
0.417018
-0.205762
1.14429
-0.12991
1.65588
-0.226407
5.29596
0.49256
4.09199
-0.744155
-0.899272
-1.04619
0.859204
1.21981
0.730869
0.250764
-1.7243
-1.16211
9.23679
0.0214753
0.940811
-4.38867
-6.03104
-0.914786
1.31482
-0.10823
-0.500454
-1.17114
0.0375241
1.47411
4.50638
2.10215
0.810289
1.35729
5.04324
0.669722
-1.07524
0.464152
-0.677309
2.0558
-0.682237
0.300458
0.604672
0.322383
3.16725
-3.01492
2.17949
-8.63339
1.98632
-0.328138
0.748714
1.97306
-1.48533
-2.70336
0.189664
136.433
2.23518
-1.27657
-0.883794
0.940793
-0.151512
2.00477
-1.86675
-5.40868
0.429761
-0.404679
0.819394
4.95879
2.40998
0.78898
1.11092
15.8651
0.178146
-1.84412
-3.84804
0.835183
0.689983
-0.233504
-0.291165
-1.14887
-0.455886
3.18174
-0.369071
0.609233
0.0762739
1.42263
0.555349
-2.4857
-2.41332
0.324155
-0.226398
7.21494
0.603972
-64.333
0.813451
3.9134
-2.25865
-0.0379285
0.746153
-1.47453
-0.924668
-0.0993813
-0.0139938
-1.12453
-0.159244
0.765951
-0.274932
0.187763
-0.436451
0.508356
0.430875
0.675104
1.06431
-0.967967
0.066212
0.431993
0.246962
-0.50064
-0.972975
1.73635
-3.92165
-6.15611
5.16546
-0.100724
0.060875
-6.68336
8.54748
-0.759677
-16.1633
0.107621
1.59753
1.25418
297.062
-9.40829
-0.209948
0.797381
-0.141145
0.550483
-0.941266
-1.52717
-0.463308
0.95258
-1.76522
2.94998
-0.396469
-0.0505901
-2.99679
-0.0912092
0.154654
-0.28317
-2.10177
-1.68322
-1.25779
-2.20873
-0.755484
-0.726906
-0.543169
-1.07073
0.515965
-0.568443
-0.405548
1.84992
-0.672574
-1.59976
2.74227
-0.249574
1.88537
0.0431697
0.29607
0.539545
1.04947
-2.20251
-2.12235
7.6954
0.176612
-0.73788
0.816773
1.45442
4.91169
1.36982
-0.60693
0.281316
0.256428
0.716226
0.766794
1.29658
0.842931
3.06282
-0.453971
0.819607
-0.783859
2.56717
0.562363
2.13957
-0.789356
-0.0664036
1.96679
1.67467
0.811986
-0.614259
4.26789
1.2491
0.202012
0.988491
0.399746
-6.72299
0.77088
0.0572493
-0.55735
-1.62746
3.3792
-1.3084
1.52219
-1.53517
-0.0729567
-0.121983
0.887159
-0.65255
1.16704
-1.26069
-9.62855
-0.829615
-1.95379
1.29292
-0.498161
0.0434168
11.5922
-1.37551
2.69868
-0.91808
-0.44637
-1.11943
0.369359
-3.38269
-32.4315
-0.534284
1.79654
0.994341
-14.92
-0.144799
-26.3166
-6.76672
-3.76005
1.6606
-1.26325
-1.24156
13.9154
5.66232
0.467288
-4.80453
0.574701
0.440827
-1.25828
-1.77399
-0.0900295
-9.19315
50.2689
4.19221
-2.31646
-2.04808
-22.968
-4.24738
-0.423003
0.0105981
0.929763
-1.74243
-1.48187
-0.0400571
-0.643738
1.13919
1.43034
-0.182285
-1.08955
-6.74072e-05
-1.42405
-0.0376635
-0.677684
55.1387
0.448091
-19.1822
1.4121
-2.02431
0.485142
4.67242
-0.684889
-4.16124
2.80552
-0.560335
0.189088
0.163068
72.6245
-1.5384
-5.87113
0.141305
0.996907
0.510057
1.34687
-4.17968
0.296287
0.111446
0.739551
-0.548552
0.901174
1.05724
-0.315249
0.285081
2.66277
-1.38651
-93.8797
-0.0843042
-1.14064
0.00863267
-4.71892
2.03051
-0.929663
0.854854
-3.89949
0.944338
-0.0608746
0.0507337
-0.191795
-0.191527
0.503703
2.37353
-1.86101
-0.189009
0.0323289
0.19685
-1.19429
0.597364
-2.61958
-0.262431
16.5005
1.25225
-53.2699
-4.9054
-0.0966331
1.01303
0.231364
-0.00400724
0.24216
4.07715
-0.0431786
0.129062
-1.42497
-10.4849
-6.95209
1.86483
-0.0743251
-6.69554
5.40656
0.246753
-12.327
0.302167
9.01502
-1.74567
-1.76916
3.09939
8.71456
-1.7691
0.686871
0.283912
-5.0838
0.733034
-1.54833
-7.29143
55.2825
0.710749
0.695918
0.518475
1.27614
0.982284
-0.591595
-0.60214
-0.154131
11.1566
0.449982
0.10903
0.595837
18.3307
0.470316
-4.86368
2.15928
-0.976397
-0.802845
0.32345
4.40116
1.65511
2.62387
2.8639
0.837258
14.6748
-0.264083
0.892781
1.14209
-3.29937
-8.21886
0.90505
1.82416
-0.480657
1.01438
-4.87891
0.787955
12.194
-0.947325
0.206158
-7.5398
0.503542
-0.960587
-3.44065
0.305325
1.81454
-0.0556366
-2.71994
-21.6477
0.328773
-0.603691
-4.04763
1.01656
-0.980154
0.962057
-0.809203
-0.909511
2.4858
0.308756
-3.67922
0.372681
-0.0769645
4.90104
-1.59348
-0.0815706
24.761
-1.51269
-0.0969053
-0.763189
0.0371542
-0.49152
3.7055
0.377896
0.824561
-0.10703
-0.124119
0.191646
2.1127
0.35779
9.12015
4.02955
0.838478
-0.123449
-0.0370225
-0.555196
-1.94785
4.61867
-10.515
-0.491795
-1.4217
-4.30053
0.273199
-0.893738
-1.04927
3.43108
0.104254
0.473757
-0.627435
-1.63169
0.229658
-1.22572
0.478645
-0.601157
-1.52392
1.08543
3.53726
3.6465
-2.10993
-20.3817
-0.833462
1.02778
0.302367
0.498049
3.26974
0.0499052
-1.39661
-0.12811
-0.295123
-2.02449
-1.37711
0.700772
0.22984
0.196479
-0.722677
0.271736
-0.923467
0.843819
1.47922
0.022227
-0.309955
-1.23212
-0.737068
5.3106
-0.304337
-0.213036
-1.35283
-3.96095
-0.300495
2.08594
0.129944
8.20771
-0.850338
0.387222
1.32145
0.391517
-4.74247
-0.113861
-0.845691
0.306054
-0.131032
0.706002
0.678697
2.47723
-1.33268
-0.782757
0.287436
-1.24604
-0.0647258
1.5482
-1.40399
8.52526
-0.980028
-2.14922
-0.552224
-11.291
0.0183505
-0.423637
2.28662
2.30058
-0.203945
2.89501
-0.730994
-3.7727
0.676016
-0.956074
2.00547
-1.6368
1.72254
0.582704
-1.6119
2.16992
-1.04511
-1.50286
0.504458
-0.111958
2.4224
-0.772352
0.194249
-0.120247
-0.676176
84.5568
0.377174
-8.82022
0.00745897
10.6421
0.229052
5.12559
3.90906
0.284796
2.13827
0.374485
0.226211
-0.453795
1.89161
0.97642
0.158519
46.7692
5.12377
-0.362332
1.42772
0.0818509
-0.118167
-0.800158
-1.17611
1.24129
-3.60377
2.56854
0.324902
-0.53577
-1.93399
-0.234374
3.1084
-0.140045
-0.49881
-3.07244
-2.40233
3.91855
-13.2487
2.83612
-0.505496
-1.52148
-1.72184
-1.24452
27.7255
-0.279495
9.7078
-1.17071
3.88697
-0.571742
-1.38306
-10.981
0.303769
13.5635
-2.98314
-0.653726
-5.84591
0.357215
1.34139
1.19704
0.612918
-0.481395
-0.360091
2.0326
-3.54378
-1.48376
0.0137487
-0.0473087
1.67526
0.254462
-0.0274526
-5.43694
-1.75693
4.49568
-0.868491
0.974124
-9.02982
0.3381
0.44419
3.2645
-1.29551
3.89803
-1.57191
-0.250019
-0.214696
0.0990266
-1.2252
-1.82107
-2.37976
-0.206664
2.54738
-3.31021
-0.806166
3.14922
0.498644
0.665288
-4.7092
-0.272396
4.99767
0.473024
-2.32664
0.217491
-2.19877
-0.660143
3.95088
0.264767
0.352495
2.35479
-0.542785
-2.69145
-1.40068
1.17156
-1.03793
-3.98433
-0.718265
-0.168768
5.76773
1.53484
-0.373298
1.15784
0.356522
-0.672034
-2.93183
-0.0905163
-2.99545
0.719851
-1.78147
2.76785
2.89877
-6.70193
0.154176
0.664658
-1.29551
1.03779
6.27398
0.438849
-0.370399
-1.01259
-0.251949
0.784333
-0.0458422
-1.67151
-0.519093
-0.0749499
45.2959
-0.19149
-0.781583
-0.321492
4.60097
6.08747
-0.299077
-0.231663
-1.5877
600.466
-0.394474
0.335314
-1.85433
1.52767
0.767942
0.942347
0.630179
-0.642097
-0.306466
1.31175
-1.27171
-7.61838
-0.402859
-2.63759
0.502552
-0.444838
1.103
1.13156
-0.337615
5.83899
-5.4722
0.233482
-1.34595
8.02186
-0.278535
0.847295
8.11864
-1.59197
2.01114
0.630578
5.06753
4.6981
0.216067
-2.40567
-0.650791
-5.69522
1.4165
-1.22099
-0.970244
0.200359
-17.6696
-0.402135
0.631075
11.6342
1.84466
0.482274
2.27403
-1.32799
-0.0142374
1.52591
-1.3004
-0.398701
2.58554
-42.6066
0.482823
-0.164971
0.513357
-4.23228
-0.128558
0.802471
0.315692
0.295309
0.505711
0.637563
2.34512
-1.18644
0.828309
3.58962
0.906114
-0.209558
0.858164
-0.615148
0.500067
-0.182994
-1.06147
-0.77422
-3.02577
2.32882
-0.780722
-1.72711
-0.703587
-0.159937
0.0673835
0.419857
-4.02204
-13.9827
-4.59836
-3.73571
-0.300645
0.558356
1.38702
0.705073
-1.99094
-1.74854
0.132922
0.180814
0.192261
-2.26702
0.370071
0.119596
0.250814
-1.34996
-6.87279
-0.118434
10.2489
-0.730888
-0.69358
52.9382
-4.46708
-0.0586322
-2.91707
-1.03196
-0.869441
-0.0325813
-0.422953
-0.692855
-4.69266
-28.0645
-1.51206
1.93885
0.430639
-1.27055
1.16651
0.3306
0.211379
-1.59436
-1.36197
1.69289
-2.38939
0.946784
1.32022
-4.63649
0.110868
-5.48011
-7.01179
0.409137
-2.78464
0.140872
0.985043
-0.10077
-0.413369
3.86336
-0.0770006
-2.04302
-0.542782
-6.38217
3.54241
-1.14153
-1.68581
-0.139365
-1.17829
-2.45774
-0.0294665
7.08284
3.46769
2.21591
5.74389
0.135167
1.21018
-2.45308
0.66955
5.73632
1.46004
-1.82468
-11.9025
-0.305976
-0.331808
0.454278
-0.0604911
-0.521359
0.977155
-0.252237
10.6925
-0.171693
-2.14112
0.186098
2.54108
0.0445754
0.709481
1.48289
1.09648
1.11194
-1.24035
0.316331
-1.39481
-0.905342
2.28806
-0.014282
-0.205452
0.152382
0.330421
0.600211
-0.117047
-4.54063
0.420677
-0.963087
1.00915
0.154739
1.67498
0.704697
-0.996247
0.818128
-0.157977
0.0785131
-0.305007
1.41176
0.0458927
-0.652703
1.40411
2.44866
-0.371904
-7.87389
-7.47306
0.279703
-0.51629
1.28095
0.248005
-1.53375
1.00594
1.08681
-0.287362
-1.48933
-2.24432
-1.33344
2.02891
-0.925965
3.6619
1.11529
3.58637
-2.1921
2.39614
0.734513
1.34979
-0.636756
-17.2052
-0.74543
0.785119
-2.46478
-0.578943
0.75068
-0.0682849
0.611166
-1.11802
85.2631
1.42517
-0.501131
-2.41141
2.368
-0.131212
-0.357887
-3.45103
1.08924
1.95867
0.0277682
-2.80304
3.76961
5.91183
0.198402
2.64356
0.0700456
0.859359
0.604857
-1.8074
2.2489
-0.98525
-0.146707
29.111
-0.374726
0.46653
0.205447
0.284594
-1.02533
-1.09584
-1.06188
-0.483951
0.354289
0.0173081
-0.112674
-43.4702
0.160308
-0.604514
-11.7789
4.87756
-0.104695
1.32706
-3.9855
-4.5846
-2.89205
-0.931119
-0.683087
-0.571741
-13.8928
-5.00892
-1.23951
2.06491
-0.656731
-3.51978
6.39748
-3.53009
2.88758
0.104111
0.267952
-0.0142994
-0.996464
-1.45913
-0.303745
-0.200052
-4.56024
-1.00883
0.478281
-1.03764
-0.606111
0.976655
-0.58985
3.97785
-2.20229
0.234732
-0.920954
-9.19003
2.85754
0.581545
0.524889
3.54999
1.19455
-7.74206
0.947237
1.18172
-95.6274
0.171631
1.57229
59.9138
-0.179428
-18.4824
-0.395559
-3.25774
-3.69505
-3.69268
0.969784
2.09625
5.38308
-0.310151
-3.559
-2.35394
-0.0509024
1.21338
-2.44337
1.51056
-1.34259
-0.55761
-66.086
1.45896
15.1036
-0.1598
-0.638498
1.32047
-11.1106
-0.165651
-4.73543
0.0622724
0.0128806
0.349174
-4.1805
-0.277707
0.886366
0.496429
3.80518
-2.91907
-0.983226
-1.27425
2.91666
-0.00470687
-65.23
-6.92189
2.71469
-0.682836
1.40335
-0.192641
-2.29642
-6.58938
-0.0989653
-3.75621
-0.525637
-3.18254
-3.58438
-0.141956
-1.06233
-12.7431
0.221795
2.61447
-1.53765
1.589
3.5647
0.479592
-63.6682
-0.0905231
-8.07602
-15.42
4.61584
0.991117
0.0351393
-6.09121
-0.215442
1.04858
-1.52608
-1.05408
-1.02059
-2.96621
0.360358
0.159896
0.467666
1.88598
-1.2864
0.411609
7.33001
-0.819714
-0.578396
-0.205182
14.0301
-0.830326
16.8664
0.570255
-52.3875
4.5065
-0.0631776
-9.09608
0.832875
-1.60333
-0.47571
-2.04618
-0.300933
0.275957
-3.62151
0.289166
2.7745
0.346275
2.05322
-1.55824
0.298977
-0.479926
0.215038
-0.2505
-12.6023
3.00742
0.348419
-0.146321
-1.9201
-1.23625
-0.600819
-2.75349
-0.600855
-1.02228
0.5561
1.54536
-0.661266
0.65839
5.09358
0.314559
-3.32054
0.210657
1.3866
0.370971
-0.530961
-1.30848
-0.569147
-0.174008
-0.995198
-0.522592
1.17062
-1.72093
1.68449
-0.456584
-0.0858012
2.78169
-17.2295
1.81267
-8.56395
4.80684
-2.81232
-1.17722
-1.5944
0.580347
-0.322371
-0.901158
