1.04178
0.943684
0.946792
0.901921
1.07145
0.868732
1.06253
0.898226
0.915892
0.908821
1.02117
0.990428
1.05556
0.973278
0.883658
0.98781
1.12982
1.08264
0.900487
0.856852
0.977509
0.933225
0.886888
1.03656
1.00385
0.786338
1.26136
1.13792
0.987481
0.970157
1.05222
1.2702
1.03203
0.960843
1.11343
1.0969
1.03214
0.95457
0.856511
0.990639
1.0829
1.02419
1.1201
1.00364
0.998833
0.962344
0.887585
1.02196
1.00241
0.969042
0.878833
1.05221
1.03102
1.08157
1.06434
0.976776
0.996914
1.00886
0.892905
0.951592
0.888927
1.18013
0.854902
1.19259
1.03454
0.884616
0.976812
0.952649
1.17189
1.14081
1.03499
0.887422
0.973486
1.00837
1.10583
1.03335
1.11366
1.14857
1.09643
1.12149
0.989633
1.15017
0.959859
0.924895
0.928796
0.991257
1.19236
0.958271
1.1317
0.950585
1.02634
1.08789
1.05035
0.970711
0.834587
1.02409
1.06906
1.07433
1.03402
0.99089
1.03227
0.940525
0.968226
0.993823
1.02351
0.957037
0.940765
0.917479
1.06635
0.998999
1.12239
1.12641
1.04116
0.954177
0.886035
0.996447
1.03089
1.03235
1.05166
1.13861
1.33202
0.966089
0.946254
0.997392
1.13122
1.03213
1.0715
1.10413
0.904195
1.04555
1.19059
1.01922
0.946527
1.09975
1.09983
0.997807
0.744154
1.04198
1.03187
1.07312
0.999081
0.862856
0.93578
1.06814
1.065
1.12742
0.836322
1.1789
1.02685
1.08803
1.01421
0.77839
0.915643
0.952587
1.08742
0.963818
1.00642
0.920749
1.08881
0.991187
0.970251
0.809894
0.93567
0.929692
1.10895
1.03424
1.12473
1.12976
1.17516
1.02295
0.836325
1.01027
1.02513
1.07989
1.0069
0.944564
0.887206
1.0755
1.05866
1.03704
1.133
0.868461
1.27795
1.03828
0.988702
1.02819
0.897138
0.900617
1.05333
1.0389
1.09546
1.00276
0.990234
0.951322
0.961804
1.12521
1.08787
0.999529
1.02479
1.06285
0.953954
1.01849
1.09203
0.991965
0.815626
1.09386
1.0459
0.825368
1.13359
0.966523
1.09755
1.01158
0.956698
0.98243
1.07417
1.03822
1.05167
1.08458
1.0506
0.952777
0.977252
0.782098
1.11193
0.850272
1.0738
1.04015
1.04015
0.873739
0.852279
1.17353
0.886399
0.95542
1.06655
1.08486
0.987736
0.905123
0.845461
1.0586
1.04556
1.0636
1.02909
0.882009
0.981906
0.939236
0.853775
0.971093
1.0476
1.05098
1.14362
0.970382
1.01544
1.05405
1.21407
1.0956
1.16263
0.883999
1.04128
1.00214
1.03463
0.862718
1.14455
1.03588
1.03328
1.28586
0.893198
1.08107
1.01808
1.21143
0.991405
0.90603
1.21031
0.844412
1.15852
0.894048
0.972546
1.00277
0.930964
0.955213
0.905728
0.927595
0.955942
0.984505
1.06927
1.13292
1.11579
1.04901
0.906601
0.894123
0.824237
0.883325
1.05971
0.957864
1.04822
0.931868
1.18108
1.00319
0.902021
0.994458
1.03015
1.02186
1.039
1.06286
1.02511
0.983872
0.898637
1.30885
1.02134
0.969818
0.93157
0.923717
0.940555
0.904731
1.03564
1.02277
1.04147
1.07175
1.10326
0.94225
1.04772
1.11801
0.922693
1.06187
0.986148
0.862265
1.05296
0.923764
0.929127
0.967817
1.02372
0.942174
0.86776
1.01511
1.09416
0.951107
1.00585
0.982034
1.08723
0.932255
0.867514
1.04764
1.16841
0.992233
0.98886
0.930374
1.04685
0.865164
0.888877
0.92236
1.06695
0.998449
1.00153
1.00665
0.966544
1.10514
0.841717
1.13827
0.938942
0.991308
0.784142
1.16779
0.96374
1.00972
1.0258
0.954402
1.05993
0.910864
1.1614
1.10571
0.989942
0.946752
0.973739
1.07341
0.937842
0.934462
1.00377
0.878818
1.0657
0.991036
1.06008
1.15665
0.953326
1.13062
0.831178
0.904871
1.00741
0.938725
1.02678
0.901472
1.02528
0.897659
0.913097
0.977396
1.14336
1.0484
1.02901
0.971976
0.86091
0.922053
0.956757
0.973427
0.939393
0.890115
0.95074
1.04657
0.941492
0.700785
1.04989
0.990748
0.895796
0.94987
1.31912
0.897821
0.919275
1.03274
1.06943
0.936685
0.87686
1.16018
1.07842
0.882939
1.0913
1.09038
1.00966
1.09115
1.03075
0.815528
1.08713
1.01492
0.990897
1.16057
1.03716
0.975075
1.00103
1.18366
1.15265
1.01798
0.835652
0.870119
0.90636
0.986489
1.14966
0.762361
1.18496
1.02817
0.948847
0.960046
1.03243
0.733393
1.01713
0.946911
0.979455
1.04805
0.932942
1.1325
1.16466
1.13721
0.78443
0.931507
0.809025
1.20598
1.02741
1.03519
0.892403
0.996531
1.05035
1.07918
1.18947
1.08806
1.02258
1.13379
1.00385
0.890423
1.16188
0.885395
1.07799
0.935666
0.910273
0.971655
0.998001
0.824415
0.841013
0.958868
0.945624
0.99888
1.04211
0.810314
1.02562
1.01029
1.04128
0.824011
0.992735
1.19218
1.06005
1.20311
0.836831
0.773046
0.931391
1.08977
0.961406
0.97502
1.00453
0.856494
0.952475
1.15147
0.982178
0.902714
1.19124
0.966399
0.874561
0.944702
0.899001
0.99708
0.980011
0.901463
0.923193
1.28179
0.881467
1.10252
0.991443
1.13504
1.0932
0.854029
0.823257
0.95128
1.08831
0.927554
0.90857
1.06735
1.15345
0.952752
0.901214
1.11358
0.947183
1.10219
0.943386
1.01837
0.995557
0.982153
1.00561
1.20006
1.09952
0.804732
0.837043
1.09789
1.00852
1.02021
0.943388
0.983938
1.10488
0.813449
1.04694
0.855438
0.960979
1.12981
1.05843
1.07447
1.00972
0.842196
1.07028
1.26374
0.97709
1.16234
0.994402
0.995552
0.911914
0.914229
0.987829
1.26162
0.860229
0.991487
1.13624
0.978038
1.03266
1.02951
1.06605
0.813457
0.983519
1.04744
1.02597
0.964527
1.01974
0.901781
0.944969
1.05662
1.30278
0.794904
1.01306
0.850862
0.800885
0.965226
0.959418
0.99104
0.910075
0.978515
1.08808
0.969816
0.774293
0.892451
1.07524
1.14205
1.04813
0.980796
1.04239
1.07835
0.990537
1.07638
0.964672
0.853768
1.05183
0.930183
1.21965
1.16634
0.91884
0.98268
1.11864
0.880629
1.23162
0.999705
0.918575
0.894856
1.00034
0.865963
1.06335
1.06492
1.00095
1.08264
1.03718
0.968858
0.921331
0.852929
1.00382
1.10742
1.0535
1.10864
1.08683
1.00766
0.958177
1.02874
1.18739
1.07297
0.857317
1.02294
0.969141
0.858107
1.00772
0.898907
0.796769
0.924219
0.992766
0.956754
0.987693
1.11998
1.05765
0.89969
1.00461
0.985854
0.875896
1.02092
0.963388
0.982848
1.08907
0.905444
0.77668
1.11853
1.04254
1.15109
1.12264
1.03947
0.821401
1.12243
0.997656
1.09775
0.944238
0.871343
1.10293
0.735574
0.971124
0.958749
1.01124
0.915829
0.960323
0.997307
0.972557
0.985888
0.92846
0.797723
0.995119
1.10909
0.877795
1.0374
0.954426
1.00285
0.976853
0.869809
1.00756
0.957797
1.19474
1.13489
0.95066
0.999073
0.982156
1.16506
0.989715
0.954736
0.950675
0.977944
0.921182
0.872388
0.94284
1.14624
1.08907
0.974693
1.05727
1.12275
0.830954
0.9693
0.926911
0.949128
0.907451
0.85586
0.967103
1.22349
0.934988
0.973265
0.902757
0.896634
0.882959
1.17174
1.05142
0.905608
0.877034
0.958037
0.962854
0.905585
1.11079
1.03934
1.07743
1.00123
1.01574
0.893136
0.866328
1.14123
1.12567
1.12401
1.06672
0.982506
1.07005
0.939745
1.0254
0.860758
0.956862
1.0469
0.959434
0.916823
1.07131
1.13838
0.998226
1.21254
1.01347
1.09236
1.00471
0.902921
1.02992
1.05261
1.13292
0.953973
0.882408
1.17645
0.989462
1.00974
1.09458
1.08114
1.0847
0.970824
0.749091
1.02439
1.10229
1.30139
1.00484
1.0689
0.930969
0.990396
0.854974
0.975824
1.09222
0.979751
0.949036
0.931186
1.03406
0.919121
1.02131
1.06342
0.968691
1.00283
0.955274
1.03573
1.07747
0.974776
1.01778
1.06023
0.963442
0.912783
1.05414
1.01004
1.15817
1.01211
0.930165
0.910384
1.07813
0.738198
1.15138
1.12216
0.878609
1.09874
1.01507
1.01353
0.714569
1.02881
0.965231
1.30533
0.980679
0.846722
0.911415
1.0549
1.12863
0.896465
0.893939
1.06133
1.03639
0.829159
0.811554
1.03134
0.989005
0.868471
0.955762
0.914335
1.26001
1.0113
0.994499
1.03642
1.12045
0.927736
0.985517
1.10458
1.12581
1.09839
1.00057
1.09437
1.04119
0.993495
0.999468
1.06322
1.17099
0.909896
1.08149
0.995802
1.17679
0.908542
1.0012
0.84806
0.942841
0.950619
0.998409
1.03173
0.911595
0.947839
0.976647
1.04268
0.95553
1.1344
0.852278
1.08723
0.996693
0.915616
1.06703
0.968733
0.957384
0.936633
1.02295
0.972945
0.908872
0.964425
1.13824
1.12518
0.904386
1.08956
0.856246
1.0228
1.25644
1.04004
1.02266
0.926728
0.986816
0.976335
1.22493
1.14058
1.16591
1.06704
0.972351
1.24367
0.964953
0.903809
1.01456
0.992002
1.09057
0.85848
1.03657
1.13735
1.1198
1.0463
1.08094
1.1794
0.851034
0.809692
1.09498
1.0014
0.993559
1.0795
0.995798
1.24825
1.08034
0.97326
1.05937
1.15828
1.17748
0.956297
0.96554
0.898378
1.15632
1.09475
1.09889
0.913174
1.03695
1.00349
0.994234
1.07215
1.09729
1.03066
0.934939
1.01448
1.07512
1.01803
1.00696
1.00373
1.20513
1.15385
1.00458
0.938324
1.05859
0.938198
1.04011
1.05016
0.811666
0.918424
1.11708
0.946259
1.08817
1.00187
0.958315
0.930316
0.946938
0.883022
0.762728
1.00925
0.898845
0.925085
1.08241
0.855154
1.00766
0.997415
1.00981
0.954982
1.01525
0.985849
1.00913
0.854532
0.947694
0.955185
0.907109
0.932574
1.24818
0.903008
1.052
1.01196
0.982064
1.15569
0.867334
0.999128
0.899128
0.921753
1.13335
0.992987
0.847039
0.866026
1.05461
0.933414
1.14485
1.25876
0.990579
1.02723
1.07209
1.11812
0.977902
1.1196
0.882227
0.928681
0.992347
1.11609
1.00361
1.09444
1.09784
0.951875
1.07087
1.03342
0.925029
1.13639
0.992306
0.888824
1.06682
0.838551
0.958623
1.19811
1.04209
0.956149
1.09015
0.979027
1.15475
0.890462
1.06625
0.829089
1.03875
0.790593
0.90497
1.02013
1.03839
1.25942
0.918182
1.01075
0.921159
1.00113
0.962365
0.924699
0.934428
0.863096
1.19232
1.11895
0.940338
0.852755
1.07793
1.21057
1.04145
1.14031
1.00074
1.10622
0.970338
1.0075
0.865975
0.903277
1.07448
0.970268
0.856082
1.02108
1.03441
0.980594
1.07795
0.894384
0.939228
0.969585
1.12845
0.938273
1.09297
0.876793
1.04471
1.0602
0.917869
0.985109
0.995324
1.15016
1.09965
1.14
0.852829
0.894383
1.02802
1.06418
1.14603
0.906909
0.997374
0.997382
1.18154
0.949652
0.856014
0.968207
1.1028
0.924243
1.12184
1.01217
0.992258
1.10792
0.983246
1.10215
0.97888
1.07067
1.15796
1.15461
1.02069
1.00372
0.961578
1.03689
0.884804
0.928318
0.992926
0.895137
0.96691
1.26455
1.01291
0.973532
1.1523
0.899875
0.966147
0.918344
0.895544
0.961879
0.905821
1.03457
1.14669
0.985313
0.837383
1.20255
1.14311
0.963729
0.998187
0.973098
1.07211
1.02201
1.01457
0.903324
1.05472
1.02545
0.990802
1.05636
0.955874
0.975677
1.00587
1.0741
1.00047
0.988043
1.01203
0.841163
0.863689
0.950244
0.764506
0.845409
0.967265
0.957561
0.859675
1.14071
1.06891
1.00627
0.945851
1.037
0.989344
0.954513
1.00706
1.08656
1.01178
0.927576
0.984088
0.935454
1.10469
1.05579
1.08697
1.01943
1.00135
1.05079
1.0791
0.908501
0.740224
0.800676
0.987144
1.09188
0.912848
0.981467
1.15255
1.16396
1.01734
1.02455
0.875583
0.85328
0.75176
0.949342
1.02927
0.978068
0.974648
0.91188
0.902733
0.972943
1.05748
0.851989
0.831601
0.997458
0.990297
1.03982
1.17484
1.07275
1.08495
0.941018
1.1041
1.10328
1.05775
1.03587
0.989205
0.926064
0.892128
0.988225
1.10969
0.997026
0.99297
1.08197
0.962334
0.925583
0.844489
0.969771
1.09471
0.923733
1.20183
1.08242
0.93206
1.16834
1.06512
1.02285
0.819366
0.952699
1.07224
1.04264
0.705866
0.971321
1.03423
0.991682
0.936736
0.987719
0.952205
0.867058
1.07268
1.0379
0.91484
1.0225
1.02118
1.11508
0.888698
0.919183
1.02418
1.19851
0.931924
1.04133
1.03577
1.11258
1.16686
1.00795
0.944394
1.04169
0.898404
1.05794
1.03961
1.05939
0.840116
0.863648
0.975676
1.01476
1.25043
0.873732
0.937729
1.07172
0.906735
0.879089
1.02198
0.957505
1.07156
0.775911
0.892741
0.96427
0.981613
0.969678
1.16799
1.00785
0.995649
1.13347
0.872285
0.855102
1.05491
0.956407
0.871887
0.83524
1.12203
1.07732
1.10602
1.06861
0.933023
1.12629
0.82254
0.937084
1.00819
1.00218
0.964729
1.11536
1.07307
1.04045
0.780905
1.10281
1.11369
1.29297
1.04333
0.929914
0.899626
0.983099
0.841051
1.07385
0.943462
0.85713
0.876915
0.987939
1.02141
0.904771
1.08462
0.866058
0.957559
1.04277
0.837427
1.02033
0.845961
0.952156
1.10527
0.965968
1.07716
0.90912
0.983801
0.893181
1.03986
1.04302
1.12283
0.865837
1.0399
0.911632
0.818297
0.97503
1.1233
0.949562
1.25649
0.9732
1.0071
0.915893
1.0988
1.02132
1.1216
1.00605
1.10792
0.838366
1.00084
0.920647
0.929694
1.05497
0.979899
0.85479
1.10831
0.921554
0.872524
0.97098
1.08362
0.944708
1.07113
1.08898
0.874019
0.984833
0.899182
1.01954
1.11528
1.07542
0.890043
0.820731
1.05851
0.944139
1.00477
0.983261
0.92051
0.894573
1.0528
1.01879
1.04411
1.10988
1.04568
1.01286
0.929211
1.0266
1.14592
0.934054
0.942394
0.93858
0.990356
1.03997
1.0349
1.19263
0.991323
0.963036
1.07681
0.9033
0.993885
1.04613
1.05584
1.2039
1.07274
1.06342
0.873589
0.965849
1.12484
1.02626
0.92429
1.09007
0.900821
0.909864
0.996791
1.27444
1.04643
0.988754
1.17624
1.13465
0.841126
1.04388
1.03858
0.919845
0.928009
1.14013
0.992291
0.96584
0.97782
0.955325
0.996148
0.934512
1.0982
1.13843
0.81645
0.979969
1.11223
1.00843
1.15649
1.058
1.04316
1.06225
1.05826
0.97549
0.973747
0.988664
1.04679
1.00658
1.14151
0.935262
1.00132
0.920886
1.0353
0.94861
1.03696
0.954863
0.897497
1.06944
0.923566
1.20881
0.935271
1.10506
1.16081
1.00624
1.06016
0.994198
1.05005
0.809559
0.993287
0.955573
0.974263
0.962225
1.04784
1.00304
0.85642
1.28742
0.939213
1.15834
0.898248
1.08832
1.0322
1.12906
1.0133
0.986606
1.15897
0.971356
0.998796
1.01386
1.15164
0.886855
0.924378
1.04697
1.08585
1.02073
0.909395
1.07883
0.972175
0.927313
0.963411
1.01157
0.934269
0.908115
1.0731
0.948005
1.11144
0.941574
0.99273
1.06693
1.10985
1.0197
1.34921
0.772713
1.19022
1.07326
0.866688
0.884734
0.964698
1.14127
0.895758
0.885091
0.983836
0.943866
1.04356
0.935064
1.11772
1.0148
1.01165
1.00638
1.11652
1.05013
0.877719
1.02341
1.04234
1.15567
0.872921
1.05659
0.990486
1.10148
1.10846
0.836412
0.923235
1.06854
0.878123
0.891066
0.900715
0.988229
0.906028
1.04253
1.00663
1.02142
0.864213
0.785828
1.0693
0.962978
1.0113
0.986212
0.908127
1.13034
0.874451
0.932368
0.980872
1.03727
0.9965
0.956698
1.08984
1.08807
1.25143
0.947033
1.02177
0.992658
1.00567
0.99652
0.916644
0.919982
1.02163
1.04103
0.889278
0.863499
1.19288
0.822669
0.899347
1.20356
1.12037
1.06872
1.01924
0.904832
0.983278
0.907972
1.07222
1.00492
0.911733
0.978166
0.948931
1.07078
0.973126
1.07397
1.13841
1.15559
1.07235
0.942291
0.985156
1.06254
0.865258
1.08164
0.976928
0.987081
1.00083
1.19622
1.1613
1.05042
0.940088
1.02879
1.00035
0.981556
0.998821
0.912409
1.03458
0.892031
0.959872
0.962947
1.15661
1.09704
0.870607
1.00115
0.988125
0.985533
1.14616
0.917835
1.14638
0.942035
0.92362
1.01305
1.02863
0.859147
1.21328
0.915105
1.10281
0.960722
1.03392
1.0259
0.951755
1.08597
1.11525
0.903164
1.08406
0.867024
1.02998
0.972208
0.837324
0.838154
1.00857
1.08345
1.16432
1.12154
0.898419
1.0174
1.04028
0.934261
1.08083
1.11135
0.976829
0.879584
1.07054
1.0951
1.01273
0.935588
0.865561
0.9375
1.02173
1.0698
1.09057
0.938099
0.990967
0.992484
1.04356
1.2533
1.01448
1.05579
0.923677
0.921487
0.977332
1.1837
1.01467
1.04908
1.03196
1.13369
1.09665
1.11779
0.942047
1.1527
1.18443
0.894506
0.868507
1.08805
1.05821
1.15535
0.96454
1.05236
1.01
1.07873
0.77522
0.86661
0.957814
0.990736
1.0834
1.12244
1.05446
0.978798
0.956735
1.05484
0.98236
0.935572
0.955804
0.869664
0.963765
0.991106
1.02545
0.967032
1.31767
1.00629
1.01159
1.04335
0.915488
1.02555
0.906459
1.02528
0.879465
0.933491
0.935671
1.02001
0.983361
1.15613
0.957801
1.10554
0.941516
0.932575
1.15887
1.0712
0.948054
0.892048
1.17557
0.995375
1.05682
0.960774
0.8724
0.919005
0.885027
1.15002
0.972248
0.894228
1.19417
0.803158
0.997556
1.1084
0.942512
0.919124
0.987755
0.909347
1.05068
0.908412
0.846283
1.02849
0.884287
0.958484
0.855645
0.962874
1.02364
1.02897
0.948028
0.919728
0.921837
1.0373
1.24394
0.905162
1.12979
1.03113
1.00018
1.12774
1.12318
0.923358
0.999427
1.15519
0.864036
1.02461
1.17427
0.914076
0.982661
1.11812
0.923413
0.825359
1.0478
0.905267
0.898539
1.07517
0.959866
1.03849
0.905305
1.00937
1.12528
0.969658
1.00881
0.975073
1.04137
1.10731
1.02947
1.06116
0.96664
0.91628
1.09973
0.941763
0.867754
1.08187
0.979607
0.874104
0.918455
0.994269
0.943457
1.05899
0.8976
1.1498
1.02586
0.946359
1.05668
1.00114
1.02141
0.94323
0.951943
1.22688
1.0294
1.03302
1.06413
0.947593
0.850833
0.951447
1.05475
1.04943
0.899543
0.854725
0.859781
1.07757
1.13369
0.939171
0.788361
1.07066
1.04009
0.930902
1.02485
1.00083
1.10331
0.910855
0.989674
0.954991
0.9552
1.04602
1.01334
1.06163
1.0678
0.922398
1.09937
1.01963
0.963403
1.00093
0.887874
1.05827
1.03157
1.03442
1.06854
0.983878
1.17021
0.810041
0.950654
0.970864
0.933184
1.02893
0.952431
0.906873
0.921926
1.05337
0.923384
0.956292
1.03426
0.860646
1.1082
1.0988
1.12701
0.942636
0.983117
1.01825
1.02085
1.01113
1.0277
0.823551
1.0113
1.01975
0.913892
0.819318
0.94239
0.951823
1.15192
1.03375
1.13704
1.19105
1.11771
0.839126
1.10259
0.827125
0.825889
0.905501
1.06701
0.950429
1.01644
1.02379
1.05172
0.973858
0.930627
0.961562
1.03673
1.00112
0.862465
0.908647
1.00774
0.967663
0.939732
0.980672
0.840403
1.13905
1.018
1.24901
1.02724
0.938664
0.963415
0.982721
1.05265
1.04524
0.974622
0.854728
1.08714
0.891758
1.07166
1.04299
1.09518
0.976653
1.14246
1.0761
0.89153
0.907781
1.0603
0.950918
1.2111
1.10331
1.09887
0.894433
0.841487
0.900004
1.08725
0.869001
0.972452
1.02356
0.883107
0.986427
1.04003
1.05803
0.865275
0.93374
0.946654
0.985857
0.829349
1.23716
1.02143
0.901727
1.06457
0.908552
0.884531
0.816007
1.02023
1.03684
1.05172
0.912831
0.899423
1.14095
1.00314
1.0513
0.950693
1.06666
1.1241
1.04853
1.07411
0.937933
0.900236
1.03463
0.951258
0.830358
0.91684
1.00437
0.889217
1.14565
0.948449
1.00748
0.98268
1.04375
1.11851
0.970365
1.03898
0.942658
1.14791
0.986575
0.946201
0.941784
0.976344
0.843327
1.15058
0.957828
1.01982
0.768786
0.957297
0.843427
0.99694
1.02093
1.11527
0.964626
1.05221
0.932958
0.864643
1.11294
1.09624
0.921299
1.01807
0.976146
1.07322
0.994217
0.77109
0.933039
1.06805
0.977877
1.01141
0.868464
1.04609
0.990876
0.944918
0.998304
0.807234
1.14576
0.924518
0.921295
0.905166
1.08216
1.15598
1.22987
1.15661
1.01662
1.01803
1.03645
0.952061
1.07418
1.02967
1.09524
0.855993
0.930614
0.912141
0.966139
0.934302
0.899838
0.949547
0.92562
1.04917
1.18333
1.00313
0.968374
1.23808
1.06153
1.14093
0.990956
1.01234
1.03274
1.04003
0.858523
1.05033
1.01906
1.17973
1.0179
1.07678
1.12284
1.03499
0.966757
1.13002
1.03118
0.937211
1.00371
0.823765
1.02218
1.09487
0.951554
0.896957
1.07952
0.875584
1.31124
0.934683
1.02928
0.839596
1.10738
1.04221
0.909958
1.14402
0.958149
1.1777
1.05366
0.86927
1.07206
1.09257
1.16163
1.05845
0.981108
0.921051
0.968428
0.97562
1.05644
0.960907
1.05181
0.976477
1.02576
1.04339
1.03348
1.06337
0.95164
1.02923
0.975687
1.20918
0.94419
0.965522
0.914551
1.02712
0.974236
1.03577
0.78254
0.799025
0.768178
1.05389
0.98439
0.997969
0.956162
1.00426
0.934233
0.954302
0.933736
0.793052
0.951546
0.977926
0.956005
0.881029
0.969402
1.02828
0.974148
0.769891
1.02521
1.165
0.995747
0.937353
1.09224
0.980719
0.946451
1.02934
1.17596
1.03363
1.01258
1.03837
0.797322
1.09344
1.02155
1.19682
0.888906
1.03101
0.845867
0.955335
0.939784
1.06782
1.00754
0.976124
1.0569
1.11058
1.07336
0.974214
0.762767
0.883647
1.09603
0.896705
0.976348
0.884754
0.939188
1.04305
0.953798
1.13035
0.8783
1.00986
0.999264
0.881442
0.868137
0.920628
0.815847
1.15767
0.9933
0.998597
1.05873
1.13665
0.923202
1.08617
1.16776
0.96626
0.842895
1.07024
1.03521
0.954112
0.980228
0.910415
1.02522
0.930247
1.07301
0.779117
1.09699
1.03425
1.00002
0.908716
1.0401
1.05317
0.890885
1.08059
1.12781
1.02132
0.904766
1.06168
0.991423
1.10968
0.91728
1.09324
1.02357
0.674205
1.15483
1.03084
0.986119
0.955343
1.13196
1.13973
0.957378
1.00479
1.05947
0.940877
0.941997
0.916782
0.93398
1.07589
0.974698
1.17227
0.98927
1.16857
0.858665
0.891368
1.02737
0.946447
1.22509
1.00046
0.916185
0.749119
0.917915
0.906022
0.866168
1.01937
0.978472
1.08181
1.10269
0.976858
0.974967
1.00935
1.12374
0.815481
1.00057
0.912355
0.968597
1.1137
0.883164
0.902397
1.0793
1.05021
0.898023
0.960394
1.16178
0.991512
0.937
1.06247
1.09013
0.990148
0.995434
1.10075
1.03153
0.747749
1.0844
0.8621
1.01132
1.12444
0.949034
0.852423
0.843925
0.999162
1.13321
0.96786
0.995865
0.97855
1.07761
0.903247
1.06503
1.32915
0.881763
0.869487
0.935478
0.954359
1.24161
0.957227
1.09636
0.961951
0.940115
1.02752
0.993993
1.05697
1.00044
0.882514
1.01481
0.916915
1.0858
1.06051
0.994122
1.17462
0.902956
1.02043
1.04308
1.10605
1.012
0.889887
0.951062
0.989444
1.02779
1.13024
0.917977
1.03294
1.15595
1.0526
1.00891
0.885508
1.00184
0.932555
1.01543
0.966504
0.965492
1.08779
1.12731
0.999443
1.15079
0.934471
0.953101
0.923188
1.04842
0.924893
0.998907
1.02582
0.998612
1.03743
0.998483
0.980339
1.08293
1.0547
1.04301
0.913785
0.904303
1.03904
0.990826
0.909315
0.930444
1.15263
0.7452
0.982498
1.08689
0.924827
1.21061
0.871729
1.12767
1.07052
1.04411
1.22223
1.30242
0.974264
0.84982
1.11291
0.941665
1.05994
1.09164
1.11588
1.19492
1.03691
0.902957
0.948487
1.21218
0.887808
0.887604
1.15875
1.0407
0.833198
0.859294
0.97545
0.951717
1.06606
1.29312
0.952511
0.86142
1.01841
1.06706
0.998661
1.06695
1.15682
0.761484
0.807387
0.93717
1.15131
1.05104
0.908437
0.829831
0.964398
0.970438
0.8636
0.943672
0.958289
0.980697
0.974845
1.00457
1.13436
0.85351
1.0444
0.818044
1.00476
1.09786
1.074
1.03988
0.928334
1.15744
0.883095
0.91558
0.989311
1.04355
0.955666
0.963306
0.88237
0.89922
0.939228
0.838508
0.893856
0.95709
1.3058
0.932398
0.8644
0.943446
0.976727
0.804758
0.89792
1.00556
0.904059
0.854796
0.845708
1.03387
1.15485
0.817868
0.927293
1.13485
0.962635
1.03414
1.03282
0.9729
0.945968
1.01334
1.03257
1.06183
1.14401
1.05087
0.905356
0.991386
1.03739
0.998858
0.945305
1.00258
1.01932
0.812967
1.14857
0.963847
1.11568
0.908957
0.921616
1.0486
0.930466
0.805759
0.916112
0.968736
0.936824
0.924721
0.928128
1.08911
1.05382
1.03637
0.852618
1.16789
1.10708
1.30712
0.989648
0.905178
1.10953
1.09581
0.966226
1.03111
1.0353
1.23599
1.0598
1.01422
0.852117
1.0697
0.883518
1.0339
0.847965
0.870549
0.94106
0.917796
0.963469
1.15479
0.973588
0.980941
0.976588
0.975402
1.05625
0.889599
1.00483
0.995098
1.08844
1.17873
0.981839
0.981439
0.907549
1.04463
0.988466
0.982865
1.09216
0.91587
1.06946
1.01593
1.01887
1.03365
1.1099
0.914673
1.06527
1.08688
1.05006
0.910417
1.17408
0.945538
1.02341
0.999966
1.11674
0.922165
1.24983
0.919506
1.05463
1.04298
0.879823
1.04971
1.06324
0.888195
1.13803
0.949236
0.975208
1.10876
1.03664
1.01777
0.974279
0.957288
1.0526
0.955125
0.935049
1.0244
0.975485
1.18166
0.962938
0.876976
0.99903
0.903297
1.11033
0.917002
0.982726
1.18361
0.97719
1.02798
0.882358
0.989662
0.871591
1.01957
0.95988
1.07515
1.00174
0.816055
1.08111
0.991751
1.08271
1.11066
1.05467
1.07727
0.851757
0.977565
0.906314
1.03878
1.00293
0.923366
0.897686
1.08931
1.11045
0.92774
0.971847
1.07
1.02127
1.10729
1.1143
1.04132
0.977486
0.988123
0.951575
1.00798
1.074
0.992942
0.944305
1.24032
0.952145
0.926671
1.01723
0.968008
1.07635
0.898737
0.895812
0.895674
1.04632
0.87986
0.938573
0.909349
0.925545
0.95809
0.9869
0.981886
1.06866
1.09641
0.921365
1.01459
1.04809
1.25715
1.23659
1.08286
0.854546
1.06975
0.88084
0.838906
0.939452
0.994986
1.11371
1.10935
1.13624
1.13631
1.08028
0.954844
0.871782
1.16413
1.1561
0.982385
0.978539
1.03321
0.992026
1.00842
0.960662
1.00457
0.894148
0.83648
0.975437
1.07039
1.04773
1.0273
1.07089
1.11023
0.93719
1.18705
0.915125
1.26326
1.03802
1.1655
1.00898
1.06767
0.863933
0.97671
1.02246
1.09199
1.11909
0.946525
0.889345
0.928085
1.00232
0.977258
1.03576
1.09559
0.940779
1.17046
1.04148
1.10561
1.08739
1.0696
1.00352
0.966068
1.08564
0.952398
0.82943
0.960084
0.87859
0.973295
0.919123
0.92023
0.969191
1.01124
1.21919
1.02824
1.01366
0.97139
0.9853
1.13409
0.984069
1.05846
1.08588
0.903525
1.00125
1.04867
1.04266
1.04675
1.11072
1.04973
1.07063
1.06563
1.14239
1.0425
0.963948
1.1419
1.03634
0.967496
1.06334
0.988809
0.841812
0.976552
1.19398
0.935595
0.98826
0.959426
0.899104
1.02044
1.07009
1.18519
0.958429
1.00837
1.0596
1.19444
0.908065
1.13369
1.1035
1.09549
0.830328
1.15566
1.02557
0.916402
0.864267
0.957534
0.849036
1.0358
1.17288
0.95313
0.821051
1.04548
0.928131
1.06092
0.864441
0.968389
0.993098
1.04124
0.820513
1.31545
0.913209
0.965492
0.943979
1.04824
1.0857
0.968543
0.829899
0.971025
0.923671
0.742832
0.994913
1.04753
1.07846
1.00749
0.885254
1.12189
0.964366
0.891946
1.15341
0.973302
1.14999
1.10721
0.869188
0.910764
0.872914
0.931864
0.911403
0.945251
1.03644
1.05818
1.13373
1.06107
1.07192
1.05534
0.962388
0.843415
1.07068
0.966592
1.13786
1.15959
1.08422
1.21118
1.12947
1.04864
0.961903
1.0415
0.954604
0.960901
1.00781
0.958374
1.03586
0.819494
1.11244
1.13582
1.0843
0.985972
0.93272
1.09805
0.953747
1.00377
1.0437
1.09397
0.906286
1.01962
0.993823
0.984471
0.983554
0.932603
0.943042
0.81391
1.05199
1.05769
0.905176
0.84303
0.951902
0.895732
0.869487
0.924942
0.994696
0.99096
1.01722
1.02828
1.10377
0.878083
0.924241
0.872281
0.934261
0.988737
0.946582
1.11695
0.967717
0.841516
1.01699
1.0477
0.796479
1.29279
0.969021
0.850891
1.09568
0.859954
1.12369
0.98742
0.999243
0.948047
0.976069
0.917125
0.995606
1.11817
1.02806
1.01171
0.952826
1.0928
1.13034
0.98901
0.938013
0.899975
1.01565
0.920455
0.981196
1.0013
1.01596
0.967419
0.917528
0.974505
1.25406
1.0636
1.04625
0.989089
1.06293
1.07556
0.880325
1.18695
1.04812
0.812052
1.01655
1.19517
0.949952
1.00968
1.13314
1.10572
0.968716
1.00402
1.11049
0.872592
1.04334
1.07485
0.858599
0.946596
0.955976
1.10418
0.924042
0.945889
1.04571
0.968714
0.978023
1.14494
1.1284
1.05917
0.859867
1.02079
0.877785
0.854732
0.905028
0.915823
0.980381
0.861294
1.18643
1.05828
0.944757
1.09321
1.00651
0.890379
0.852278
1.10204
1.08384
0.877418
0.996264
0.960604
1.10865
1.01547
1.10177
1.09891
1.04228
0.93189
1.07751
1.12832
1.23419
0.848266
1.11964
1.11908
0.950772
0.87682
1.02644
1.09812
1.07389
1.08333
0.900945
0.968439
1.03692
0.924969
1.13239
0.985597
0.898789
1.01435
0.888499
0.987099
0.941863
1.09074
0.902115
0.994734
1.03925
0.919658
1.0246
0.997063
0.952876
1.00638
1.00287
0.928803
0.930004
1.00289
1.02975
1.05291
1.22289
1.1482
1.00722
0.834072
0.767193
1.10622
0.956587
0.892533
0.905085
0.992295
1.10202
0.984661
0.902705
0.904101
1.20216
0.780995
1.03233
0.965596
0.874607
0.856349
1.12141
0.994386
1.00026
0.967196
1.07187
1.11417
0.919121
1.09105
0.958394
1.0066
1.07233
1.02528
1.13882
1.03503
1.04105
1.03671
1.01137
0.959036
1.03225
0.909437
0.931659
0.987489
1.1034
1.0161
1.18341
0.885294
0.99912
0.998261
1.18256
1.00022
0.992647
1.05822
1.01172
0.918007
0.987834
1.07913
0.786339
1.1128
0.861265
0.86426
0.957785
0.809154
1.06013
1.00103
0.962729
0.976126
0.946891
1.10475
1.00085
0.88627
1.01653
1.09057
0.947484
0.930355
0.9642
0.936838
1.12861
0.947454
0.983506
0.941553
0.964351
0.905953
0.947187
0.965687
1.03418
0.870561
0.859081
1.04711
0.837371
0.964101
0.98009
1.08103
0.999055
0.873971
0.888286
1.09093
0.992967
0.989692
1.09633
1.10501
1.05748
1.07253
1.02637
0.811832
1.00342
0.959739
0.866937
1.03355
1.18312
0.914449
1.2938
1.13258
0.905814
0.970955
0.989422
1.11676
1.0154
0.989158
1.01257
0.900005
1.10265
0.943089
1.07354
0.877101
1.00952
0.99907
1.00821
0.907725
1.04677
1.05485
0.969246
1.08422
0.993383
0.886911
1.01124
1.13888
1.00981
0.985148
1.2289
0.984196
1.08047
0.974549
1.01681
1.0015
1.14965
0.888034
0.847269
1.08274
1.05975
0.94615
1.10855
1.00711
1.11037
0.900949
0.884521
0.839963
0.934618
1.05647
0.954457
0.946289
0.969956
0.755179
1.05476
0.861405
1.00204
1.1082
1.08329
1.02896
0.943376
0.971128
0.816216
0.98111
1.11315
0.937553
1.07434
1.0562
1.34043
1.11265
0.932311
0.98479
1.12803
1.01045
1.07416
1.09585
0.978781
0.964532
0.92485
1.07421
1.09249
1.13367
1.06803
1.04567
1.09279
1.0811
1.00731
0.910657
1.18152
0.808702
0.968172
1.00138
0.971998
1.01176
0.923541
1.07822
1.02856
0.990992
1.24235
0.859053
0.963772
1.01261
0.933964
0.923652
1.10305
0.976795
0.884202
0.892315
0.86776
0.939319
1.04357
1.02726
1.13224
1.01756
0.958546
1.15277
0.904996
1.23246
1.07528
0.852922
0.863846
0.832782
1.30249
1.05512
0.979904
0.898229
1.03002
1.0418
0.847613
0.835046
0.933281
0.907857
0.956767
0.907614
0.943275
1.05197
1.09621
0.994773
0.913871
0.832839
1.07159
0.949075
1.13831
0.949355
0.89803
1.05161
1.01655
0.902622
1.11601
0.841983
0.975483
0.947689
1.06828
1.01462
1.13433
0.975195
0.909906
1.08194
0.901295
1.0545
1.11306
1.01551
0.973146
1.00265
0.868801
1.07332
1.09902
0.925402
0.880964
0.963015
0.950424
1.06055
0.927224
0.988987
0.856233
0.936892
0.865807
0.891374
0.866857
0.869413
1.03126
1.00613
0.858866
0.962666
0.92849
0.987334
1.15789
0.999573
1.05273
0.970281
0.98395
0.961075
1.09032
1.08536
1.09911
1.03715
0.815927
0.88377
1.11978
1.31428
1.00715
1.23647
0.902304
0.918465
0.89139
1.05652
0.887162
0.984379
1.1272
0.824995
0.981533
0.89961
0.997006
1.01784
1.00867
1.22805
0.768881
1.02303
0.988218
0.802535
1.12239
0.91719
0.942117
1.09416
1.05083
1.05915
0.97366
0.930886
0.829709
1.00339
0.996957
0.915765
1.09983
1.07294
0.922602
0.932887
0.867069
0.874995
1.24466
0.970027
1.23994
1.10885
0.959404
0.987334
1.01812
1.02919
0.983848
1.02245
0.957672
0.890654
1.00156
1.06342
0.891255
0.904527
1.10614
0.941693
0.967547
1.17473
0.831177
1.06534
0.969708
1.29354
1.03648
0.882707
1.06018
0.940099
0.898239
1.03326
1.09781
1.01655
1.07635
0.934949
0.988888
1.1965
0.971067
0.905664
0.960284
0.860918
1.07263
0.992286
1.234
0.93502
1.07448
0.914644
0.913069
0.917871
1.15613
0.927155
1.05303
1.11014
0.80725
1.04119
0.884714
0.948877
1.00943
1.03649
0.999304
1.12816
1.03951
0.89178
0.925777
0.993519
0.98724
1.01763
1.04587
1.0495
1.00053
0.866917
1.11743
0.945648
1.04087
0.904954
1.12238
1.13863
0.974292
0.970005
0.984007
1.05797
0.92523
1.12022
0.95872
1.14327
1.02467
1.07567
1.06532
1.12426
0.919947
0.842924
1.06268
1.15434
1.02869
1.20868
0.962742
0.949517
0.872758
0.867913
1.04741
0.963339
0.848134
1.04587
1.0156
1.05027
0.928859
0.795901
0.951586
1.05363
1.11841
1.04493
1.03875
0.741844
0.977804
0.943736
1.07531
0.984732
0.951
1.00907
0.832658
1.06867
1.1228
1.40397
1.07074
0.869901
1.04594
0.932603
1.18892
1.03933
0.89461
0.976662
0.984376
0.891166
0.880006
1.15102
0.959517
1.0776
1.05654
1.05769
0.896837
1.05885
0.972741
1.18606
1.02086
1.12363
0.931446
1.07608
1.0885
1.11646
1.02593
1.11839
0.960958
1.13547
1.15312
1.05192
1.12498
0.863065
0.973468
0.880461
0.986904
1.10354
1.01664
1.1026
1.1281
1.04768
1.04387
0.959587
0.995587
0.977346
0.927066
0.912652
1.02806
1.07949
1.13257
1.10096
0.988969
1.01734
0.966981
0.942576
1.04255
0.942706
0.962043
1.17679
1.21425
0.93092
1.07233
0.920654
1.13089
0.913451
0.940835
1.24791
0.911619
0.845087
1.0763
0.915618
1.11571
1.02959
0.805896
1.08561
0.960018
0.967273
0.705877
0.846042
1.09529
0.98928
0.810436
1.17215
0.944578
0.894259
1.19027
0.843255
1.03536
1.1368
0.702155
0.929259
1.08096
0.998065
0.908355
0.969457
1.16147
0.973028
0.901065
0.747453
1.04619
1.08322
1.28739
0.983615
0.919865
0.993226
1.01905
0.913203
0.922316
0.817303
0.760692
0.964295
0.942378
1.08988
1.03497
0.992287
0.987239
1.21886
1.01932
1.09484
0.910208
1.01441
0.851689
0.899411
0.907111
0.844816
1.01962
1.0711
1.17679
1.19639
0.87098
1.0221
0.911742
0.889864
1.06822
0.914768
0.909781
0.97928
1.00708
0.904297
1.03381
0.993053
1.16337
0.974272
1.02588
1.00042
0.90422
1.01419
0.950296
1.12167
1.18441
1.04061
0.921261
0.971277
1.06274
0.893961
1.08939
0.992054
1.00753
0.943752
0.969945
0.892742
0.900234
1.11199
1.03091
1.16645
0.971582
0.881489
0.888603
0.838989
0.963987
1.0036
1.14529
1.09913
0.873341
0.972853
0.983057
0.975061
0.875622
1.03379
0.994655
0.895711
0.896287
1.03311
1.15756
1.11879
0.987992
1.04473
0.882932
1.05427
1.17093
0.954305
0.957457
1.06012
1.16255
0.937198
1.01912
0.920445
0.847835
1.01698
0.937877
1.01378
0.988559
0.9383
1.02975
0.737759
1.06008
1.01544
1.02404
0.886677
0.896022
1.08779
0.988701
0.864194
1.05281
0.839515
0.940906
0.97605
0.838854
0.868876
0.793241
0.964449
1.0747
0.971365
0.863021
1.16577
0.996437
1.24253
0.981164
1.10079
1.03468
0.979971
1.0167
1.05237
0.876576
1.06318
0.990933
0.843095
0.954303
0.87042
1.20568
0.987662
1.23264
1.00672
0.902589
0.983083
1.04212
0.938703
0.874395
1.08813
1.04927
0.972793
0.987553
1.05179
1.06499
0.999433
1.09211
1.24775
1.01343
0.983535
1.13309
0.98843
0.963189
0.921761
0.760098
0.806955
0.936086
1.06482
0.925861
1.10089
0.95933
1.06163
1.02882
0.990484
1.10542
1.04528
1.00096
0.972267
0.89229
0.962391
1.07704
0.902323
1.0487
1.0128
1.0096
1.12139
0.883097
0.990991
0.899677
1.16752
0.915111
0.980602
1.01755
1.12388
1.10181
1.06146
0.839862
0.9698
0.996149
1.10311
0.984271
0.954971
1.10931
0.911762
0.988044
1.16996
1.02222
0.852823
1.10127
0.899514
0.982531
1.20793
1.01705
1.12217
1.01406
1.05932
1.06862
1.01821
1.02247
0.871943
1.03389
1.01731
1.111
1.11235
0.935106
0.912299
0.925958
0.923164
0.925538
0.994304
1.02092
0.871408
0.885284
0.889435
1.06665
1.04251
1.05884
0.920497
0.93843
0.859489
1.22598
0.897957
0.938564
0.966053
1.11407
1.08621
0.860956
0.937711
1.05425
0.990933
0.89128
0.980628
0.86666
0.959236
0.941081
1.16939
0.971385
0.993854
0.901094
1.07129
0.969973
0.923846
1.04912
1.07464
1.13479
1.10923
0.787523
1.04968
0.806628
0.875106
0.960698
1.14789
0.956542
0.962817
0.724167
0.826483
0.908746
0.867587
1.05077
0.968573
0.822516
0.914505
0.968558
1.10303
0.950391
1.09715
1.24541
0.906248
0.823631
0.952878
1.19972
1.08748
0.943142
1.00026
0.964161
0.99449
1.00346
0.878748
1.00225
0.929281
1.12412
1.33276
1.09607
1.12311
0.979997
1.0195
0.969086
1.00183
0.81887
0.917929
0.969591
0.86096
0.942271
0.860881
0.874053
0.991386
0.998385
0.999535
0.966795
0.847644
1.01461
0.825979
1.01092
1.04976
1.21672
0.91334
1.1728
1.10296
1.14723
1.00985
0.919802
1.04605
0.94451
0.987058
0.936412
0.938964
1.09185
1.16332
1.14696
0.99764
1.02867
0.984992
1.16543
0.93152
1.15176
0.942105
0.918967
1.02689
0.884339
1.02579
0.762808
1.12126
1.13238
1.01766
1.14925
1.04799
1.02094
1.18433
1.00962
1.06016
0.980133
1.0146
1.03757
0.907592
1.09135
0.981243
1.06067
1.16531
1.16255
0.941908
0.882071
1.04105
1.01812
1.11632
0.976152
1.02948
1.09674
1.07121
0.998362
1.08735
1.15986
0.886924
1.07207
1.0027
0.886636
0.958937
0.912359
1.22069
1.10987
1.06884
0.948187
0.987947
1.06289
1.04525
1.01486
0.865093
1.07897
0.910616
1.26643
1.0716
1.07669
0.9942
0.979665
0.958043
0.822287
1.02292
1.12349
1.18155
0.950836
1.02692
1.07649
1.05712
1.02646
0.851945
0.905277
0.962706
0.971372
0.913964
1.07309
0.873529
0.939786
0.922581
0.996468
0.837272
1.03994
0.981351
0.942998
1.12714
0.983655
1.00354
1.12555
0.990196
0.84956
1.01209
0.953237
1.02199
1.05721
1.10519
0.997459
1.04763
1.16567
1.00664
0.932003
0.862823
1.08327
1.1302
1.03501
1.37744
1.00726
0.863677
0.99364
0.81639
0.94014
0.918992
0.908359
1.05554
0.997095
1.02084
1.0102
1.03055
0.927329
1.03504
0.93929
0.978477
1.00382
1.138
0.874556
0.986439
1.11058
1.04826
1.05102
1.03534
1.08908
1.12441
0.927434
0.903243
1.07258
0.939519
1.08179
1.15174
0.998358
0.891165
1.11846
0.898661
1.05515
0.937216
1.05517
0.954717
1.05902
1.0124
1.07798
1.04248
1.16133
0.956875
0.833099
1.15467
0.923939
1.03599
1.26488
0.829268
0.996
0.983484
1.03048
1.06737
0.925834
1.08857
1.05069
0.917422
0.917474
1.0311
1.1307
1.01377
0.98593
0.965441
1.05186
1.08585
0.913522
0.993533
0.887574
0.988806
1.05466
1.07503
1.02252
1.06669
1.06596
0.960162
1.03923
0.938065
1.03157
1.02928
0.745187
1.06131
1.15814
0.899217
1.18989
1.09445
1.09868
1.04304
1.03003
0.931017
1.05923
1.04451
0.928488
0.91405
1.15285
1.04677
0.96598
1.02068
1.02915
0.87833
1.07532
1.02325
0.994746
1.05809
1.05431
0.968261
1.13475
0.970125
0.980621
0.909249
1.00719
0.978914
1.0534
1.05225
1.16955
0.940888
0.966828
1.05816
1.03184
1.15658
1.1346
1.16382
0.957748
1.0366
1.01202
1.18185
1.02462
1.03965
0.922022
1.09946
1.04297
0.924086
0.990273
0.947646
0.940018
1.04731
0.967251
0.995174
0.780895
1.01098
0.944882
1.01158
1.0771
0.878126
1.02896
0.962714
1.21379
1.14203
1.1225
1.18439
1.10947
1.0867
1.02648
0.952473
0.938754
0.944474
0.941966
0.953074
1.11833
0.974141
1.09929
1.00075
0.966825
1.00541
0.76288
1.00017
1.02586
0.814529
1.03357
0.863734
0.921179
1.04202
1.13902
0.87442
0.987948
0.97257
0.838987
0.922772
0.945284
0.872598
0.7648
1.07675
1.06984
0.930228
1.04003
1.17323
0.960701
1.15716
1.02076
0.983767
0.918771
1.10049
0.951154
1.0102
1.05896
1.09214
1.15735
1.03417
1.15397
1.01937
1.0061
1.22919
0.931437
1.11758
0.984141
0.928472
1.14563
1.05664
1.00735
0.824196
1.12929
0.914785
0.92352
0.916021
0.972739
0.99454
0.795517
1.09499
0.777703
0.875341
0.912856
0.989303
0.971372
1.02386
0.951504
0.979992
0.921486
1.06402
1.24428
1.03442
1.05549
0.972436
0.92522
0.899173
1.03214
1.00749
1.08158
0.902092
1.04227
0.910397
1.0398
0.938359
1.27768
0.987575
1.08318
0.975076
0.969227
0.924568
0.788841
1.00099
0.988954
1.05364
0.793795
0.959485
0.855841
1.22298
0.972297
0.993078
0.868458
1.01674
0.829752
0.896466
0.835967
1.23461
1.05358
1.07119
0.998779
1.24064
1.07851
0.895899
0.941199
0.968777
0.965705
0.966835
0.821574
0.852817
1.07793
1.19073
0.881262
1.11803
0.979677
1.11815
0.981637
0.94175
0.916762
1.15685
0.946286
0.991462
1.02031
0.819989
1.21183
1.13956
1.04046
0.994132
0.904198
0.819821
0.914587
0.874432
0.993904
1.06591
0.92601
0.929434
1.00958
0.955427
1.04508
0.933956
1.1304
1.05014
1.09517
1.16309
1.0313
0.85062
0.989246
1.04679
1.00182
0.822758
1.02288
0.960642
1.05418
1.11279
0.89896
0.921215
0.886856
0.890718
0.862743
1.21486
1.04156
1.1173
1.0503
0.840458
0.887971
0.927778
0.978372
0.762781
1.0079
1.08663
0.999437
1.03417
0.949591
1.06244
0.883167
1.02015
0.947453
1.10149
0.859123
1.07156
1.04357
0.95163
1.01852
1.11454
1.1208
0.799869
0.906993
0.925106
1.06905
0.94981
0.913759
0.734373
1.00295
0.873794
1.14442
0.98554
0.986232
0.773024
0.849767
1.06169
0.847775
0.942433
0.778841
0.910135
0.975246
1.00066
0.938485
0.897358
0.984036
0.765308
0.922441
0.938647
1.12468
1.00666
0.901106
1.1481
0.964329
0.814859
1.16659
0.956064
0.938442
0.957629
1.25828
0.88678
1.06781
1.09763
0.856524
1.04582
1.07028
1.02065
1.08547
0.963937
0.971413
0.986386
1.26107
0.958387
0.946227
1.04208
1.03688
0.968349
0.971706
1.02691
0.950296
0.934481
1.13174
1.01913
0.82974
1.10998
1.0209
0.962166
1.10282
1.00541
0.925463
0.844599
0.888963
1.21059
1.0629
1.04331
0.931477
1.05164
0.99664
0.858494
0.973911
0.944275
0.985459
1.0342
1.14261
1.03594
1.0143
0.911619
1.00064
0.998342
0.871537
1.05484
0.864255
1.03583
1.04967
0.980484
1.02124
1.23027
0.989029
1.0445
1.14042
1.00657
1.0775
1.07542
1.00615
1.06721
0.876812
0.991514
0.979903
1.0444
0.747404
0.96634
1.09758
1.05845
0.913351
1.01092
0.994118
1.1064
1.00743
1.02805
1.07605
0.954943
0.965293
1.10401
0.811396
1.09008
0.938751
1.03632
0.940521
0.808647
1.00601
0.904492
1.03495
0.905115
1.09767
1.01213
1.08854
1.07935
1.17747
1.11927
0.968744
0.766666
1.08952
1.05663
1.03653
0.988619
1.01636
0.944797
1.0403
1.08443
0.99524
0.858875
1.00289
1.0038
1.0804
0.947006
1.18451
0.890521
0.920498
0.9059
0.946933
0.932651
1.05378
1.02906
1.19423
1.17969
0.873083
0.954262
1.13732
0.871473
0.932611
1.08705
1.06056
0.856511
1.06996
0.872185
1.09164
1.09146
1.06181
0.935875
0.976616
1.04531
0.899241
1.0106
1.00768
0.943345
0.974459
1.0759
1.09758
0.912457
0.920667
1.0219
0.841105
0.959049
0.959256
0.956438
0.999809
1.03353
0.744056
1.22085
1.13024
1.01216
1.09926
1.08944
0.98249
1.00986
0.921915
1.1009
0.934887
0.804195
0.950513
1.0604
0.886801
1.08258
0.964991
0.910759
1.03078
0.949821
1.0436
0.997941
0.995864
1.05597
0.948885
1.06104
1.0071
1.10255
1.15482
0.9796
0.943798
0.998905
0.823155
1.3364
1.01402
1.05484
0.911345
0.809903
1.08108
1.029
1.14297
1.10696
1.15224
1.05943
0.944335
0.936374
1.00547
1.00532
1.04053
0.949473
0.710859
1.06122
1.14254
0.963956
0.84307
0.995724
1.04716
0.953009
1.12563
1.06787
1.05796
0.994933
0.862074
1.02908
1.13371
0.744494
0.963298
0.959408
1.03899
0.888378
1.02116
1.09021
0.870804
0.898586
1.00571
1.18031
1.06048
0.995736
1.18204
0.964291
1.04874
1.00517
1.09255
0.984795
0.91781
1.18704
0.932409
0.985797
0.932306
1.01522
1.05588
1.00267
1.05186
0.858009
0.88157
0.828499
0.919285
1.10342
1.11283
0.977535
1.01809
0.877229
0.776988
0.970883
0.958146
0.917506
0.965881
0.988876
1.06006
1.2428
0.922737
1.12819
1.00502
1.03658
1.03508
1.11559
1.11925
1.03377
0.909138
0.992858
0.993437
1.13997
1.05037
0.978819
0.859128
0.952623
0.922011
1.0493
1.04239
0.845654
1.0152
0.861963
1.11512
0.956
0.808
1.07108
1.08236
0.804972
0.90828
0.928788
0.937508
1.04662
0.867018
1.30384
0.972427
1.08351
0.866061
0.982364
1.07744
1.08768
0.658445
1.13983
1.15195
0.888672
0.973182
0.989482
0.886346
1.13619
1.02037
0.979476
0.903509
0.976924
0.823289
1.06983
0.943679
1.08152
0.95029
0.989872
0.881702
0.964162
0.949293
1.11899
1.15671
0.982443
1.01108
1.09148
0.896072
1.24414
1.08141
0.824367
0.941518
1.12623
1.12855
0.860917
1.07226
1.07612
1.01842
0.854582
1.08329
0.976435
1.11229
1.02159
0.773507
1.19117
0.924834
0.963712
1.02046
0.89575
1.05164
0.940152
0.971935
0.794872
1.08394
0.981458
0.988254
1.02845
1.02351
0.962825
1.06812
1.05773
0.901708
0.81963
1.14305
1.22804
0.864994
1.01038
0.926672
0.997415
1.09864
1.06394
0.943668
1.0947
0.970061
1.08968
1.12198
0.818207
0.993156
1.12747
0.931322
1.03516
1.25797
1.02213
0.984516
1.04311
0.943551
1.07473
0.870809
0.994385
1.01638
0.841044
0.903396
1.05373
1.00674
0.815944
0.894409
0.953887
0.896674
0.881014
1.15942
1.13968
0.946745
1.03974
0.941459
0.953382
1.08712
0.988377
1.03546
0.997693
1.00314
0.988686
1.02912
0.93246
1.03898
0.971812
1.2677
0.863504
0.94215
0.844046
0.948834
0.930327
0.996039
0.969019
1.31842
0.748557
1.03721
0.872362
0.961985
1.02875
0.809829
0.872558
1.04414
1.15757
0.900618
0.943079
0.87883
0.935122
0.943416
1.04265
1.13829
0.827791
0.820834
1.12644
1.02029
0.867912
0.950101
0.967096
0.895177
0.992094
1.16859
0.991257
1.00484
1.01137
0.933087
0.870757
1.03896
0.877879
0.921505
0.980104
0.987221
0.986362
0.995177
1.05734
0.890177
1.13403
1.16325
0.927097
1.0562
0.962343
1.13962
1.00666
1.20661
1.05038
0.928663
1.15649
0.955913
1.10152
0.874849
0.964175
0.876977
1.03149
0.79087
1.15089
0.991864
0.980687
0.909938
1.04799
0.984751
0.927113
0.951272
1.08363
1.05749
0.930534
0.935618
0.918453
1.07638
1.00247
0.916971
0.756769
1.04345
0.886687
1.04258
0.935465
0.960023
0.76604
0.851328
0.888145
0.997855
0.983944
1.09967
0.998182
0.767931
1.03983
1.08394
0.938169
0.984154
1.00228
0.891352
1.03035
1.03142
0.95652
1.12164
0.992688
1.1376
0.992323
1.04632
1.00329
0.981766
0.924944
1.14027
1.01247
0.888826
1.07559
1.09094
1.15464
0.962194
0.909841
1.08347
0.98905
1.13382
0.824313
0.920186
0.887841
1.1329
1.02442
1.05192
0.916849
0.925648
1.1442
1.02301
1.16875
0.997096
0.923034
1.12031
0.961042
0.867834
1.15322
0.893353
1.00312
0.981616
1.08431
1.11947
0.952022
1.11448
1.04136
0.807458
1.03392
1.18874
1.04128
1.03616
1.03462
1.08446
1.2104
1.00771
0.993967
1.14406
1.03331
0.911997
0.984584
1.13234
1.0203
1.08866
0.916799
1.0757
0.944844
1.03352
1.13629
0.883819
0.952964
1.09414
1.05919
1.00217
0.98044
1.02789
1.1294
1.03869
0.958896
1.00074
1.04682
0.968708
0.995903
1.01161
0.837526
1.03736
0.952075
0.92868
0.916571
1.15356
1.02685
1.12458
1.04742
0.968534
1.02766
0.9445
0.982206
0.992862
0.831814
0.906338
0.957362
1.14029
1.0875
1.08117
1.03641
0.94609
0.957778
0.909227
0.9821
1.12399
0.774345
0.927601
0.96727
1.25667
0.97477
0.978902
1.09919
1.1559
1.01369
0.871161
1.03424
1.01413
0.938805
0.990975
0.990046
0.884206
0.930786
1.01582
0.957095
0.891117
0.894979
1.03094
0.979527
0.8853
1.0397
0.910862
1.00566
1.13388
0.883598
0.863505
1.03994
0.824362
1.14091
1.12092
1.11654
0.812041
1.13273
0.973627
0.965842
0.937782
0.885171
1.01128
0.80199
1.0863
1.15824
0.976743
0.94709
0.908023
1.04702
0.974256
1.07003
1.00746
1.0223
0.880262
1.01004
0.968678
0.991323
0.868806
1.05709
0.987901
1.05075
1.00923
0.940975
1.07342
1.01077
1.14064
0.802204
1.00457
1.10253
0.891747
0.902406
0.90773
1.01338
1.03293
1.1053
0.916001
0.842994
0.973595
1.03543
1.02389
0.993033
1.05462
1.17084
0.83696
1.0881
1.03448
0.900078
0.93937
0.902016
1.15132
1.19126
0.966648
1.05295
1.02773
0.90236
0.996828
1.07146
0.884268
0.938165
0.782985
1.14645
0.899607
1.14165
1.26795
1.03926
0.85918
0.907467
1.06952
0.97375
0.946682
1.23061
1.07246
0.969861
1.00002
1.04626
1.0798
0.953898
0.986789
1.14996
0.916348
1.00468
0.912551
0.936514
0.946038
1.06632
0.910726
1.06553
0.963508
0.971895
0.916404
1.04458
0.93998
0.994775
1.19572
0.950581
0.964063
1.00244
0.947272
0.946248
0.951029
0.957989
1.06795
0.939996
1.18827
0.99361
0.905005
0.824741
1.09002
1.05621
1.08882
1.01623
0.996246
0.973174
0.989984
0.926216
0.922197
0.984658
1.00539
0.952402
1.12383
0.908944
1.35129
1.1274
1.05435
1.10386
1.03995
0.844168
1.05971
0.94042
0.897282
0.995951
1.04569
0.953412
0.91329
0.859754
0.942811
1.0561
0.956168
0.873401
0.943628
0.9137
1.11655
0.822645
1.04859
1.09897
1.04684
0.975094
0.953746
1.1372
1.00893
0.944179
1.11357
1.05478
0.981106
1.14213
1.17576
0.911183
0.96784
0.975213
0.939675
1.0111
0.919979
0.805738
0.980144
0.934678
1.00814
0.937112
0.912125
1.11498
1.11522
1.03407
1.12791
1.03596
0.830676
1.02158
1.04161
1.04632
0.845947
1.03676
1.02298
1.21028
0.895392
0.935324
1.05699
1.11524
0.67935
1.15748
0.964905
1.01446
0.971851
1.13052
0.944659
1.13936
0.953143
0.885787
1.07885
1.04333
0.851985
1.10553
0.938673
0.80186
1.06721
1.03142
0.927526
0.864632
1.00534
1.08328
0.868879
1.09128
0.993217
1.048
1.30427
0.940557
0.973904
0.848776
1.05209
1.1861
0.978603
1.03356
1.12727
1.03453
0.99714
0.756243
0.968388
1.03457
1.0282
1.01114
1.05754
1.0374
0.855375
1.02609
1.04837
0.969755
1.18115
1.01783
1.14243
0.919362
0.895122
0.888035
1.03796
0.98401
0.955487
1.01548
0.975408
0.860897
1.01039
1.04945
1.0895
0.861051
0.828601
1.17749
0.961438
1.16105
1.0576
1.00877
1.06995
0.95491
0.974048
0.917706
0.95201
0.846325
1.03641
0.976901
0.908529
1.08363
1.16045
0.958532
0.938253
1.045
0.795839
1.13108
0.794868
0.942655
0.950776
0.995221
1.05892
1.05593
0.948998
0.944103
1.07298
1.01321
0.972284
0.843269
0.95644
1.06558
0.791148
0.946895
0.945822
1.10702
1.14085
1.00711
0.883071
1.07538
0.98612
0.897267
1.11848
1.04327
0.976381
0.882767
0.998741
0.987081
1.11074
1.00053
0.815871
1.00031
0.937275
0.882569
0.882902
0.854826
0.97845
0.979561
1.05794
0.869833
1.00746
1.11865
1.11452
1.03851
1.05193
0.895852
1.03422
1.11189
1.14333
1.08435
1.21114
0.884404
1.01551
1.15736
0.977204
1.14857
0.859985
1.09818
1.13529
0.95288
0.967698
1.02809
0.87882
1.07179
1.14176
1.02733
0.826539
1.03574
0.776923
1.1283
0.973916
0.897372
0.843894
1.09185
1.15057
1.11093
0.924297
1.00375
1.12563
1.13348
0.983353
0.842194
0.941924
0.884597
1.01729
1.06636
0.904691
0.899871
1.06313
1.04172
1.0912
0.855358
0.905354
1.15084
0.944329
1.00841
1.05826
1.05765
1.04214
0.978315
0.896321
0.931387
0.879097
0.968512
1.06784
1.02142
1.01877
1.08421
1.15678
1.15604
0.905861
0.947332
0.918302
1.1533
1.14255
1.05264
1.08794
1.02063
0.963447
1.01459
1.02346
1.02406
0.882599
0.948931
0.80399
1.07977
1.11103
1.09583
0.947626
1.01966
0.910775
0.863947
0.975155
1.08578
0.915467
0.899565
1.00277
0.987613
1.09714
0.928512
1.03922
0.871694
1.0365
1.16534
0.970565
1.17654
0.91184
0.940728
0.919074
1.12358
0.981434
0.89579
0.921029
0.942835
0.932077
1.07205
0.964329
0.986182
1.03447
0.989386
0.709055
0.915818
1.20947
1.03537
0.939873
1.1221
0.840392
1.00712
0.903493
1.06179
0.952712
0.914118
0.952299
0.833875
0.995771
1.09528
1.03544
0.989434
0.948257
1.10644
0.931914
0.95275
1.11211
1.06742
1.05093
1.01619
1.02374
1.03694
1.01589
1.09977
0.832981
0.95528
0.949276
1.12144
1.10853
0.871304
0.925197
1.13592
0.874407
1.10759
0.926443
0.820887
1.13316
1.06389
0.896902
1.12515
1.07797
1.03592
1.07993
1.02581
0.842411
1.049
1.17116
0.963072
1.21424
0.957947
0.822839
1.05233
0.93447
1.06616
1.06802
0.948113
1.12216
1.07353
1.01006
1.14551
1.04889
0.896412
1.01823
1.05347
1.02345
0.860902
1.0158
1.03569
0.914994
1.10933
0.873644
0.894909
1.07937
0.979373
1.00883
0.926502
0.979367
1.06719
1.25539
0.89545
0.993581
1.18374
0.944594
0.99887
0.87241
1.06298
0.889731
0.860297
0.887916
1.15051
0.710361
1.05204
0.92156
0.982564
1.10364
1.15135
0.996531
1.18006
0.911676
1.05703
1.00219
1.15851
0.931247
1.0385
0.95158
1.03615
0.949735
0.851638
1.00402
0.987013
1.091
0.992242
1.05323
1.04649
0.956393
0.932172
1.0737
1.15839
1.00299
0.812811
0.996044
0.843943
0.990378
0.998541
1.04588
1.19511
0.980044
1.09447
0.941773
1.04723
0.735093
0.928652
0.846886
0.984737
0.971505
0.904312
1.08899
1.00374
1.23317
0.944914
0.999817
0.915833
1.01487
1.07521
0.890638
0.938063
0.930585
1.00455
1.02165
0.87347
0.817315
1.07437
0.949417
1.12624
0.975072
1.02066
0.979043
0.968124
1.09395
1.10496
1.16412
0.8877
0.948649
0.89208
0.841911
0.966268
1.07059
1.22758
1.03681
1.03472
1.34966
1.0806
1.14083
0.958642
0.9325
0.858105
1.07147
1.00948
1.03267
0.84225
0.863675
1.18674
1.0404
0.914334
0.94056
1.06197
1.15565
1.08339
0.843282
1.06991
1.04538
0.872424
0.891689
1.04735
0.881335
1.2936
1.04048
0.987006
1.07402
0.955623
0.978327
0.798124
1.16388
1.28966
0.895256
0.9283
1.0991
0.853745
1.08158
1.11352
0.969194
1.0773
1.13395
1.05699
1.15013
0.838492
0.940818
0.918546
0.917143
1.11542
1.01999
1.05116
1.17157
0.976031
1.06445
1.1086
1.1405
1.1366
0.922678
1.06558
1.033
0.824862
1.09828
0.894374
0.969893
0.948103
0.910331
0.886672
0.969373
1.06653
1.02764
1.07985
0.996967
1.05268
1.05145
0.942771
1.15145
1.06817
1.12155
0.944704
1.08064
0.880856
0.836877
1.16906
1.00731
1.10559
0.895996
0.933067
1.22414
0.895139
1.11865
1.02363
0.934481
0.978194
0.890507
0.949072
0.732539
1.00787
0.932617
1.06996
1.08788
0.892858
1.07338
0.767451
0.947773
1.15662
0.92046
0.899159
0.894019
1.10042
0.923168
1.02297
1.12167
0.987895
1.01957
0.939466
1.07532
1.00585
0.810873
0.901065
1.05871
0.962416
0.915998
0.835091
1.039
1.0849
1.02575
1.04474
0.890665
0.981277
0.823357
0.927649
1.02024
1.05066
0.938278
1.18521
1.01974
0.948144
1.21668
1.0507
1.19018
1.07179
0.849334
1.06861
1.10854
1.12863
1.179
0.826808
0.859765
0.963167
0.867905
0.804947
0.912632
1.00079
0.983162
1.15308
0.933102
0.872997
1.0515
1.0712
1.05404
1.14441
1.14735
0.912476
1.06237
1.00554
1.03034
0.914382
0.827277
1.05159
1.05133
1.09548
1.10952
1.0049
1.01728
0.96384
0.981422
0.897696
0.932638
0.885231
1.07697
0.997828
0.944703
1.02044
1.01059
0.983224
1.08171
1.11265
1.04337
0.952759
1.13159
0.990312
0.975441
1.02236
1.11672
0.96184
0.739904
0.877627
0.862287
1.13481
1.04809
0.979999
0.955358
1.04399
1.01531
1.06053
1.01676
1.069
1.06696
0.883284
0.800959
0.991916
1.14511
0.874192
0.964939
0.984607
0.985107
0.984163
1.08935
0.881316
1.01616
1.13521
0.894265
1.17176
1.18339
1.0275
0.826795
0.969302
1.02978
1.0669
0.943623
1.11302
0.886476
0.988425
0.960396
1.0375
0.873396
0.93074
0.941888
0.974276
0.891456
0.873249
1.13512
0.982888
1.39216
1.15792
1.00702
1.03544
0.928992
0.972243
1.01122
1.07643
1.18322
0.913439
0.925162
0.931881
1.03831
0.919109
0.933981
1.06663
1.05081
1.02079
0.931886
0.942871
0.89143
0.965455
1.05271
1.15124
1.02704
0.970882
0.972065
1.05806
0.914847
0.930881
1.22642
0.935375
1.15151
1.13031
0.927432
0.92363
0.976667
0.897317
1.00419
1.04666
1.00447
1.05776
1.1321
0.984409
0.963988
1.13466
0.997652
1.04995
0.9781
0.925745
1.08123
1.05489
1.13898
0.942916
0.874997
0.974424
1.065
0.948477
1.05372
0.961588
0.985373
0.951928
0.991662
1.15388
0.973142
0.950253
1.00559
0.964545
1.09421
0.977733
0.983942
0.955819
1.01027
1.06413
1.05895
1.19928
0.862372
1.13734
0.803862
0.947699
1.09518
1.18504
1.08114
0.972124
0.991263
0.81534
1.13339
0.850443
0.955405
1.04024
0.959626
1.06669
1.00628
0.870945
0.884298
1.10328
0.907063
0.862779
1.10283
0.988733
0.824469
1.06581
0.95811
1.07632
1.11633
0.959083
1.18009
1.01402
0.843508
1.09402
0.869082
0.951311
0.843062
0.948565
0.957802
0.950368
1.09915
1.06301
0.872021
0.950722
0.904216
1.09435
1.11793
1.07028
0.958414
1.03224
0.946107
1.08015
0.90037
0.995166
0.913624
0.926582
1.11927
1.00389
1.02394
1.05109
1.0614
1.10128
0.98108
0.759578
1.03412
1.00456
0.946808
0.946567
0.991105
0.784863
0.962941
0.98269
0.881549
1.10087
0.999791
1.14079
1.06351
1.02971
1.01502
0.897435
1.04384
0.936398
1.15926
1.19896
0.940372
0.957289
1.10483
0.931597
0.920999
0.883694
1.09971
0.936312
1.19086
0.792879
0.955353
1.15191
0.869633
1.01254
1.01189
1.12967
0.987782
1.06107
0.912069
1.1949
0.971177
1.09865
1.07128
1.06493
1.05738
1.07877
1.14637
1.10747
0.935936
0.924358
0.829381
0.870932
0.79531
1.04684
1.01519
1.09275
0.900531
0.917246
0.979098
0.943355
0.843896
0.933472
0.958704
0.953659
0.965738
1.10036
1.00968
0.968047
1.11006
0.881683
0.929921
1.19993
0.876899
0.901743
0.925624
1.044
0.909773
0.972172
0.879457
0.888259
0.973862
0.948343
1.18985
0.75356
0.877483
0.891676
0.986467
1.09505
0.975524
0.978286
0.92029
0.979435
1.02312
1.166
1.0628
0.926731
0.950645
0.98383
0.8677
0.940761
1.1469
1.12921
1.10019
1.00585
0.996497
1.01812
1.03981
1.03764
0.923288
0.861348
0.859
0.961448
1.09
0.842665
1.07641
1.01726
1.06132
0.917589
1.06247
1.12881
1.09257
0.874967
1.05758
1.37494
1.19776
0.941634
1.17183
0.958014
0.983762
1.10661
0.930047
0.927126
0.93077
1.05156
0.950676
1.1134
1.01577
0.87819
0.873668
1.03865
0.976696
1.08495
0.877468
0.895022
0.884596
0.939991
1.16966
0.986661
1.06942
0.938031
0.883806
1.01841
1.02246
1.00137
0.96628
0.949068
1.21135
1.04848
1.04482
1.13499
1.02581
0.918748
1.00961
0.80754
1.0612
0.932653
1.07664
0.867857
0.963062
1.093
0.98996
0.955217
0.89599
0.954989
1.05502
0.815241
0.865239
1.16159
0.96473
0.962127
0.939703
0.871088
1.11731
1.00254
1.10853
1.1325
1.01524
0.906189
0.975454
0.898907
0.996062
0.94073
0.89152
0.887165
0.887888
1.0072
0.901149
0.910326
1.14246
0.859237
1.06652
1.09866
1.08881
0.936748
1.09749
0.966563
0.947816
0.959381
1.13618
1.06428
0.967255
0.880687
1.06923
0.983505
1.01619
0.919887
0.825571
0.910473
0.880824
1.05204
1.02273
0.853516
0.926858
0.853242
0.918202
1.09554
0.886372
1.01395
0.998158
0.93266
0.934603
0.911566
0.954919
0.926985
1.04984
0.927244
0.956064
1.10498
1.00768
1.25258
0.90592
1.00927
1.03162
0.978838
1.03348
0.898385
0.895449
0.878835
0.950295
0.8698
0.84154
1.12359
0.854555
1.00175
1.05025
0.883749
0.99329
0.974041
0.888867
0.910608
0.880802
0.94444
1.16376
0.972356
0.969829
0.927354
1.08391
1.1746
0.991985
0.958729
0.979862
1.21543
0.939585
0.904303
0.980371
1.04833
1.09454
0.980342
1.02379
1.03731
0.851108
0.904929
1.00252
0.948951
0.901456
0.837082
0.9488
0.935128
1.04547
1.02124
0.872339
0.945225
0.942279
0.993714
1.0379
1.03759
1.11299
1.14431
0.943117
0.882467
1.00446
0.989257
0.923436
1.09004
1.08063
0.828951
0.949419
0.958621
1.04163
0.944116
1.01397
0.881103
1.13321
0.797173
1.02481
0.984331
0.877257
0.859143
1.00839
0.836347
1.07681
0.958891
0.929476
1.02095
0.919004
1.01075
1.0645
0.993035
1.02086
1.06162
0.927112
0.859676
0.944162
1.01941
1.09704
0.940823
1.0392
1.10228
0.994594
1.05892
0.892179
0.97855
1.15404
1.11316
1.08208
1.21528
0.917772
0.792084
1.06465
1.13958
1.00072
1.19703
0.970248
1.20374
1.07408
1.06269
0.981763
0.765964
1.00916
1.0274
0.956593
0.854439
1.09253
0.876964
1.17756
1.04109
1.1273
1.04931
0.92047
1.00496
1.11774
1.01508
0.935567
0.933161
1.02725
0.788305
1.12331
1.05771
0.923807
0.993328
0.911221
0.871181
0.868995
1.19794
1.14991
0.934197
0.899994
0.829963
0.92267
0.945704
0.939039
1.08895
0.887129
0.976095
0.984472
0.879287
1.01794
0.953719
0.951192
0.894784
1.00162
0.842692
1.10738
1.04951
1.0554
0.889612
0.95351
0.981713
1.00758
1.3054
1.02076
0.929164
1.17945
0.917642
1.03011
1.10508
0.89831
1.13824
1.08888
1.00972
0.841836
1.04235
0.776522
1.17108
1.02456
0.986504
1.18277
0.92599
1.09537
0.885594
1.00105
1.00271
0.995766
0.959293
1.0831
0.929619
1.0328
1.02498
1.02679
1.11669
1.13627
0.991707
0.97489
0.95698
1.1295
1.14493
0.859224
0.919442
0.955814
0.903781
1.17945
1.06928
1.11375
0.884601
0.9317
1.05468
0.955832
1.10891
1.01039
0.983882
1.09818
0.989344
1.07483
0.961788
0.992927
0.954438
1.11396
0.96789
0.965268
1.01232
0.957144
0.957625
1.00114
0.961784
0.95806
0.898505
1.0904
0.814849
0.997684
1.16329
1.04616
0.899089
1.06462
1.03265
1.04276
0.866187
1.0687
1.12118
1.03834
1.01891
1.11302
1.02113
1.14591
1.17965
0.963745
0.923167
0.923888
0.943287
0.899868
1.10002
1.05954
0.95294
0.973145
0.841753
0.873745
1.03269
1.18623
1.08497
1.03283
0.991845
1.1079
1.07909
0.964423
1.07507
0.927972
1.01816
1.02413
1.08099
1.00985
0.919631
1.03264
0.909921
0.968168
1.00361
0.883472
1.05409
0.83172
0.842006
1.10693
0.935262
1.09898
1.06082
0.876631
0.899609
0.938314
1.09313
0.975986
1.25384
0.965825
1.07718
1.03885
0.966126
0.948532
0.972603
0.953908
1.075
1.19701
1.0193
0.971317
1.0529
1.08696
1.0381
1.02921
1.17641
1.10406
0.965703
1.08844
0.886711
0.964309
1.048
1.12003
0.825537
0.980812
0.902957
1.01502
1.05315
0.987224
0.831016
1.08259
0.798665
1.01124
0.971046
1.02756
0.950767
0.939286
0.794929
1.0399
0.846346
1.00372
1.07036
1.04476
0.912692
1.12924
1.11306
1.05722
1.05936
1.06282
0.979109
0.914687
0.979636
0.993803
0.826008
0.984055
1.05865
0.87398
1.13618
1.00582
0.997271
0.963622
0.931751
0.899219
1.0131
0.992894
0.917807
0.894482
1.17724
1.16436
1.13198
0.922947
0.937793
1.01512
0.954802
0.955444
0.867768
1.0537
0.914373
1.32061
1.01817
1.05398
0.934802
0.881148
1.21074
1.14686
1.14491
1.07454
1.05558
1.23609
1.01599
1.06171
0.801234
0.891224
0.892832
0.866211
1.07441
1.06403
1.1303
0.88836
1.04091
1.17614
0.954494
1.06819
0.8278
0.878354
1.05951
0.884481
1.00646
1.07955
1.03095
0.916368
1.09263
1.06889
1.08838
1.04049
0.878346
1.00256
0.897512
0.847339
1.18087
0.934525
0.984197
1.02697
1.16839
0.950934
0.871885
1.13275
1.01245
0.928527
1.10221
0.94958
0.923123
0.867877
0.880047
1.04595
1.1079
0.990953
1.02414
1.09578
0.979883
1.0792
0.936789
0.932186
1.12174
1.01339
1.10534
1.01363
1.02023
1.16129
0.895167
1.18216
0.918191
0.890524
1.01322
1.11316
1.01413
0.941373
1.04521
0.871775
1.04926
1.08974
1.26849
1.04345
0.932819
1.05902
0.97285
0.756644
1.02326
0.892708
0.963458
0.983367
1.22571
1.0595
0.922129
1.00715
1.21157
1.02018
0.99643
0.960225
1.18816
0.970408
0.922348
0.869142
1.12594
0.9242
1.07509
1.12071
1.01474
1.05135
1.09916
0.992754
1.07187
0.980958
0.911162
0.875181
0.951576
0.947882
1.13945
0.950329
1.16918
1.02681
0.929112
0.974376
0.966171
1.05384
0.883424
0.952461
0.895635
0.890255
0.961287
0.90265
1.11315
0.970229
1.03927
0.96357
1.07304
1.14675
0.927873
0.888554
1.06711
0.938751
0.808333
1.05218
0.971635
0.946746
0.779892
0.932109
0.99612
1.13135
1.08807
1.06152
0.943453
0.932856
0.968242
1.05351
0.927417
1.01622
0.989211
0.934683
0.961719
0.917288
1.20382
1.0117
0.934747
0.977912
0.942477
1.19076
1.01341
1.09279
0.8833
0.954314
0.880655
0.987748
0.885072
1.11308
1.00162
1.03148
1.04193
0.995382
1.0645
1.06055
0.997464
1.01883
1.14419
1.00437
0.952778
0.85841
1.10662
1.03616
1.10453
1.03344
0.982342
1.17277
0.924111
0.92001
0.972408
0.955092
0.996593
1.11292
1.12432
0.88868
1.01492
0.917332
0.97045
0.916171
0.905288
0.973585
1.22084
0.864932
0.950055
0.892202
0.959288
0.948566
1.05485
0.941757
0.98116
1.16212
0.970314
0.875444
0.93428
1.19375
0.888881
0.937441
1.18821
1.03338
1.2381
1.14295
0.769112
0.97839
0.978117
0.957019
0.931569
1.19592
1.01214
1.16707
0.976704
1.04684
0.841765
1.11273
1.03119
0.945822
1.00871
0.867212
1.03827
0.992458
0.910437
1.02087
0.929293
1.06269
0.891702
1.24903
1.12461
1.00874
0.756186
0.938198
1.00808
0.980583
0.926388
0.879174
0.937611
0.972061
1.05284
1.1298
0.918079
0.921121
1.11766
1.07327
1.14009
1.12341
1.03102
1.02104
1.01891
1.00939
0.854357
1.20048
1.02274
0.95157
0.957107
1.06891
0.969831
0.965731
0.860989
0.923629
0.984354
1.13621
0.928144
1.07032
1.09365
0.9378
0.890134
1.0101
0.890439
1.00476
0.907558
0.996791
0.975768
1.00282
1.01939
1.06633
0.992547
0.896833
0.949255
0.89961
1.05599
1.06972
1.00603
1.04506
0.928969
1.03931
0.98734
0.863015
1.10168
1.1063
1.03877
1.07242
1.01516
0.975617
0.949727
0.833269
0.806602
0.991631
0.897928
0.97376
0.897751
0.966401
0.896704
0.971265
1.0704
0.980325
0.998196
0.932369
1.02971
1.03243
0.911568
0.979266
0.890379
0.888035
0.806902
0.982699
0.99333
0.883931
1.122
0.994896
1.05474
1.10491
0.969923
1.10682
1.00695
0.944802
0.960891
0.899129
0.933661
0.994838
0.933673
0.928536
0.907094
0.940851
0.902263
0.948148
1.12757
1.0991
0.896591
1.10878
0.994634
0.815276
1.07859
0.80985
0.838117
0.970983
0.880303
1.11047
1.07944
1.01131
1.09754
1.04138
1.03163
0.878495
0.924234
0.911847
1.1241
0.918422
0.992564
1.05468
0.92282
1.02055
1.01523
1.01313
1.14093
0.943061
1.02113
1.17013
0.93701
1.18529
0.869036
1.0617
1.02271
0.959091
1.02566
1.07145
1.07586
1.01494
1.10334
0.83211
1.11525
1.09692
0.986677
0.911044
1.016
1.20804
1.14108
1.11933
0.904239
1.02425
0.877445
0.965703
1.10369
1.14113
0.972526
0.882427
1.04724
0.978942
0.872447
1.28953
0.925796
1.02462
0.883796
0.895071
1.04673
0.977261
0.98972
1.1445
1.08172
0.90442
1.02295
1.18056
0.884051
0.757408
1.00755
1.22254
0.930912
0.820099
0.981217
1.0311
0.950086
0.833215
0.868252
0.843436
1.07366
0.862002
0.994418
1.02807
1.04905
1.04388
0.921102
0.979877
0.98341
1.12922
0.963609
1.01212
1.15831
0.91681
0.927689
0.977031
1.05694
1.20166
0.938972
1.07929
0.80206
0.898086
0.831809
0.871168
0.943931
0.888206
0.796137
0.945317
0.884854
1.06964
1.07142
1.05698
0.891924
0.844236
1.06244
1.1592
1.02032
0.829648
0.977462
0.878897
1.01013
1.05476
0.871123
0.834562
0.949042
1.04319
0.889649
1.01452
0.851227
1.01188
0.881635
1.0538
1.1128
0.922731
1.05079
0.963571
1.07056
1.14888
1.04428
1.11304
0.906199
0.925191
1.08801
1.0614
0.993479
1.01986
1.05196
1.01066
0.882794
1.01853
1.10888
0.915199
0.99569
0.753436
1.01998
0.914815
0.990772
1.22533
1.09162
1.06329
1.00348
0.957165
1.08725
1.05143
1.08735
0.894511
1.01192
1.03748
0.940086
1.11743
1.13528
1.03311
1.00396
1.116
0.947304
1.17577
0.914739
1.04984
0.956959
0.787484
0.911966
1.0571
0.925881
0.860729
1.10164
0.982244
1.00996
1.10012
1.14764
0.87067
0.92288
0.96074
1.07841
1.00917
0.994159
1.04361
0.892802
0.857289
1.04874
0.924118
1.03307
0.985147
0.939897
0.902082
0.966826
0.85938
0.972478
1.13711
0.983302
1.06946
0.938634
1.06192
0.871513
0.976024
0.872983
1.02941
1.03133
0.851449
1.11485
0.996544
1.05163
0.884743
0.982848
0.924934
1.05568
1.03695
1.13944
1.07194
1.11188
1.11452
0.872891
0.993102
0.958414
0.970206
0.896591
0.993084
0.769497
1.09509
1.04391
1.05103
0.914728
0.971122
0.995589
0.984391
0.960045
1.06937
0.990177
1.01969
0.932554
0.9815
0.955338
1.07286
0.960631
1.02421
1.06105
0.873746
0.950283
1.08497
0.95768
1.11156
0.978425
0.957958
1.07771
1.22494
0.740283
0.824268
0.950651
0.918291
0.935976
1.01663
1.12325
0.917494
0.740375
0.850823
0.951389
0.967224
1.05451
1.0805
0.972884
1.1111
1.04156
1.06449
0.913617
0.858808
1.03068
1.08045
1.05495
1.0237
0.975837
0.99293
0.974217
1.01278
1.0818
1.22435
0.908776
0.989912
0.837682
1.1682
0.925851
0.965012
1.17371
1.01649
0.956098
1.21309
0.893223
1.04328
0.879679
0.985495
0.835149
0.955285
0.928486
0.861054
1.0077
0.996127
1.01203
0.897062
1.00833
0.977235
0.847231
0.993732
0.871244
1.14643
1.07176
0.917826
1.01515
0.919197
0.879984
0.992601
0.951666
1.01373
0.786923
0.835712
1.08392
0.987944
0.929716
0.952952
0.95415
1.09106
0.936942
1.11053
1.05224
0.98781
1.00909
0.948452
0.990836
0.862932
1.02431
1.09532
1.13599
1.03069
1.05924
0.959618
0.958706
1.03351
0.979861
1.0685
0.932228
1.15456
1.0197
1.02238
1.05539
0.993366
1.11203
0.853859
0.976682
0.960575
1.08576
1.04392
1.16933
0.8407
1.13485
0.866921
0.973045
0.754972
1.10393
0.843503
0.826299
0.938655
1.01696
1.06173
0.913043
0.900546
0.916042
1.13494
0.912321
0.989406
1.01442
0.916637
1.17087
0.824346
1.13186
1.04865
1.04979
0.999675
0.928982
0.964352
0.798197
1.02013
0.882059
0.97938
0.920011
1.02127
0.937086
0.999988
0.986758
1.02662
0.969314
0.948466
0.997963
1.06053
0.879775
1.03113
1.10254
1.1865
0.905999
0.928912
0.935176
1.1382
0.861937
0.89871
1.00394
0.97613
1.04041
1.1135
0.916002
0.893411
0.862709
1.10573
0.921514
0.963227
1.16698
0.954863
1.2562
0.986363
0.97411
0.898644
0.970185
0.914291
1.07021
1.02533
1.0176
0.918926
0.926225
0.998424
1.01592
1.07051
1.05169
0.993777
1.1524
0.915093
1.09135
0.917753
1.03594
1.00766
1.146
0.786853
1.06124
0.891697
1.08946
1.02942
1.00205
1.11246
0.935063
0.942684
1.04243
0.88251
0.902723
1.03906
0.963866
1.05393
1.26509
1.06877
0.94995
0.922298
1.09566
1.06932
0.958021
1.03905
0.983208
1.02609
1.10816
0.978912
0.966321
0.948209
1.14512
0.972059
0.904598
0.910979
1.03976
1.04777
1.04846
0.98618
1.05921
1.07853
1.06058
1.14704
1.00504
0.904704
1.06142
1.01066
0.94604
0.916153
0.982417
0.887416
0.958078
0.882137
0.872931
0.817907
1.02994
1.10068
1.0132
1.09272
1.04015
1.10502
1.00457
0.843633
0.957807
0.88983
0.899613
1.16879
1.1058
0.961821
0.94344
1.09574
1.05595
1.11256
0.919092
1.03535
0.901081
1.09862
1.0677
0.897557
0.989463
1.07312
1.0535
0.973268
0.875315
1.02761
1.02931
0.944245
0.977452
0.986231
1.12302
0.96256
0.907882
1.02747
0.902253
0.961014
0.86901
1.04803
0.897742
1.03636
1.01743
0.93153
0.982023
1.07161
1.19409
1.09733
0.911899
0.962746
1.03133
0.893289
0.90341
1.0673
1.08388
1.22086
1.12776
0.880476
0.968787
1.12745
0.927272
0.979529
1.04979
0.843237
0.990728
0.982521
0.780568
0.871389
1.10669
1.05071
0.897974
1.02803
1.06375
1.02054
1.05864
0.97575
1.04579
0.998612
0.931599
0.99007
0.832613
0.955684
0.994722
1.16011
1.04407
0.881659
1.01481
1.1149
1.05529
1.12311
1.04045
0.901857
0.931229
1.06766
0.919262
1.02614
1.10254
1.12819
1.02573
0.894861
1.0738
0.851326
1.0591
0.954411
0.977054
1.08652
0.911911
1.04724
0.950981
1.00716
1.02549
1.01921
0.923448
0.914142
1.04141
1.07492
0.732456
1.02054
0.901952
1.08761
1.00502
0.977384
0.903301
0.876349
1.16362
0.911251
1.01318
0.912808
0.853063
1.059
1.08168
1.00384
1.06251
1.02598
1.12307
0.917965
0.910713
0.825676
0.956351
1.00177
1.1889
0.989641
1.11475
0.805025
1.00657
0.997478
1.03353
0.987464
1.20361
1.02063
0.878499
0.978083
1.00523
1.12513
0.999011
0.974077
1.01223
1.0422
0.860291
0.903006
1.09512
0.957923
0.946459
1.01079
0.888771
0.899795
1.00195
0.980859
0.977824
1.05016
1.06448
0.879237
1.03862
1.00905
0.98189
1.01775
1.06624
0.997427
1.08084
1.16426
0.97795
0.961324
0.930939
0.918585
1.03032
0.943009
0.994834
0.963109
0.870908
1.01371
1.01247
1.02161
0.934996
0.881917
0.882339
0.911361
0.93688
1.10003
0.987871
0.92994
1.13234
1.01274
0.987066
0.946273
1.02614
0.982301
0.921014
1.06099
1.03197
1.02607
1.09236
0.920424
0.854114
0.951934
1.20397
0.972549
0.900479
0.887069
1.00885
0.931242
0.881894
0.87824
1.0679
0.971634
1.00012
1.00364
0.831651
1.0262
1.1207
0.876007
0.857174
0.92837
0.939835
1.02917
0.882492
1.06512
1.10413
0.967189
0.845942
1.06739
1.0712
1.06371
0.940094
0.809224
1.02719
1.05269
0.852638
0.93097
0.932216
0.976042
1.07901
0.904699
1.08107
0.854259
1.10124
0.944243
1.06387
0.877655
1.22135
1.00362
1.04278
0.966912
0.795158
0.98311
1.06018
0.955058
0.846883
1.09983
0.935157
1.13003
1.06426
0.998376
1.02128
1.17219
1.15732
1.11757
0.92005
0.783757
1.22558
1.06353
1.13173
0.997073
0.919891
0.912728
0.845103
1.06322
1.07308
1.13057
1.01242
0.866394
0.962348
0.991971
1.05083
0.933265
1.00964
1.11363
1.10094
1.03171
0.947914
1.11651
0.921008
1.00749
0.837123
1.00733
0.944466
0.94004
1.06763
0.966487
1.17786
0.947095
0.913869
0.964165
1.11758
1.05064
0.898145
1.01571
1.17322
1.12431
0.719131
1.06726
0.932865
0.958462
1.25129
0.95985
1.06629
0.784926
1.02384
0.903715
0.929233
1.14521
1.04557
0.894613
0.913751
1.16449
0.9092
1.21741
0.978519
1.01837
1.04325
0.806174
1.05029
0.940026
0.982534
0.959752
0.981393
1.04651
1.06192
0.906632
0.993671
0.987829
1.1566
1.08147
1.04145
1.20474
0.978388
1.04378
1.03701
0.969011
1.16261
0.996369
1.08168
0.866205
1.0209
0.89266
0.994451
1.04175
0.898266
1.15661
1.10869
0.961054
0.934897
0.976648
1.06273
1.1243
1.08601
1.03986
1.0934
0.951925
1.02424
1.0097
1.18542
1.15625
0.970756
1.05406
0.98537
1.07465
0.802009
1.10496
1.20687
0.886799
1.14214
1.00773
0.954564
1.05516
1.07095
1.036
1.09102
1.17146
0.874304
1.04046
0.895459
1.11285
1.07246
1.17212
1.1548
1.04209
1.16218
0.813453
1.01678
1.11752
1.00778
0.875013
0.947531
1.06387
0.889876
1.00831
1.19051
1.04132
1.05092
0.914817
0.980551
1.09588
0.97541
1.13294
0.936621
1.12421
0.981154
0.760704
0.993167
0.90254
0.963614
1.12321
0.921652
1.19163
0.94244
0.973849
0.961413
1.13906
1.08076
1.20763
0.989642
0.867212
0.862013
1.20766
0.930913
0.89158
1.03387
0.899658
1.03628
0.923374
1.15176
0.913515
0.865805
1.04963
0.909045
1.17737
1.18006
0.991548
0.949188
0.869757
0.973104
1.05118
0.898146
0.865773
0.894941
0.927965
1.04899
0.941366
1.09748
0.843861
0.804345
0.908277
0.981715
1.26276
0.833723
0.949724
0.956523
0.868862
0.958415
1.08102
1.2428
0.954668
1.04237
1.0903
0.87256
0.911934
0.898826
1.01755
1.18564
1.08879
1.11302
0.970048
1.1459
1.02002
1.07792
1.08531
0.942117
0.930994
0.974114
0.906379
0.930011
0.910133
1.00382
0.903455
1.00181
0.942432
0.988963
1.00019
1.09193
1.01371
0.870614
0.997937
1.03264
1.02604
0.807592
1.00774
1.12318
0.983444
1.17353
0.948702
0.974694
1.04679
0.803205
0.959043
0.870676
0.932642
1.1869
1.01362
0.936756
1.30798
1.14642
1.0649
0.998306
1.00161
1.08111
1.02242
1.13887
1.0551
1.03951
1.05412
0.879998
1.04995
1.10541
1.18756
0.910507
1.035
0.845683
1.08904
1.05741
1.05506
0.967736
1.05412
0.813997
1.05458
0.826627
1.37513
0.88119
0.841902
0.834023
1.23558
0.990632
0.943564
1.10773
1.04266
0.955449
1.13903
1.04488
1.10966
1.07896
1.15685
1.11058
1.11639
1.00582
1.17111
1.1541
1.09304
0.88697
0.946307
0.999462
0.930486
0.927433
0.940236
1.06607
0.99653
0.911396
0.932766
0.989033
1.07323
0.918195
0.788371
1.08612
1.09303
0.894972
1.05913
1.08428
0.890971
1.02427
0.82839
1.24639
0.988788
1.02408
1.15163
0.981087
0.934525
0.850828
1.00139
0.983249
0.845856
1.074
0.994806
1.04353
0.987255
1.0586
0.932628
0.947186
0.820752
1.15098
1.14494
0.987674
0.965548
0.954726
0.946422
0.92699
1.07076
1.18337
1.1052
0.866575
1.07732
1.06638
0.995051
1.05242
1.16414
0.970117
0.96615
1.26592
1.12957
0.867149
0.980913
1.02449
0.992165
1.25483
1.04251
0.996502
0.931312
1.04929
0.94878
0.871714
0.805241
1.19402
0.939219
0.89059
1.0243
0.979339
1.04127
1.14801
0.975115
1.06057
1.07682
0.826605
0.98144
1.07185
0.97744
1.01535
1.17513
1.18491
1.01872
0.856022
0.925093
1.10524
1.11807
0.840839
1.24967
1.13337
0.910121
1.10586
0.918135
0.942765
0.929348
1.18345
1.045
1.01485
0.858305
1.06928
0.860422
0.999255
1.16464
0.889193
1.06078
1.14261
0.978864
0.868
1.01779
1.15823
1.01862
1.16138
1.06128
0.895543
1.06281
0.88624
0.931334
1.05055
0.93311
0.908038
0.979724
0.833434
0.841831
1.07752
0.944462
1.16965
1.0582
1.20066
0.969893
1.01773
0.91869
0.945331
0.965934
1.1938
1.01895
0.966526
0.810681
1.20532
0.932051
0.987147
1.15994
1.1721
0.857351
1.01503
0.948544
1.08051
1.10609
1.04083
0.874406
1.03739
0.944344
1.04705
0.834985
0.89994
1.15913
1.02304
1.06239
1.02258
0.859746
1.02898
1.21808
0.784344
0.896458
0.969368
0.953415
1.00692
0.918764
0.988589
1.17304
1.01562
0.927683
0.882318
1.13622
1.03654
0.986835
0.932373
1.00556
1.11105
0.93489
1.06549
1.1219
1.1515
0.828976
1.09058
0.892564
1.00592
1.01936
0.922491
1.02013
1.04287
0.854203
0.891977
0.885032
0.84955
0.862263
0.956822
0.853555
0.851994
1.07
0.981594
1.173
0.867842
1.03764
0.983435
0.99097
1.11564
1.01519
0.896612
0.874924
0.964399
0.904573
1.04185
1.02066
1.06582
1.03225
1.01461
1.08231
1.00588
1.01139
0.867276
1.10709
1.01941
1.01493
0.871821
0.879863
0.95775
1.16957
1.00546
1.0096
0.96863
0.86775
1.12882
0.979716
0.935514
1.00165
0.943241
0.931985
1.0589
0.944232
0.90477
0.906578
1.0197
0.996178
1.07282
1.03599
1.00969
0.857548
1.00683
0.932865
1.07503
0.989186
1.09298
1.03361
0.944288
0.955649
0.897522
1.03376
0.97057
0.847758
0.954831
1.16496
1.11971
0.889562
0.88941
0.971755
0.998885
1.05092
0.996565
0.825896
1.1725
0.850327
0.938701
1.07731
0.948013
1.05191
1.02092
1.00675
1.08392
1.10103
0.91864
1.16395
0.91074
0.954541
0.972828
0.912405
1.05191
0.998376
0.980461
0.848575
1.02603
1.09757
0.814828
0.91187
0.844284
0.837347
1.01147
0.997831
0.997749
0.883017
1.04636
0.947906
0.881814
1.15967
1.03882
0.908773
1.04942
0.957841
1.01793
1.06499
0.917731
0.855783
1.01729
0.966194
0.915804
0.909237
1.1725
1.13652
0.789806
0.968043
1.09255
1.09754
0.860426
0.784355
1.18447
1.06393
1.00242
1.04878
1.11751
0.961406
0.988779
1.12604
0.851392
0.980358
1.02461
1.01787
0.837709
0.950004
0.991367
0.929185
1.10505
0.936087
0.894037
0.970545
1.08137
0.768756
1.02985
0.979977
0.881808
1.13953
1.08577
1.04868
1.03732
0.736641
0.971079
1.11277
0.884739
0.891264
0.829965
1.024
1.07725
1.00986
1.04877
1.1354
1.08681
0.912303
0.973569
1.19081
0.957819
1.01868
0.748978
0.946
0.945642
1.10207
1.01836
0.907276
1.02812
1.29754
0.884781
0.807781
1.11213
1.08308
1.112
1.14104
1.07137
0.933708
0.953439
1.00873
1.01507
0.837751
0.904118
1.16796
0.828524
0.997517
1.04073
1.12509
1.00737
0.909767
1.12854
1.08549
0.997334
0.957171
0.906719
0.970898
0.930599
1.04704
1.18191
0.871655
0.889468
1.09488
0.994854
0.954182
1.02175
1.11525
0.897331
1.07458
1.07966
1.17205
0.99911
0.954429
1.13597
1.07798
0.926289
1.01476
1.23897
0.939877
1.16151
1.0212
0.846374
1.21196
0.924029
1.03073
0.88224
0.950878
0.980655
0.901332
0.975114
1.04095
0.945137
0.937785
0.885817
1.34882
1.0081
1.07071
1.02654
0.925091
1.09026
0.906268
1.09586
0.958712
1.05741
0.907077
0.916272
1.04965
1.18859
0.922443
0.880407
1.09703
0.988876
1.00168
1.1314
1.05429
0.919233
0.839436
1.05753
1.14846
0.852559
0.92266
0.932191
0.974063
0.911666
1.11623
1.14482
0.920653
0.887111
0.940088
0.937875
0.86118
0.979885
1.04437
1.12767
1.00312
0.874948
1.09268
1.10425
1.02256
0.951164
1.17234
1.09104
1.04772
0.940049
1.05989
1.18439
1.33624
0.872847
0.918132
1.02597
0.913602
0.995363
1.06683
1.03544
0.978048
0.990388
1.08833
1.12539
1.04787
0.987856
1.15065
1.01362
0.994108
1.22759
1.12004
1.05855
1.13731
0.930393
1.07406
0.901709
0.994076
1.12147
0.940139
0.843806
0.993417
1.10048
0.93193
0.946429
1.01794
1.00721
1.07966
1.16883
1.05528
1.0898
0.990772
1.05594
1.27603
0.952183
1.16755
0.858078
1.05227
0.871332
0.956659
0.945842
1.21678
1.12083
0.961926
1.10104
1.21425
0.8837
0.945126
1.06526
0.917638
0.965539
1.09807
0.949987
0.877991
0.889575
0.927625
0.970593
1.01182
1.09769
0.976018
0.899462
1.03742
1.11687
0.851776
0.817782
0.948328
1.26702
1.05723
1.03499
0.921803
1.06191
1.02159
0.981518
0.889532
1.00543
0.897929
0.969543
1.13146
1.13005
0.971429
0.947213
0.888637
1.05715
1.04623
0.953835
0.959649
1.01095
1.05227
0.854254
1.21365
0.871926
0.846107
0.853325
0.962228
0.806313
1.10068
0.91815
0.91164
1.11175
1.03021
0.864591
1.03174
1.03833
1.15049
1.07523
0.986018
1.01713
1.06655
0.940881
1.13134
0.88182
1.02021
0.716412
0.883165
1.03333
0.94158
1.15156
1.09713
1.11399
1.01879
0.954173
1.00996
0.971184
1.26275
1.1817
1.21558
0.966346
0.822369
0.918778
1.07457
1.0789
1.00257
0.98873
1.05463
1.05336
0.954241
0.969712
0.839915
0.838915
1.02625
0.922493
0.999487
1.01614
1.02064
1.09602
0.862518
1.25
0.918501
0.884118
1.04021
1.05513
1.05259
0.838945
0.967466
1.20508
1.07983
1.10729
1.09403
1.00043
1.11565
1.06277
1.16021
0.839878
0.857911
1.00448
1.14224
1.07311
1.24239
1.05683
1.01753
0.894974
0.971179
0.903463
1.03859
0.885462
0.87343
0.785062
0.907515
0.971207
0.923253
1.0124
1.17539
0.821209
0.918775
0.844434
0.898477
0.998343
1.04151
0.943028
0.901882
0.79901
0.894061
0.798538
1.08397
0.742659
1.18996
1.15552
1.07429
1.06369
1.14936
0.932185
0.986458
1.15848
0.965881
0.762025
0.96067
0.862448
1.06608
0.997919
0.942185
0.998967
0.929142
0.898289
1.05744
0.96624
0.891268
0.991999
0.939087
0.863507
0.997785
1.05358
1.04008
0.807251
0.935619
1.1103
1.06927
0.826126
0.916767
0.91925
1.21016
0.864495
1.08423
1.21908
1.00926
1.09686
0.924627
0.859959
1.01283
1.04219
1.04648
1.07243
0.95947
0.910517
0.87225
1.0669
1.02105
0.84989
0.947364
0.965827
0.893278
0.991041
0.905215
0.855338
0.903585
1.06696
0.972484
0.839394
1.06637
0.961861
0.875031
0.949879
0.940096
0.883017
1.15656
0.847437
0.947495
1.04125
1.05347
0.978695
1.16587
0.929419
1.09232
1.0467
1.15103
0.974228
1.15155
0.787977
1.05108
0.838101
0.829016
0.974043
1.01548
0.9327
1.02056
0.962185
0.858965
0.91425
0.896322
0.97073
1.09808
1.00115
0.97101
1.03911
0.958479
1.07457
0.942239
0.976293
1.18409
1.2557
0.881785
1.02038
1.00831
0.858823
1.10866
1.1186
1.05919
1.12832
1.04767
1.02936
1.09172
1.0187
1.19354
0.984951
1.04207
1.03498
0.990053
1.03686
0.929725
0.998766
0.957883
0.943745
0.999171
0.983411
0.9472
1.11027
0.943275
1.0522
0.895205
0.960678
0.814739
0.92867
1.16421
1.15758
1.01487
1.13457
1.10981
0.953505
0.945329
1.02161
1.13528
0.976134
0.938186
0.846223
0.896329
0.908218
1.04077
1.25918
1.02127
0.942498
1.05267
1.03787
1.15371
0.868027
1.13569
0.91149
1.02685
0.977797
0.848118
0.88108
0.756829
1.14877
0.998296
0.903262
0.926265
0.938478
0.910092
0.963494
1.00052
1.0111
1.02843
1.17491
1.06491
1.08781
0.939545
0.99611
1.24139
1.17773
1.05389
1.07533
1.24488
1.17627
0.884826
0.999503
1.03815
0.994177
1.04454
0.941607
0.936975
0.956657
1.08702
0.953394
0.802198
1.10225
1.07315
0.924174
1.09275
0.934271
0.885209
0.889582
1.03824
0.958686
0.895064
1.04094
0.89495
1.0949
1.11931
1.07509
1.05438
1.05351
0.991758
0.919571
0.920424
0.891059
1.00526
1.05707
0.919197
0.899101
0.920485
1.07059
0.831934
1.15709
1.16389
1.07632
1.00375
0.982429
1.07084
0.983898
0.936989
1.11921
1.01776
0.942788
1.14461
1.04848
0.967951
1.09348
0.964911
1.05091
0.985484
0.919806
1.06846
1.06294
0.868729
0.911933
1.0413
1.00843
0.944646
0.818887
0.971592
1.05696
1.00557
0.889003
1.09364
0.919316
1.09008
0.895133
0.880246
1.07773
1.07366
0.998084
0.844905
1.03338
1.07119
0.988945
0.978642
0.841635
0.8425
1.04164
1.04057
1.13648
1.13643
0.925841
0.897295
0.880977
0.937209
0.978052
1.03826
0.857627
0.749818
0.928305
0.928545
0.93806
1.02868
0.99865
0.886584
1.02409
1.08788
0.937793
0.965444
0.870562
1.00872
0.943047
1.23689
1.18886
0.99247
1.03819
1.19292
1.19339
1.05006
0.907781
1.10412
0.925479
0.875259
0.919719
0.991468
1.1219
0.930416
1.0134
1.12176
0.951617
0.96274
0.875846
1.06824
0.852142
0.930295
0.982768
0.988652
1.00375
1.01187
1.07158
0.912372
1.00525
1.09253
0.96579
1.05761
1.05524
0.994202
0.878981
1.16252
1.05484
0.983354
1.16431
1.04982
0.841966
0.891715
0.982025
1.10468
0.933501
0.979722
1.04568
1.06945
0.989247
1.1566
0.809851
1.12274
1.03039
0.956795
0.906339
0.99073
0.89528
0.922825
0.984646
1.0343
1.12535
1.0783
0.943182
1.01689
1.10036
0.947548
0.953668
1.03427
0.983623
0.820362
0.92669
1.05142
0.95699
0.896913
0.948751
1.16961
1.07532
1.09613
0.98036
0.875738
0.853871
0.997349
0.982685
0.945226
0.939758
1.10125
0.986844
0.994691
1.03545
0.913874
0.990454
1.05115
0.987443
1.02559
0.97971
1.05336
0.981865
1.03644
0.957606
0.97355
1.0294
0.930856
1.12378
1.02106
0.965128
0.783956
1.07683
0.87152
0.99434
0.871169
0.815647
1.11763
0.847144
1.1447
0.932995
1.22941
1.06768
0.997594
1.04665
1.10126
0.867896
1.05171
0.772998
1.15655
0.936673
0.987453
0.945599
1.08477
0.992755
0.9766
1.10977
0.936127
0.943032
1.01521
0.974007
0.869593
1.10382
0.984031
0.949178
1.10336
0.953547
1.04048
1.04994
1.11957
0.942591
0.922454
1.0252
0.85607
1.0388
1.00119
0.89588
1.08156
1.03548
0.94274
1.08892
0.780896
1.08963
1.01618
1.25817
1.08497
1.12839
0.996391
1.17334
0.938761
1.12002
1.04552
0.982234
1.04784
1.00192
1.14387
1.05717
1.08651
1.00904
0.975935
1.00411
1.0772
1.03104
1.12604
1.08079
1.09716
0.937348
0.873287
1.0562
1.03215
1.12233
0.878895
1.01025
1.13659
0.992809
0.88853
0.929926
0.975693
1.06109
0.97408
1.24771
0.987052
1.0596
0.990935
1.10803
1.21071
0.839237
1.23151
0.966708
1.06482
0.995345
0.873454
0.97647
0.960107
0.789371
1.21538
0.938823
1.12199
0.879053
0.96607
0.971396
0.927813
1.00558
1.01555
1.07195
1.02318
1.01258
1.0329
1.00347
0.851133
1.0536
0.968789
1.10176
1.0782
1.02314
0.987294
1.1435
0.786776
0.961016
0.847437
1.01975
0.961797
0.974286
0.913948
0.819639
0.778843
1.05759
1.06476
1.04678
0.976179
0.988891
1.00122
0.884272
0.869704
1.04705
1.00183
1.13212
1.00544
1.00546
0.968171
0.944375
1.18028
1.04178
1.02434
1.03695
0.967596
0.971935
1.13965
0.946253
1.07994
1.02833
0.97527
0.90298
1.05201
1.18359
1.00075
1.18072
1.07271
0.980703
0.962728
0.959926
0.940204
1.38312
0.921336
0.944171
0.965952
0.981917
1.04656
0.898049
0.977787
1.08428
1.02752
0.814171
0.951189
1.20538
0.987419
0.98777
1.11094
1.08862
1.17089
1.02461
0.983555
0.9384
1.21475
0.941572
0.867683
1.01013
0.926181
1.07292
1.09866
0.900516
0.942975
1.08618
0.875298
0.977654
0.996357
0.884021
0.905717
1.14011
1.08869
0.968989
1.04898
1.11164
0.89264
0.962283
0.978784
0.904965
0.925906
0.920615
1.11117
0.872778
1.11745
1.05583
1.02951
1.05781
0.983447
1.03765
1.00694
0.990421
1.0538
0.948995
0.851053
1.01585
1.05842
0.901374
0.936258
1.02944
1.05376
0.890459
0.998336
1.01644
1.02052
1.08263
0.923101
1.01662
0.885838
1.04758
1.10418
0.895456
1.06088
0.904483
0.990818
1.0484
1.08069
0.9967
1.0312
0.959221
1.02008
1.04741
0.979544
0.842456
1.0423
0.913924
0.946299
0.991998
1.0209
0.954031
1.25936
1.13635
1.01229
0.925172
0.922038
0.838079
1.0683
0.909928
1.13567
1.15417
1.08224
1.17377
0.9448
0.897516
1.07658
0.941385
0.850873
0.91084
0.93725
1.13134
1.0512
0.972624
1.04518
0.970961
0.961717
1.03728
1.08293
1.04429
0.863404
0.883143
0.918312
1.19031
1.01341
0.935692
0.955391
1.0775
0.945369
0.94494
1.03248
0.949333
0.961924
0.924309
0.957377
0.965204
0.786964
1.00166
0.856481
0.993938
1.01067
0.973148
0.847937
0.879262
1.09293
0.873456
1.03388
1.1385
1.09265
0.934255
1.25423
0.916484
1.22361
1.01333
0.814919
1.00327
0.867946
0.975938
1.00741
0.878654
0.866328
1.01361
1.13261
1.10285
1.0805
0.900617
0.956902
0.86334
1.0815
0.872644
1.00092
0.987457
0.938576
0.982128
0.882717
1.11868
0.82285
1.10134
0.86546
0.855833
0.876182
1.06512
0.784789
1.17766
0.828821
0.993187
1.17429
1.06162
1.05407
1.07369
1.01951
0.915271
1.02008
0.954521
1.07168
0.997331
1.00845
1.16675
0.996118
0.995259
0.976975
1.05052
1.08578
0.843384
1.04601
0.777669
0.966917
0.933198
1.00937
1.02878
0.897489
1.03884
0.86487
0.895516
0.965375
1.13652
0.956737
1.02111
0.83621
1.16824
0.911265
0.933
1.02357
0.842807
0.909581
0.853029
0.89543
1.01929
1.01576
1.15533
1.03565
0.925509
1.07355
0.745549
0.912755
1.01941
0.970525
0.952723
1.13819
1.18475
1.12029
1.04231
1.13771
1.16228
0.96226
1.07308
0.904325
0.994687
1.06195
0.876681
0.859682
0.951951
1.01137
1.11274
0.992799
1.06509
0.964987
1.10491
1.10574
0.881712
1.0266
1.01125
0.980724
1.07315
1.03199
0.878176
1.08694
1.10727
0.88987
0.978621
0.801695
1.07399
1.02801
0.985729
0.945342
0.934358
1.03011
0.999341
0.985019
1.11311
0.915599
1.1066
0.998626
1.16296
0.994311
0.812905
1.08638
0.981256
1.03095
1.06429
0.98351
1.05573
1.09183
1.1335
1.05879
0.996896
1.02804
1.10393
1.02081
0.918343
1.02776
1.01521
1.12765
0.974465
1.1177
1.18906
1.03633
1.09586
1.11794
1.00866
0.941458
0.802278
1.05733
0.921495
0.927045
0.957611
1.05841
1.00603
1.15411
1.01237
1.07248
1.03338
1.1183
1.01686
0.89251
1.01555
0.940558
0.92012
0.924095
0.959573
1.10197
1.04229
0.845947
0.91774
1.10108
1.08589
1.1275
0.976166
0.83365
0.999975
0.938347
0.951058
0.953424
0.999085
0.758844
1.09495
0.943176
1.09088
0.884485
0.973808
0.961849
0.923964
0.882554
0.947388
1.09592
0.825162
0.994029
0.87241
1.03364
0.750768
0.974882
1.05936
0.850154
1.01007
0.932787
1.04544
1.05615
1.1433
0.961444
0.940222
1.15953
1.09012
1.08033
0.909403
0.997609
0.900929
1.16864
0.966316
1.03888
1.00397
1.00951
1.00976
0.859892
1.10324
1.0091
1.01089
1.0785
1.05154
1.08177
1.01499
0.82679
1.1576
0.964377
1.05295
1.07037
1.00936
0.820011
0.913547
1.0995
0.872492
1.05454
1.09642
1.00413
1.03686
1.01312
0.939456
1.04969
1.03976
0.968759
0.986328
1.14197
1.05536
0.957655
1.1034
1.01272
1.02154
1.00759
0.876027
1.02092
0.841867
0.974925
0.900986
1.06907
1.15473
0.831094
0.929016
1.01897
0.871773
1.08824
1.05532
1.08692
1.15743
1.03084
0.93144
1.05353
0.971766
1.10652
1.10886
0.990334
0.94564
0.954319
1.00019
1.07094
1.18085
0.903243
1.10839
1.09932
1.15776
0.976377
0.810478
1.0193
0.840395
1.07959
0.769178
0.881112
0.965394
0.883612
0.972056
1.05179
1.06529
0.987731
1.14459
1.18421
1.1799
1.05643
1.00186
1.06851
0.911834
1.0163
1.18228
1.03601
1.0019
1.01824
0.961593
1.16174
1.04398
0.918424
1.1264
0.977059
0.951042
1.08038
0.976583
1.05723
1.11499
1.01175
0.969481
0.770666
0.836076
1.01663
0.933761
1.0059
1.14468
1.09427
1.02346
1.18567
1.06022
1.14725
1.07307
1.09279
1.22289
1.01459
0.969093
1.01131
1.12845
0.963605
0.994916
1.10869
0.989073
0.996406
1.09179
1.04075
0.960444
1.08768
1.06963
0.933123
0.927293
1.04432
1.0792
1.05425
0.899205
1.10567
1.02959
1.04412
1.06927
1.06729
1.0201
0.973119
1.08761
1.03912
0.97864
1.04129
1.0427
1.02459
0.852806
1.12929
0.892712
0.960346
1.05689
1.02607
1.04237
0.959772
1.05604
0.982986
1.09621
1.00389
0.857824
0.918839
0.818837
0.904369
1.04641
0.906239
0.91488
0.946197
1.22873
1.02891
0.834507
1.02118
0.887894
0.872496
1.05402
0.825737
1.02707
0.941954
0.86505
0.813542
1.07201
