0.511245
0.953047
0.877611
2.45733
0.717627
0.197534
4.21192
1.58021
0.238612
0.976224
2.22099
1.0693
0.253163
0.108935
2.45463
0.150076
0.10621
0.371564
0.41493
1.12862
0.334893
0.240267
0.728328
1.19699
0.119647
0.424483
3.53971
1.74811
1.2017
2.56547
2.30398
0.119733
0.103017
0.877659
0.266422
1.94234
1.08674
0.0431253
2.32536
0.0345275
0.021295
0.569632
0.670748
2.20756
0.848462
1.08184
2.62759
1.28839
2.57492
0.699584
0.531608
0.528337
0.207216
1.63533
0.19131
1.17288
0.763553
0.721563
0.35892
1.52337
2.8176
1.99773
0.300427
0.41017
0.741712
0.685227
0.3205
0.341601
0.497907
1.58718
0.285435
1.02201
0.537999
0.286628
0.460783
1.20733
1.82551
0.103123
0.0784613
1.92613
0.151038
0.08525
0.787305
0.441232
0.0674298
0.828535
0.460238
0.261842
0.26711
1.72011
0.857951
1.50676
0.284917
1.59845
1.11012
1.45172
1.19865
0.103206
1.88635
1.62773
0.00655985
0.731361
0.0573485
3.68936
0.679864
2.36265
0.0547881
0.279485
0.923637
0.978604
0.164199
1.1499
1.17315
0.562265
1.51034
0.0670137
0.341475
0.0364217
0.80304
1.86442
0.31359
0.167767
0.00207143
0.0958069
1.63215
0.379103
1.00643
0.484838
0.823284
0.272606
0.644169
0.267867
0.0191906
0.0572258
1.47541
0.0613636
0.423439
0.186282
0.0147935
0.281426
1.30231
0.0427269
2.85381
0.433969
0.892821
1.16713
1.16618
4.17519
0.900325
0.211154
1.36582
0.473008
1.87191
4.30985
2.27789
0.256545
0.266419
0.298522
1.61793
1.70244
0.330479
0.19651
0.446573
3.73215
0.621397
0.395004
0.841142
2.16855
0.467095
0.0492247
4.9635
0.38174
1.12818
0.0596318
0.776735
0.357175
0.277525
0.0691919
1.17211
1.51173
0.491667
1.30095
1.908
0.350517
1.01737
1.15906
0.00213797
0.261118
2.4569
0.0272794
0.333543
1.04454
0.850575
2.33478
1.24127
0.340987
0.22757
1.02193
1.08261
1.30564
0.916531
0.104895
0.36597
0.314006
1.71644
0.907408
1.0611
0.86684
1.37912
0.168186
0.444448
1.0172
0.0755397
0.500617
3.59276
0.0110263
0.101843
1.78193
1.56346
0.00251306
0.343502
2.27156
3.36871
1.29074
0.00429476
0.57284
0.0480697
0.961595
0.289929
0.00776342
0.951705
0.6184
4.06219
1.38525
0.179428
0.547239
1.40811
0.117881
2.56731
0.181433
0.251305
0.270112
1.33674
0.888407
0.425847
0.345933
1.25747
0.204088
1.43667
0.740421
1.53581
0.945004
0.207495
0.398486
1.71004
0.65038
0.37566
0.162872
0.719536
2.31295
0.078123
0.605213
1.06765
1.98378
1.28934
0.920654
3.86327
2.47168
0.948676
2.28374
0.261423
0.316622
0.10884
0.923562
1.05149
1.65244
0.742871
0.220075
0.713323
0.0442591
0.863997
1.18709
2.01081
0.921476
0.12819
0.330635
0.241761
0.262365
1.26471
0.084982
0.213332
2.15844
2.42726
0.401049
5.20793
2.71896
0.885818
1.38399
1.13749
0.0296787
0.464333
0.523741
0.0113492
1.07223
0.628764
1.98372
0.0178115
2.7951
1.86493
2.00964
2.49676
1.17449
0.228757
0.559363
0.88826
0.373903
0.941103
0.745585
0.26674
0.715798
0.260559
0.274707
0.540306
0.567814
0.0851093
0.986586
0.133323
0.236811
0.230327
0.0940033
0.0227897
0.668641
0.187664
0.815851
0.847545
2.96293
0.413229
0.295218
0.179257
0.506134
1.55058
0.430486
2.92592
0.54753
0.395662
0.307018
0.674968
0.200979
0.679073
3.08345
4.06136
0.455384
3.37107
2.58484
0.0889062
1.86042
0.356438
0.337271
0.156483
0.0766474
0.505051
1.00832
2.37084
1.49536
0.979145
0.04668
0.503191
2.82418
0.00584992
3.39546
0.144636
1.1667
0.481789
0.369562
0.449645
0.0317347
3.58367
0.724069
0.525152
0.0724433
0.269163
2.27221
2.32811
1.1128
0.620272
0.0332421
3.3958
0.173884
4.50461
0.721035
0.0692035
0.0643455
0.642742
1.75103
1.1495
0.601109
0.13856
1.08137
0.616278
2.51203
0.401753
0.571311
0.00565865
1.27032
0.737734
0.390985
0.00156097
0.140212
1.71707
0.862482
1.54793
0.824941
0.283845
0.564791
0.0877293
0.593569
4.24028
0.470095
0.0212316
0.649178
0.894756
0.0965798
0.139264
0.207056
0.824839
1.86218
0.634824
0.61336
0.201323
0.910672
0.793396
3.39625
0.0647634
1.11115
0.220018
0.114822
0.322736
0.231572
0.0882148
0.613736
0.72581
0.282463
5.29112
0.335999
0.209119
1.19322
0.865405
0.186136
1.86898
4.3577
1.23212
0.309662
2.13422
1.18015
0.119746
0.277118
2.34034
2.58088
0.621776
0.573528
1.17106
1.4594
0.816684
0.3265
0.162691
0.828912
1.5478
0.695857
0.226374
0.380574
0.747097
0.21429
3.99936
0.0231308
1.00521
0.251551
0.342332
0.229136
1.2505
0.0845479
1.232
0.583562
0.358098
1.12735
0.328127
0.209424
1.03827
0.125046
0.196857
1.09428
0.286913
0.0372076
0.331214
0.118277
1.72097
0.643128
0.0555003
0.21953
1.7214
2.1307
1.08279
2.03334
0.288613
0.306359
1.30897
0.56772
1.92624
0.0210468
1.07617
0.166829
0.510133
0.703049
2.37918
0.177603
0.219329
1.90792
0.177408
3.43377
0.742721
0.119145
1.66932
0.423869
0.127609
0.26399
0.976995
2.43884
0.52607
2.40669
0.0615033
0.176552
0.986156
2.13932
0.133653
0.288697
0.697342
1.09929
0.193755
0.409935
1.09454
0.367469
0.907691
1.34656
0.593849
0.171886
1.41823
1.32627
0.263908
0.280353
0.194961
0.27811
0.0196641
0.282635
0.337483
0.266236
0.479221
0.9982
1.30221
0.11548
0.596831
4.63926
0.890695
2.01415
0.135382
0.107337
0.679151
0.401408
0.171938
1.48939
3.01566
0.272285
0.286089
0.000731419
2.37179
0.6364
2.1239
0.619962
2.02473
0.245818
4.85265
2.60246
0.80477
0.456975
0.214557
0.850039
0.613436
2.31988
1.1005
1.56532
0.313712
0.930289
0.574831
0.658895
0.725691
1.90626
0.160859
0.532572
0.51524
1.48323
0.0424122
1.0471
0.239208
0.928439
0.316505
0.974494
0.236698
0.648711
0.278967
1.94609
0.601072
0.617715
0.135446
2.29343
0.534189
0.155515
0.233571
0.675284
2.01896
0.769489
0.295107
0.748346
2.24415
0.884149
0.792693
1.75843
0.640477
0.105422
1.34917
0.324396
0.783243
0.431365
0.266761
0.438916
3.21745
0.189995
0.218864
0.945964
0.300177
1.74877
2.51396
0.120682
1.02631
0.529451
1.07819
0.530507
0.096439
0.154001
1.02924
0.0612476
0.0495324
0.293419
0.470091
0.258743
0.764739
1.77224
2.94821
0.604082
0.185401
0.434923
0.657296
0.0579488
3.40545
0.294303
0.490833
0.318363
0.421285
0.307426
0.911495
1.00888
0.280511
1.78458
0.576869
1.0353
1.61392
0.560402
0.362108
0.312594
0.577333
0.00775774
1.61422
0.366698
1.87497
0.528271
0.736815
0.184397
1.27769
0.0165661
0.117004
0.0907516
1.20617
0.541328
1.58755
0.394673
0.515048
0.531167
0.0387211
0.524369
3.95014
0.103404
0.637835
2.32723
0.120137
0.464721
1.5783
1.71204
1.80792
0.916271
1.47537
0.154982
0.1483
1.48226
0.0273833
0.790511
1.30336
2.45518
1.46325
1.71348
2.25562
0.0458018
0.134824
0.0686359
1.98537
0.665669
0.303831
0.207739
0.838361
1.57183
2.46926
1.23153
0.307807
0.107186
0.792982
0.645407
2.10735
0.215847
1.39111
0.320536
0.712149
0.0479131
0.0919128
2.23736
0.0186259
0.190632
0.0169816
1.15958
0.0984259
0.777312
0.0850604
0.178987
1.27321
0.420709
0.0150696
1.06423
0.621333
0.580788
2.66176
0.867868
0.654811
1.28756
0.299882
0.465028
1.14175
0.254385
0.925374
0.876525
2.702
0.267699
0.178403
0.256478
1.39372
0.27729
2.34523
2.02685
0.456868
3.19954
0.140188
0.78589
0.890032
0.276867
0.991467
0.00519655
0.503154
0.201991
0.0405137
0.434359
1.00255
0.188005
0.996364
0.901365
1.48414
0.230522
0.138089
0.177995
0.122397
0.289302
1.50216
2.73389
0.447919
2.62604
0.330629
1.53965
3.68454
0.387704
1.65603
0.256531
0.272893
0.230434
1.2249
0.172562
0.546198
0.619989
0.100157
0.332993
3.46022
4.45532
0.0184017
0.231945
0.153968
2.18287
0.340621
1.52554
0.00440249
0.247479
1.2657
1.28295
0.187068
0.119229
2.1071
0.0290654
0.289597
0.728073
0.07061
0.311576
0.483609
0.50198
1.02635
0.280452
1.48399
0.989786
0.461701
0.106436
1.09449
0.59334
5.0452
0.48646
1.04309
1.05618
1.01049
0.138698
1.23949
0.558828
0.268278
0.6441
3.52903
0.0416811
1.09262
2.13707
0.648087
0.22119
1.20807
0.630754
0.00957339
0.464502
0.712767
0.705604
0.340035
1.96406
1.62903
1.00065
0.700193
2.2383
0.431082
1.55939
0.876355
0.821899
3.80447
0.613294
0.120534
1.87349
1.42027
0.228714
0.381561
0.861634
0.736582
0.0926953
0.0204106
0.810028
0.45556
3.64817
0.00443555
1.11311
0.411715
0.31759
1.10871
0.349319
2.64267
0.180204
0.541966
1.25243
0.850968
1.85422
1.10985
2.68009
1.5631
1.61647
2.71171
0.893906
0.168774
1.28333
1.78886
0.408165
1.36035
0.00314009
0.73053
0.470573
0.259683
0.582823
0.45371
0.837043
0.341329
0.15869
0.471497
1.50495
0.670618
0.210691
0.234927
1.82908
0.352406
0.0520231
0.266289
2.02686
0.534822
0.491867
0.764976
0.287295
0.062688
0.20289
0.330399
0.0725605
0.510414
1.53082
0.462137
0.338563
1.40351
2.2643
1.41226
0.562428
1.53231
0.0680307
0.497794
0.121005
0.335661
1.12616
0.197955
0.175885
1.50622
0.0113464
1.95426
0.96423
0.791938
0.554898
0.271365
0.610688
0.346887
0.160046
1.16936
0.280136
0.072987
1.45959
0.378294
0.87105
1.08784
2.87215
1.20485
0.888272
0.0741848
0.454983
1.1193
0.263694
0.314645
0.72981
3.85931
1.50912
2.30391
0.323144
0.330219
0.191276
0.067021
2.11811
0.535136
0.966141
2.16725
0.386653
0.341245
0.166179
4.42964
1.1515
0.466434
0.719423
0.869306
0.655499
0.169923
0.0779465
0.339924
0.723771
0.737174
0.168505
0.520551
0.382534
0.551277
0.623112
1.34212
1.18364
1.62337
0.00244369
1.16698
0.536972
0.147213
0.211877
1.4023
0.930033
0.80832
0.722161
0.111294
1.86945
2.47173
0.652148
0.515684
0.805463
1.51449
0.183185
0.72914
1.07575
1.1196
0.196176
0.387959
0.143983
0.838146
0.280169
0.236261
0.504479
4.27328
0.379411
0.742098
0.150244
1.0642
0.503427
0.746589
0.98387
0.111279
2.53443
0.117737
3.79082
0.158809
3.66345
2.2846
0.702914
0.981501
0.127815
2.11399
0.966341
0.472739
0.157646
0.333898
0.444779
1.58093
0.711672
1.74671
0.0737452
2.52265
1.46504
5.05878
0.346394
0.646611
1.59108
0.805765
0.453296
1.39865
0.0533325
2.53193
1.70244
1.429
1.26977
0.852747
0.0790452
0.831445
3.9969
0.182835
0.707151
0.248173
0.269004
0.711531
0.456267
0.236196
0.745839
0.0741939
1.11342
1.69774
4.55346
0.212442
0.785943
0.386378
0.937725
0.997811
0.0635938
0.615413
0.0461552
1.08234
0.167207
0.0545657
1.97062
0.39479
0.891209
0.228129
2.31524
0.066565
0.880554
5.88423
0.152602
0.413792
0.0823967
0.112667
1.48814
0.593081
0.234334
0.253224
1.80595
0.19197
0.0336989
1.28865
0.169555
0.599118
0.03266
0.663322
2.55501
1.13733
0.563708
0.306243
1.03733
2.31489
2.13291
0.82635
1.70613
0.607539
0.785668
0.474444
0.0556076
0.360398
0.112487
1.44234
5.37952
1.12886
1.50845
0.945051
1.52557
0.253993
1.64494
0.836379
0.460109
0.35935
0.774148
0.684682
0.641881
0.889172
0.88085
0.533724
0.619679
1.15879
0.12275
0.343793
2.77146
1.95506
1.72214
1.05479
0.419214
0.893575
0.909865
0.472263
0.429078
0.125243
0.631769
0.979376
0.404896
0.897032
1.64156
0.343523
1.27548
0.059747
0.473831
2.4007
0.68201
2.19425
0.294491
0.54336
1.04509
1.94983
0.151713
1.22203
2.14851
0.703692
0.138703
0.400741
0.398949
3.27277
0.617862
0.459337
0.873522
2.29038
0.347427
1.42586
1.92277
1.43271
0.0431353
0.0994053
0.702946
3.19298
0.382251
0.280582
1.48606
0.182651
0.00647915
1.40198
3.54009
0.526966
0.758192
0.518049
2.79084
0.0906891
1.78078
2.0361
0.0618605
0.935767
0.103877
2.04276
0.941203
1.59967
1.6795
1.37732
1.32372
1.35083
0.123497
2.00351
1.87279
0.248205
0.0542194
1.40988
1.32887
0.551315
1.3341
0.560143
0.179141
0.0860825
3.28382
1.37663
0.29915
1.17706
0.376821
0.349039
0.632858
5.77119
0.359053
1.01648
0.50216
0.501964
0.850797
0.531455
0.305657
0.546841
1.312
0.135738
0.429858
4.37166
1.61719
0.128345
0.134389
0.74797
2.21808
0.841716
0.569131
1.2734
0.0697307
3.42589
0.623447
3.25271
0.00842764
5.29817
1.77861
0.25673
0.610542
0.198651
0.780197
0.718755
0.0179703
0.32735
0.142536
0.712826
0.413927
1.52048
1.50999
1.10336
0.241739
0.609443
1.05668
0.398378
1.05127
0.440145
0.394263
0.0782591
0.557708
0.206985
0.712422
3.91319
0.232072
0.626253
2.38901
2.28345
1.25152
0.463122
0.671953
0.656974
0.0365973
1.23744
2.99479
0.0772526
0.871333
2.39011
1.12077
0.164506
1.31896
0.580342
3.3612
0.634506
1.3135
0.948409
1.88962
0.887831
1.84067
0.125105
0.257564
2.676
0.390222
0.310138
1.14325
0.0480838
0.299088
0.387027
1.22745
0.271334
1.46307
1.78102
1.11675
0.241924
1.07884
0.517844
0.342333
3.01302
0.0432777
1.62001
2.16383
0.489008
3.02365
1.61482
0.303166
0.178179
0.73639
1.24171
0.580096
0.0371229
1.35453
3.83574
0.071899
0.156224
0.42057
1.52267
1.56891
1.55178
1.84589
0.0388835
0.442021
2.18795
0.347268
1.30692
1.48007
1.54106
1.53388
3.42707
0.319167
0.803043
0.235075
1.23682
0.532541
0.618606
0.457369
0.772059
0.0523171
1.63421
2.45803
0.541616
0.766482
1.20474
0.252053
1.91101
1.9987
0.0653122
1.10827
0.408979
0.127497
0.522752
0.525871
0.775389
3.13423
0.999375
0.167846
0.131629
0.586353
0.63189
0.0227854
0.918012
0.0406974
1.35181
3.35452
0.181558
5.53946
0.121251
1.82046
2.29943
3.61606
0.659539
1.02481
0.306489
0.178968
1.13371
3.47597
0.36359
1.23272
1.03344
0.239896
0.640338
1.17829
1.41159
0.805206
0.650497
0.722228
0.581237
0.321224
0.0971568
2.50337
1.44165
0.615192
0.376171
0.635348
0.159904
0.858751
1.62971
1.50555
2.20138
0.0222326
0.0224348
0.269353
0.992686
0.156572
3.0942
0.886433
0.601061
1.57623
2.02614
0.0991101
1.45732
2.59749
4.90799
0.909222
1.04747
0.391056
0.800642
0.308689
1.54165
2.92675
0.049824
0.380934
1.24235
3.30924
0.270849
0.688972
0.652968
0.00805591
1.09982
0.966508
0.59471
1.16535
0.275626
2.6511
0.405272
2.25476
1.15589
0.954142
0.220964
2.94982
0.432715
0.254055
0.790202
0.119292
0.302086
0.350947
0.190379
0.772785
1.66154
4.04312
3.03042
0.155447
0.0489571
3.26257
0.228337
0.691
2.76742
0.548208
1.80321
0.268113
0.737397
0.52899
2.14144
0.0306263
0.516484
0.409695
1.05602
1.20138
0.600757
2.40873
0.1087
0.574339
0.16666
0.389535
1.03015
1.37137
0.738916
2.7478
0.00254412
0.0994355
3.7539
0.338436
0.427144
1.80937
0.109706
1.16903
0.354777
0.57778
1.29072
0.248241
0.0174272
0.810508
0.185971
0.484772
0.0265057
3.82215
0.200604
0.2819
2.60102
0.0157405
0.451787
0.369711
1.11496
0.401257
0.860469
2.95045
0.864599
1.50509
0.241384
1.08684
1.23545
0.333421
1.39365
3.33058
1.72183
0.355461
0.694478
0.177367
0.751759
2.09809
3.54636
1.96046
1.85751
2.31584
1.4323
0.556471
1.46255
0.716335
0.486547
0.309278
0.0918482
0.309079
3.14116
0.139471
0.0457396
0.0782049
0.149827
0.363649
0.0480742
0.598236
0.325993
2.7024
0.0806471
0.106584
0.140266
0.319421
3.5223
0.558775
0.109984
0.202376
0.244038
2.84569
0.541309
0.94445
0.619925
0.166505
0.112911
0.499036
0.455412
3.55024
0.318361
0.14685
3.82907
0.159399
0.704911
0.667562
0.365043
1.64834
2.16159
0.818411
0.255854
0.939682
0.637752
1.75254
0.535744
0.824371
1.25345
0.30359
0.608798
0.0517937
1.125
0.00485702
1.55048
0.112433
0.676343
0.44956
1.07672
0.601575
4.58807
0.538574
1.40767
0.466609
2.00149
0.0411865
1.06917
2.91172
0.410031
0.918952
1.60217
1.09858
1.20203
0.158106
0.0950498
0.0179931
1.14472
0.44596
2.0034
0.0093169
0.0220116
0.0796222
0.376805
0.272096
0.201665
1.03542
0.0853092
0.698931
0.952533
2.61482
0.194848
0.714265
0.652911
0.252911
2.01058
1.26664
0.297524
2.48418
1.2519
1.87767
0.14804
0.120976
0.573789
0.112093
0.969608
0.0919851
1.29802
1.1014
0.27141
1.59298
1.27772
0.565585
1.62301
0.324468
0.312391
0.968228
0.121358
0.219991
1.09244
0.267701
0.729052
0.447149
0.0227915
2.61487
0.278106
0.588352
2.69685
0.3689
2.6979
1.48428
0.880359
0.289375
0.32153
0.511122
0.0171506
0.231723
0.164952
0.358875
1.02713
0.0960095
0.252094
3.28611
1.33734
1.48082
0.431615
0.160213
0.0443685
1.18738
1.56532
0.157326
0.153244
1.16855
0.808929
0.316974
1.52111
0.687285
1.94747
2.63409
1.64344
0.0582613
0.0757291
8.29196
1.98338
0.087335
0.108149
2.11644
0.760034
4.59681
0.853726
2.45703
0.0811866
1.12876
1.5471
0.812449
0.582315
0.276958
1.68431
0.0114617
1.12837
0.154161
1.13412
1.12035
0.6384
1.88927
0.0123145
0.143959
2.67049
0.749033
0.132214
0.0527757
0.315223
1.60726
2.05893
1.13567
0.931294
0.114027
0.322203
0.39988
0.660607
1.30372
0.298638
0.856017
0.392149
3.72686
0.616081
0.620194
0.592995
0.99809
0.717058
0.774696
1.77194
0.149477
1.2013
3.95792
0.323027
0.92965
0.551169
0.916025
0.16314
0.157613
0.475414
0.0346622
0.427971
0.944612
1.89642
2.29887
1.07438
0.271889
0.0646936
0.220906
0.21299
0.301836
3.80966
1.45824
0.0308683
0.0220319
0.620543
0.0654929
1.4621
0.981781
0.27574
0.0680462
0.110386
1.0932
0.790883
0.896373
0.166816
0.0739311
2.13241
1.67006
1.01336
0.959121
1.63535
0.288479
0.966674
0.121456
0.175884
0.07273
3.13623
1.9116
1.07617
2.47704
0.118941
0.35872
0.251268
0.129055
0.728557
1.01522
0.0199159
0.807102
0.137482
0.120444
0.900373
2.30979
0.431994
1.72807
5.43483
1.11238
4.97758
2.23369
0.429555
1.25686
0.536026
1.05394
1.38138
0.782101
0.759201
1.57899
2.43113
0.260677
1.85358
0.1092
0.690089
0.234372
0.156333
1.41182
0.70908
1.29395
0.0960141
1.39033
1.12147
0.28883
0.323
0.700077
0.310681
1.0241
4.04521
0.156478
0.244121
0.407175
0.335215
0.826374
3.67813
0.465733
1.0499
1.27787
0.0274192
0.757514
1.24575
0.36868
0.634486
0.44697
0.479803
0.266043
0.833666
0.528816
2.95886
0.03317
1.17737
0.585057
0.440455
1.22274
0.909324
2.38234
0.350098
0.033996
0.473525
0.660024
0.340619
2.41082
0.0910445
3.25705
0.568401
1.31149
0.514571
0.31724
3.25707
0.463211
0.278643
2.65675
0.328973
1.6272
1.49891
1.21105
1.08996
2.16284
1.23368
1.49304
0.28973
0.434939
0.333849
0.246042
0.743721
0.853466
2.32196
0.0262671
2.52223
0.088245
1.4725
0.769876
1.37128
0.604361
0.701874
0.710577
0.07376
0.732722
0.0887306
1.03304
1.3263
0.752587
0.103649
1.94192
0.17548
0.253671
1.08412
0.064328
0.138544
0.533315
3.05274
1.55859
0.183143
0.0684081
1.42096
0.500746
1.31727
0.63588
3.11911
0.184172
1.85502
0.679417
0.411538
0.146796
0.404076
0.652559
1.19874
1.72189
0.459792
1.79747
0.909697
1.47922
0.567131
1.72964
1.21954
0.158558
0.504918
0.984509
0.167399
0.139279
2.06002
0.223195
1.66471
0.664653
0.700443
3.27892
2.0287
0.0225161
0.428951
1.98719
1.1812
0.31539
0.0358198
1.99334
0.390327
0.166979
1.81629
0.468221
0.785317
2.92457
0.429401
1.12933
2.95975
0.363759
2.42022
2.20006
2.26844
1.09322
0.614776
0.675536
1.58252
1.55116
3.1477
3.34608
0.909118
1.39888
0.0797251
0.874852
3.13557
0.194669
0.34537
2.16765
2.62121
3.09414
0.0504965
2.13189
1.02769
0.371762
0.194334
0.730568
2.06584
0.588265
0.22336
0.610473
2.22932
0.842135
1.29997
1.16544
0.786272
0.963191
0.830757
0.0362364
2.96629
0.553773
1.30287
0.0812025
1.34672
1.05687
0.0235331
0.765555
0.312077
0.309126
0.413911
1.05452
1.08964
1.8394
0.414214
0.977693
0.209922
0.675108
1.21574
0.918121
1.55241
1.21725
0.882495
0.365157
0.279786
2.14098
0.608989
1.68478
2.0158
2.03039
3.99444
0.747185
0.126249
0.286863
0.134255
2.06658
0.0979452
1.29643
0.120611
1.6183
0.306281
0.422017
0.577767
0.834173
0.530643
1.97272
0.843048
2.07433
0.166083
0.0558086
0.737688
2.63802
3.62681
0.288458
3.24961
0.491847
0.208997
2.0044
8.01212
1.66377
1.35627
0.280902
0.428793
0.895177
0.29706
0.914813
5.36245
3.22884
0.287858
0.376102
0.0656031
0.0590087
2.69039
0.55564
0.0261978
1.01171
0.689034
0.841244
2.6473
0.569585
0.396488
0.159403
1.59967
1.35163
0.00806877
0.0646999
2.12746
0.242691
0.905033
1.40152
2.32089
0.651992
0.0234053
1.9338
4.09033
0.762446
0.0811424
0.298322
0.515002
0.769482
1.92674
1.96185
1.87631
3.79709
0.107192
1.60009
0.402407
1.55306
0.47442
0.607606
0.584536
0.571191
0.552905
0.0169421
0.0771386
0.739834
1.13605
2.13936
0.37897
3.12887
0.401296
1.24578
1.07784
0.21691
1.87384
0.512363
0.217455
1.02563
0.46243
1.44328
2.88313
1.20697
2.44956
0.262154
0.00833796
0.806086
1.40092
0.400877
1.19145
0.19297
2.96782
0.300357
0.333616
1.05473
0.491905
0.388326
0.868029
0.377472
0.346268
0.750946
3.2727
1.39105
0.840909
0.157413
0.0370444
0.247116
2.95309
0.667113
0.917389
0.700404
0.370844
1.29002
0.062817
1.44637
0.118531
0.0265336
3.71667
0.515782
0.407378
1.56106
2.15378
0.678843
1.98101
0.329892
0.0912416
1.68204
1.22219
0.591537
0.790067
0.0268802
4.45275
0.232895
0.815177
0.0246614
0.11225
0.0119135
0.46764
0.00888432
3.61784
2.7425
0.563968
0.385684
1.47946
0.138603
0.431709
0.833
0.129109
2.21202
0.46599
0.0880193
0.0712892
0.16758
0.498484
0.341515
1.8117
1.18186
0.303775
2.52632
1.26526
1.67435
0.724009
1.3931
0.0511662
1.77513
0.210701
1.58883
1.11874
0.144376
2.34075
0.761015
1.56765
0.104739
1.89784
0.241823
1.03565
1.08019
2.11925
1.50814
2.46837
1.7475
0.401044
0.523525
0.315621
2.54386
1.45798
0.329065
3.50412
1.93466
0.36101
0.794732
2.75843
0.212632
1.06619
0.0801066
0.246648
0.385168
0.948505
5.16066
0.28342
0.723825
0.0652178
0.871309
1.64635
0.189594
0.305156
0.795975
0.151193
0.00666286
0.687197
0.263101
0.084966
0.702109
1.61806
1.37846
1.07097
0.552407
2.44443
1.07984
0.0528081
0.981671
0.110057
0.186526
0.436014
0.0176847
0.0768187
0.504909
0.00571321
2.58936
0.810598
1.46691
0.449938
1.0388
1.62857
0.0845779
0.31888
0.701973
0.994635
0.264279
0.113655
0.192906
0.155991
0.239498
0.142745
0.871748
2.05594
0.443302
1.08217
0.154376
0.5236
0.535773
2.07853
1.11227
0.31566
0.620816
1.39905
1.20254
0.13541
0.253132
0.00485372
0.766102
0.0381931
1.63182
0.556979
1.73077
2.36756
0.518923
0.921018
2.41548
1.51209
0.0374032
0.423415
1.63781
0.187734
1.55643
1.72594
0.00832334
0.0752877
1.13941
1.35549
0.0165231
1.6739
1.00303
0.800225
1.53749
0.564602
0.967812
0.0271231
2.72104
1.32167
0.701462
0.228838
4.68572
1.13979
0.991043
0.0326223
0.609314
0.345609
1.15985
1.13903
4.37298
1.27034
2.38844
2.4595
0.653074
1.03666
0.120476
0.60061
0.41903
1.17957
1.07391
1.20636
1.40817
4.34972
1.72374
1.70854
0.216727
0.802157
1.10316
0.660331
0.0180666
1.16746
2.6316
0.357702
0.504392
0.0191731
2.66565
0.307883
0.486894
0.410403
0.141872
0.196729
0.549086
2.99344
0.327719
0.59953
0.0366671
1.09898
1.34965
0.20877
0.0645122
0.0968361
0.0539333
4.57894
0.168929
0.511541
0.241665
0.447424
2.09362
0.281613
1.49145
0.177742
0.173972
3.72995
0.277614
0.00922998
0.565964
1.69664
2.02745
0.022552
0.210846
0.199143
0.405954
2.02235
0.369245
1.50087
0.481554
0.648201
2.13994
1.13736
2.78693
0.471016
2.12171
0.0149959
1.38323
0.0278139
0.525285
0.586527
0.092816
0.118965
2.02489
0.0922985
0.830207
0.160932
1.57732
0.0811278
0.829783
0.475081
1.10545
0.47043
0.486179
0.388586
0.699069
0.0445889
0.86676
2.62032
0.608575
0.978196
0.820966
1.25511
0.366998
1.53013
0.000200817
1.86284
0.0535074
2.29542
0.078019
0.712757
0.538658
1.35874
0.0763711
0.857467
0.865442
2.64521
0.55689
2.11947
2.21378
0.343327
1.17433
0.10621
2.10296
1.88807
0.732259
0.957122
0.389193
0.768482
0.185772
0.301707
1.21537
0.421573
0.868966
0.509187
1.57461
0.0501166
0.816201
0.259515
1.18006
0.21392
0.115216
1.2826
0.10799
0.63765
0.62695
0.143178
0.112829
0.22745
1.80717
0.623814
0.31856
0.0360174
0.539342
1.75732
0.422584
0.810114
1.2658
0.108434
0.39291
3.59794
1.29105
1.63999
0.265229
0.761005
2.96555
0.886854
0.397623
1.75292
2.24443
0.319444
0.0908612
1.08645
5.15498
1.9323
1.28739
1.08489
0.778084
0.444267
0.788766
0.282004
1.06599
4.56348
2.57215
0.188138
1.84299
0.651549
0.2
0.342831
0.162197
0.0404333
0.195495
1.14772
0.699308
1.90146
2.12776
1.84095
0.244843
0.650072
1.27302
0.064424
0.29352
0.164792
0.00200906
1.23869
0.2907
0.372863
0.205763
0.73398
2.00267
0.399863
0.359052
0.919971
0.609934
1.82006
0.359595
0.368973
1.15505
0.81503
1.01861
1.01755
0.0163767
0.057022
1.90086
0.392836
1.23195
0.4179
0.599031
0.339673
0.3596
1.25303
2.37767
0.936053
0.174967
1.49261
0.00103853
1.14627
0.0984227
0.0228579
0.434129
1.32895
0.939799
2.82566
0.517752
0.415581
1.75578
5.7548
1.06239
0.126705
0.912303
0.618099
0.545127
0.33785
2.00583
0.621661
2.65429
0.221623
1.6365
0.221943
0.0257156
0.84693
1.57307
1.21998
0.31745
0.76382
1.28114
0.111645
1.40479
0.202398
1.31598
1.43218
0.443741
1.58458
1.96954
0.243454
1.7048
0.457509
1.15917
0.465144
0.395906
1.05176
0.650321
1.58395
4.82377
0.40927
2.34167
0.847323
2.64122
0.815096
1.78141
0.991093
0.329049
0.481566
0.307912
2.67935
3.05309
0.586911
3.0004
0.633349
0.43627
0.492473
1.18541
0.601023
2.58603
0.351117
2.72456
0.971217
1.41628
1.33659
0.904917
0.105386
0.0817488
1.01959
1.50175
1.15133
2.27646
0.952037
0.36953
7.02077
0.921963
2.52209
1.23625
0.570474
1.58785
1.26168
0.90319
0.305872
0.170566
1.53323
0.0706462
2.02495
0.971999
0.442891
0.147083
0.661807
1.10286
0.298154
1.16589
0.472581
5.57314
3.38711
0.0746458
1.97358
0.498947
1.71931
1.70629
0.0891259
0.0711627
4.48232
0.780662
4.24176
0.298193
0.483174
0.819235
0.402122
0.459252
0.209266
0.313069
0.314718
0.639617
0.172166
1.74753
0.346513
0.558494
0.422194
0.167331
0.0261338
0.535935
0.569198
1.79203
1.46338
0.201555
0.420903
2.31151
0.21177
1.56621
0.280055
0.112483
0.107124
0.150593
1.13689
1.0785
1.21942
0.0711151
2.75325
0.0110001
0.294705
0.393057
0.418354
1.19909
0.758851
0.200926
1.01749
1.66516
0.0363232
7.02301
0.117803
0.0983861
0.407493
0.720001
0.983162
0.283667
0.622202
0.162771
0.281332
0.593987
1.57805
0.156316
0.87681
1.02219
0.345908
1.42113
0.842426
0.990714
0.858349
0.487685
1.47392
0.728821
1.1396
1.80112
3.2759
0.759076
3.08833
0.852753
0.0826586
1.43525
0.00203974
0.264336
0.276074
2.02398
0.0739188
0.157482
5.16133
0.336223
1.70649
0.263239
0.590465
3.5548
1.9267
4.35455
0.60124
0.256254
4.37139
2.29621
0.733717
1.00817
0.865795
0.0530305
0.904398
1.09954
2.60919
0.250376
0.496196
3.38383
0.0839232
0.294124
0.560277
2.12838
0.0239575
0.00734406
0.599884
0.309441
0.944732
1.02618
0.465744
0.101803
0.21867
0.842488
0.565077
2.74034
0.433004
1.75532
1.24033
1.55894
0.912305
0.193164
1.14251
0.510104
0.83135
1.24034
2.9085
0.683069
0.645724
0.322421
1.81736
0.0618188
0.51454
0.622744
0.0431535
0.157276
0.187472
0.691861
2.33142
0.311821
0.443165
1.55934
0.862627
2.69392
0.322751
0.563038
1.24583
0.388459
0.46047
0.617738
1.5409
1.1668
2.69434
0.165366
1.63344
0.670442
0.835573
0.132083
0.691335
1.59533
0.331874
0.838573
1.1721
0.0476757
1.12051
0.481208
4.99141
0.971548
0.0676163
0.675976
0.727
0.438189
0.0568192
0.163196
1.29547
0.616796
0.454019
0.728545
0.14375
2.86653
0.526956
0.334536
3.81317
0.0255578
0.700529
1.0749
0.815729
0.986186
0.122975
0.652746
0.48954
0.583469
0.0904477
1.42836
1.77689
1.03753
0.254059
0.594939
0.490174
1.49395
0.213364
1.15993
0.333312
1.73374
0.104549
0.460603
0.780976
0.080693
1.25026
0.329663
0.212449
1.40388
1.22606
0.931947
1.49462
3.18509
1.87323
0.105325
1.7913
0.0111938
0.803962
1.22745
0.705937
1.1492
1.29413
2.53517
2.91349
0.471996
0.314138
1.10825
1.12334
1.5486
0.238933
0.0210489
0.861276
0.102546
1.90822
0.667604
1.11619
0.251345
1.74838
0.264807
0.417083
0.182003
0.769075
3.22016
0.183963
0.0176703
1.75489
1.47363
0.0665086
0.969106
0.41237
1.55515
1.78551
0.637749
0.59617
1.79256
1.82625
2.03194
0.255034
2.72695
3.25824
1.98751
0.32369
3.71518
0.631487
0.0415513
3.02948
0.295173
7.38223
1.16046
1.48282
0.298444
0.375179
0.443032
0.759574
0.539365
3.14367
0.532071
3.15244
0.183469
0.76735
0.757342
0.457981
0.0758167
1.31414
1.46345
0.258327
0.374747
1.36557
0.196673
0.0187385
0.392332
0.390328
0.789539
0.408305
2.20767
0.0344686
0.313419
0.990889
0.593613
3.03298
2.64939
0.703144
2.63241
0.550143
0.886781
5.13889
2.28003
0.0719423
0.429454
1.22342
0.357079
1.19315
0.25745
0.332363
0.880835
0.31919
1.95306
0.0711054
0.722006
1.02091
0.101638
0.514421
0.558389
0.124161
0.0315501
0.604011
0.319364
1.11799
0.622352
0.0152385
0.187065
1.70733
0.490387
0.178943
1.6733
2.18098
0.710888
0.228474
0.665633
2.04592
0.414466
1.66822
0.00561345
0.6414
2.44916
1.53547
0.420341
0.785424
1.07695
0.396141
0.286945
0.811068
0.623539
0.30812
1.05425
0.347491
0.64667
0.130007
0.125395
0.54054
1.14443
0.612788
0.19673
0.0628437
1.56246
0.504004
1.56688
0.140513
0.649598
1.33755
1.34841
0.646833
0.72331
0.904695
0.30018
0.871037
1.772
2.90487
1.09554
3.17246
0.0396397
0.0187807
0.351393
2.22282
0.659528
2.92811
0.762897
1.24247
0.378458
0.844791
0.236845
0.280888
1.11417
1.78961
0.204726
0.979261
0.635451
1.0911
0.460045
0.111413
2.04281
1.49064
0.00656475
0.0665821
2.80547
0.319644
0.670837
1.82247
0.823531
0.735463
0.670107
0.845612
0.131787
0.141335
1.24656
1.29942
0.0305691
0.792097
0.0577986
0.592509
0.843032
0.0827386
0.593727
0.49545
0.203603
1.93016
0.193112
0.290623
1.1284
0.823112
4.16423
0.907954
0.498352
0.536527
1.31141
0.209204
2.54525
0.31423
2.164
0.646401
0.431657
0.306075
1.12325
0.49552
0.948397
2.82708
0.160177
0.144266
3.46976
0.277778
3.1479
0.115744
0.17726
0.347323
0.155399
1.08285
0.333886
0.497397
1.2721
1.5949
2.17836
0.128213
0.395455
0.776749
0.499214
4.50115
1.4731
0.0953225
0.394796
0.748369
1.26028
0.604147
0.532749
0.268753
0.399025
1.18113
0.0953487
0.382436
0.171216
0.672836
0.619373
0.904912
0.0441574
0.163352
0.26078
0.761191
0.427372
1.37209
1.08812
1.50169
0.33428
0.76367
0.128523
0.140068
1.03379
0.404123
0.193825
0.460723
1.23991
0.0128631
2.19092
1.72029
1.02022
1.46468
0.283265
0.127537
0.114604
0.401982
0.416427
0.0465126
0.71807
1.55116
0.332452
2.02487
0.698401
0.19916
0.566742
0.113112
0.165937
0.757316
3.08502
0.12999
0.786811
0.640366
0.289238
0.5927
0.0619951
0.155629
0.377346
0.335796
0.187313
0.711588
0.743016
0.0754468
0.0128389
1.48051
2.91648
0.76115
0.766431
0.0501305
1.06119
0.138634
0.722057
3.07194
0.139983
0.407277
0.244745
0.324792
0.31695
0.983206
0.0107405
0.525465
0.0426486
0.986147
1.20135
1.11061
0.382798
0.362602
2.14009
0.263862
3.21995
1.0068
0.13043
1.42768
1.03807
1.07871
0.234096
0.652042
0.720456
0.413258
0.372615
1.58255
0.157801
0.117712
0.366358
0.167063
2.81641
0.901312
0.077549
0.358037
0.50629
0.376363
0.0437539
0.899983
0.469899
2.26712
1.51321
0.785327
1.83093
0.988283
2.4999
0.289549
0.17315
1.58811
0.221
2.15242
0.63693
1.31238
2.60873
2.12082
0.190434
3.19561
0.98614
0.0322979
0.0691203
0.477196
0.208288
0.117333
0.21788
2.13906
0.331157
0.23018
2.57069
0.386106
0.436574
0.566405
0.329171
0.286579
3.36496
0.200956
0.134775
0.428568
1.53483
0.842646
0.177009
2.81612
0.0071138
0.285689
0.412152
0.724798
0.700738
0.296584
1.1494
1.16599
0.649462
0.0543457
0.121164
0.662654
2.57022
0.534354
0.278924
0.485992
1.12982
0.433933
1.34743
0.0351984
0.420481
1.2683
0.321404
0.0326485
2.24868
1.07425
0.893668
1.25064
0.252728
0.859652
1.34237
0.423997
0.587786
1.53946
0.0158504
1.0202
0.262057
0.676714
1.0395
0.00433086
3.62398
0.344158
1.36975
0.595949
0.0599222
1.79182
0.924389
0.797716
0.0421673
1.71551
1.74287
0.504806
0.0190867
0.00329361
0.473053
2.69163
3.77455
0.421885
0.0662901
0.91539
0.530036
0.00015924
0.669593
1.23031
0.00608907
0.358692
0.0194198
0.57121
1.07956
0.482329
1.74375
2.12987
1.05621
1.00357
0.678143
0.0846013
0.260437
0.997508
0.331447
0.508586
0.532649
1.27779
0.814016
0.234711
0.368888
2.38615
0.54507
0.341366
1.23011
0.248464
0.110902
1.74128
0.320589
0.242861
0.165536
0.604298
0.105544
1.56402
2.52077
0.294584
2.56543
3.07436
0.602738
0.107709
1.57642
1.31831
0.314141
0.338751
0.651484
2.07866
0.0900718
1.8405
0.508353
0.716009
0.0283149
0.60281
0.466277
0.575968
0.455228
0.524165
3.81246
0.209288
0.376493
0.6188
1.601
0.821339
2.66
0.0543009
0.44613
1.37928
1.07192
1.53438
0.0390668
1.4646
0.789248
0.848441
1.30375
0.384775
1.17288
0.485285
0.83364
1.38378
2.70362
4.29497
0.665192
0.359838
0.439612
0.904563
2.49283
0.347291
0.952317
2.04872
0.491484
0.49168
1.03479
0.161423
0.420543
1.0347
1.5434
0.402882
3.12179
0.657252
1.93926
0.43502
0.256955
0.279019
0.24509
0.99219
0.168924
0.726996
0.475881
0.531743
0.326298
2.03702
0.180056
0.606866
0.440767
0.192867
5.60559
2.36794
0.705565
0.202752
0.383677
1.90707
0.824285
0.70044
1.26766
0.521316
3.10142
1.09762
1.45965
1.53259
2.39531
0.552068
0.142198
0.284219
0.251986
3.1656
4.48912
0.445023
0.597475
0.162397
0.328543
0.591621
1.3792
0.899134
1.96608
1.17952
0.220908
0.680914
0.0581716
1.46525
2.06508
0.14815
1.19428
0.552773
0.605772
0.0825289
0.144691
2.87076
1.13183
1.27715
0.375767
2.16411
0.51383
0.591918
0.529441
0.0258175
0.886913
3.46953
0.108163
2.36305
3.81242
0.0628368
3.72072
2.41195
1.4292
0.404127
0.15845
0.331153
0.0177637
0.241548
0.932179
4.89318
0.268091
1.70713
0.422594
2.13151
1.11094
1.78422
1.53346
3.68665
2.00982
0.123824
0.838488
0.516449
0.0974245
0.186953
0.26863
1.7518
0.0232113
0.131364
1.79986
1.53625
0.526172
0.544543
5.24455
2.18692
0.0703575
2.02354
0.721397
0.294611
3.04488
0.224797
4.76567
0.133309
0.926711
1.79956
0.790582
0.0408559
1.48635
3.32058
0.176517
0.760274
0.690688
1.14989
1.18236
1.2479
0.557732
0.328181
0.0854736
1.1551
1.13709
0.460283
1.64702
0.217576
0.0289076
0.0388339
0.134418
0.572134
1.21368
1.07701
0.134562
0.522086
0.877213
0.769689
0.157921
1.44794
0.105355
0.0536886
0.890922
0.819599
0.912502
0.641524
1.13537
1.49865
0.673891
0.0933999
0.202951
0.112373
3.02247
1.79595
1.11007
1.84905
0.6404
0.0715632
0.358562
0.406457
0.0503174
1.14008
1.31117
2.26993
0.342348
0.174255
0.142577
0.929967
0.288071
1.80525
2.35281
2.08448
0.304961
2.39432
0.0798445
0.288754
0.830403
0.634211
3.68576
0.370644
0.00331177
0.162759
0.191522
0.113101
0.973674
0.869208
0.326505
0.0631207
0.504889
0.375924
0.839972
1.22119
2.58457
0.47313
0.0571808
0.237318
0.443357
0.13605
4.16545
0.113524
0.442422
0.811992
0.379771
0.1006
0.455127
1.28916
0.270451
0.495708
4.33684
0.660032
0.263876
0.670611
1.43361
0.155419
1.41345
1.52129
0.131744
0.311434
0.0545355
2.72967
1.77954
0.262553
0.155006
0.571464
1.08409
1.33758
0.788202
0.261959
1.06107
2.75822
1.35482
2.02458
1.18222
0.375961
3.0606
0.0541156
1.29669
0.0156678
0.274055
0.034454
0.498249
1.51275
0.663687
1.33461
0.449633
0.12978
0.34281
0.054179
0.192558
3.10859
0.389914
0.226139
1.96994
0.360783
0.172768
0.879189
0.142865
0.303945
0.167514
0.0287474
0.603834
2.2397
0.495894
1.93099
1.34442
0.213021
0.25934
1.12452
0.0218849
1.64071
0.706449
0.39206
1.76006
1.11508
2.74869
1.94406
0.886941
0.249913
1.25412
0.011403
1.88317
0.400361
2.42329
0.0623836
0.870516
1.12313
1.05984
0.617416
0.4928
1.06238
1.07691
0.241418
2.07477
0.789456
0.166736
0.447383
4.06567
0.0590909
1.21976
0.704291
0.909247
2.83471
0.0244028
1.65806
0.192782
1.78989
0.308336
0.420919
1.27598
3.84578
1.98612
0.260197
2.0759
0.0153555
0.595872
0.644968
0.539735
0.632951
2.19916
2.6369
3.53235
0.143872
3.6085
0.283044
0.210882
5.74709
1.61551
0.377464
0.261816
2.03961
0.524249
0.0122448
1.52427
0.509118
1.06706
1.39339
0.621968
0.934666
2.90139
1.18935
1.91568
1.02706
1.48151
0.0737408
3.29744
2.16741
1.15653
0.684435
0.563339
0.102556
1.07919
1.29232
0.251495
1.38293
0.606511
1.35692
0.151327
0.244341
3.41013
0.903911
2.51778
5.54656
0.151028
2.3245
0.224594
0.924009
0.608478
0.582149
0.197512
0.392285
0.800741
1.3039
0.22265
0.658931
0.000591761
0.0082328
0.115014
0.474646
1.62346
0.83239
1.0113
0.853406
0.934585
1.48147
0.925547
1.16792
0.254712
1.57863
0.28102
0.44075
0.612705
0.42091
0.564175
0.737398
1.56696
0.568755
0.0900827
1.33004
3.889
0.710205
0.875811
0.945397
0.0784151
2.18265
0.532839
0.114779
2.70306
2.65453
2.37257
1.63382
1.2998
1.79829
0.373993
1.75398
0.754445
0.669537
0.00263714
0.906688
0.645981
0.324035
0.122863
0.0608
0.840835
0.322399
0.516308
0.829878
1.05636
1.30513
0.890672
0.0502338
0.910928
0.269565
0.0201964
1.22017
0.273668
0.817321
2.23705
1.49658
0.104741
0.608006
2.00371
1.09852
0.584697
0.643981
0.375068
0.0113444
1.19695
0.103191
0.0488865
2.11402
1.5393
0.181933
1.4645
1.48121
0.49714
5.08499
0.0428266
0.877849
1.29888
0.089354
0.101832
0.19757
1.65451
2.06414
0.261071
1.44113
1.63727
0.482588
0.106587
1.21587
0.663343
0.286737
1.26107
3.32582
0.359019
4.55032
0.481733
1.72445
0.181065
3.01055
0.545625
0.025768
0.560522
1.88169
2.78408
0.0652613
0.141829
0.357348
0.57014
1.20731
0.0469157
0.342906
0.772755
0.612286
0.799171
2.89663
1.08814
0.199178
2.2075
0.839824
2.04881
0.482097
1.8464
0.400607
1.31478
0.714684
0.414128
0.747625
0.627286
1.63369
0.0865298
1.76113
0.184244
2.43989
1.17837
0.56035
0.489637
2.60978
0.543357
0.713173
1.98309
0.00111945
3.74671
2.67568
1.21152
0.25426
0.718438
0.838493
1.57183
2.27682
0.322659
0.225047
1.28586
2.21692
0.00476368
0.486988
0.0303032
0.28152
0.878261
0.212714
0.023439
1.11299
0.00827301
0.299448
0.016389
0.131282
0.202118
0.0555968
0.249866
0.1063
0.963405
1.43157
0.119615
1.92067
0.771667
1.23611
0.792738
0.150239
0.598539
1.42927
0.55139
1.25268
1.2888
0.824293
0.195136
0.230715
0.221686
0.0877561
2.2491
0.787449
0.46891
0.446646
0.415262
0.940377
0.250082
1.77226
1.14066
0.292545
0.15631
0.241717
0.223377
0.477734
0.15641
0.400398
1.56942
0.249798
1.24488
1.39821
0.723751
0.685957
0.685816
1.41692
0.0111617
0.926338
0.340951
0.563876
0.0638338
0.724862
0.440322
0.489881
0.086781
0.769423
1.09212
4.62986
1.83838
0.907297
0.0357695
0.694931
0.19806
0.262338
1.46204
0.065315
0.0531154
2.58167
1.49164
2.8499
1.01336
3.62365
1.41509
2.62873
1.84484
0.764449
0.639486
0.386441
3.40589
0.0244172
0.984066
0.527493
1.774
0.75874
0.555899
1.98748
0.151819
0.528606
0.420053
2.72473
0.515752
1.24227
0.115527
2.45523
0.161023
0.971388
0.702453
1.29073
1.52643
0.856885
3.21536
0.0892248
1.76801
0.221854
0.732136
0.164295
2.0596
1.39009
0.227148
0.0528935
3.71379
0.260582
0.370489
0.257784
2.05406
1.62307
1.17045
5.77826
1.24773
1.31663
0.781448
0.291669
1.09795
0.593927
1.43117
1.23503
0.162805
2.92423
0.474102
0.943369
4.85368
0.182622
0.147241
0.388381
0.36546
0.730384
1.36648
1.22099
0.464348
0.240895
1.7596
1.22163
0.365892
0.877869
0.152281
0.0552646
1.73475
0.0259075
0.0717387
0.704992
1.94278
1.40305
3.03185
0.746473
0.428471
0.0270743
0.327983
1.79714
4.38465
4.81187
0.350707
1.30701
0.203404
1.8153
0.0438318
0.918697
0.0762555
0.503568
0.502341
0.789006
1.81013
2.07986
0.120031
0.696513
0.133576
2.08486
0.62495
1.68512
2.1539
0.444287
0.585752
1.04979
0.438501
1.31226
0.139851
0.181341
0.81017
1.23065
0.271166
1.95944
0.017152
0.131499
0.455431
0.000389196
0.0825117
0.419488
0.0265428
0.847802
0.730817
0.601547
3.09471
0.96572
1.66102
2.12702
1.44936
0.577085
1.64306
0.980605
0.648969
0.696196
0.133245
1.32546
3.1818
0.787736
0.0282062
0.259246
1.71179
1.30936
0.099012
0.109108
1.62531
0.338816
0.617429
0.907326
0.228363
0.835079
2.63476
0.461087
0.445435
2.25302
1.28122
1.50337
1.38088
0.189747
0.214598
2.17553
1.35926
0.925042
0.285203
0.512134
0.783468
0.664992
1.62728
0.187369
0.418024
0.645416
0.0462287
0.577603
0.293162
0.265543
1.54807
0.672367
0.0551208
2.03533
1.26811
2.04749
0.287712
0.110518
1.73743
1.87334
0.802908
0.812814
1.47878
0.279873
0.289832
0.0693278
0.813065
0.458509
0.844604
0.668098
0.199629
0.141278
0.702603
1.77238
1.12819
0.0895226
0.239083
0.23113
0.273915
0.676678
0.648045
0.61641
1.52634
0.127402
0.338426
2.45476
1.14449
2.55593
0.080913
0.15288
0.0140327
0.297675
1.08549
0.196937
0.0766327
1.70041
0.513836
0.0927025
0.604866
2.71422
1.04279
0.35063
0.660273
0.542201
5.53919
0.920641
0.371419
0.934508
0.505453
0.350941
0.542286
1.45795
1.04972
0.325457
2.02138
0.768881
0.408441
0.921888
0.0443863
0.809083
1.23524
0.452654
0.239012
3.07984
0.942918
0.406909
1.09221
2.03951
2.44377
0.305099
1.32486
1.01889
0.833848
0.304223
0.678576
1.87458
1.40746
0.204145
0.50337
2.18946
0.270808
0.52534
1.13034
0.233817
0.457603
2.96066
1.5174
2.16038
2.08782
0.354188
0.950493
1.24833
2.61233
2.67403
2.45665
0.630366
0.675529
1.94747
0.744939
0.679749
0.886493
0.182502
1.92544
0.351526
0.540552
3.23586
0.383427
0.354664
2.75748
0.89659
0.060243
0.539116
2.3831
0.986099
1.23797
1.00417
3.41625
0.581099
0.744634
0.252924
1.36909
1.9892
0.992171
1.58832
0.878649
1.54974
1.22221
1.72711
2.16418
0.170693
2.23513
1.66411
0.991462
0.274942
0.21195
1.55775
0.117897
0.960472
0.167816
0.31061
0.550314
1.50904
0.190933
0.401767
1.29057
1.44553
0.13336
0.0501995
1.86676
1.36478
1.13954
1.82488
0.289823
3.41158
0.0713529
3.42256
2.56586
3.77791
0.860668
1.87683
0.189854
0.752873
0.85266
0.341622
3.04862
0.105404
0.437605
0.485645
1.14477
0.551264
0.89477
0.182105
0.150699
3.08829
1.13063
1.30641
0.617578
1.13206
1.40215
3.24387
1.45615
0.200166
1.25164
0.812042
0.663347
0.51271
3.31251
0.636624
2.11689
3.05561
0.271332
0.670241
1.87328
0.633353
0.293564
0.0548998
0.694553
1.90263
0.692329
0.0457047
0.926382
1.89372
2.64301
1.03978
0.454167
2.25092
2.10019
4.15947
1.0652
0.865898
3.4157
1.16849
0.196842
1.26512
0.352182
0.0541593
1.00117
0.495833
1.23846
2.81956
0.513524
2.22218
0.5532
0.13167
1.72433
4.21518
1.692
0.217913
0.806484
0.509031
1.02006
1.34653
0.111438
3.07849
0.671299
2.33932
0.0444667
0.294388
1.46945
0.0568882
2.64667
0.431396
4.15604
1.13411
0.738882
0.325285
0.948509
0.18704
0.342871
2.38898
0.483795
1.24886
1.42488
0.00543559
0.247153
2.04828
1.39338
2.40124
1.03589
0.095636
0.0430944
1.44464
3.14972
1.43326
0.650332
1.20227
2.62773
5.16775
0.10431
2.14079
0.4272
1.60781
0.350212
1.9147
0.208012
1.66617
0.790628
0.0564671
1.11476
0.259297
1.49054
4.13236
0.0505211
0.154069
1.95557
1.92711
0.437949
2.36171
0.413409
0.23706
2.95381
1.2324
1.97154
0.498481
0.126368
0.034493
0.496717
0.305861
0.794655
0.159229
1.37375
0.137333
2.46504
0.337612
0.640993
0.275857
0.570678
1.27445
0.964959
1.74702
0.979208
0.406983
0.57318
0.0204431
0.0789359
2.42109
0.802488
1.07685
0.763131
1.46674
1.03844
0.369866
0.0630804
2.56156
0.197608
0.632397
0.880513
0.557289
0.229096
0.432666
0.948875
0.0786968
1.63926
0.175279
0.510178
0.115057
0.222155
0.323968
0.462454
0.107965
0.040926
0.302776
0.0735987
1.19901
3.54676
0.109083
0.593629
0.417445
3.04542
0.951431
1.33948
1.15108
0.530796
0.485789
1.45073
1.76577
1.41096
0.25923
2.60867
0.0722816
0.32784
0.709308
1.06608
0.343012
0.0116184
0.324625
1.09396
1.18834
0.777889
1.01842
1.34234
0.0284756
0.437434
0.274467
0.472966
2.90822
1.32579
0.379745
0.0800414
1.2362
1.37121
0.219511
0.778803
1.99032
0.447635
1.18264
0.911757
0.0543831
0.287834
0.316059
0.140275
1.07973
0.345576
0.565619
1.5861
0.53041
0.397719
0.244311
1.73449
0.978758
0.232761
0.271161
1.19595
0.296712
1.08829
0.174954
4.12033
0.556109
0.0533318
0.0510212
0.123911
0.817178
0.701234
0.666306
0.546939
1.75898
0.727375
2.10465
0.179756
0.0672331
0.762821
2.05684
2.53978
1.51911
0.790669
0.337522
0.0482771
0.657945
0.302907
0.640322
0.793456
2.72985
2.00935
0.746945
0.138012
0.793723
2.7787
0.292376
1.28164
0.761014
0.76212
0.382404
0.318222
0.00865472
5.19299
0.633935
0.0771972
1.25202
0.724183
0.329658
0.600569
0.677447
0.00473783
0.351047
0.0666817
0.235558
0.336685
0.0125312
1.01048
0.327209
0.187106
0.930829
0.484641
0.57974
0.596003
1.68285
3.04542
3.63952
0.402603
2.25167
0.133635
0.00700039
0.48484
0.0695062
0.123965
0.0750486
0.685427
0.441886
1.2921
0.890023
2.47636
0.295806
0.150478
0.56231
2.29884
0.114368
1.15924
0.26476
0.0062801
1.02497
0.368697
0.986635
0.872301
0.809513
0.0670368
0.0399071
0.636513
0.865178
0.575835
0.264162
0.676154
2.49404
1.33971
0.296139
1.26859
0.676018
0.508087
3.34599
0.116953
2.26081
0.582887
1.44099
0.724142
0.659314
2.47641
1.4134
0.92985
0.667905
0.872119
3.12269
1.46236
0.932988
1.03651
1.24039
0.693629
3.02798
1.71844
0.0308849
0.413248
1.51067
0.72786
3.18648
2.05974
2.58337
0.569559
1.09363
2.05805
0.419939
0.443436
0.540298
0.0764749
1.13787
0.589821
0.106101
1.07533
0.324429
1.54088
0.586143
3.58666
0.77361
0.754558
0.966932
0.713372
0.0596425
0.469361
0.488266
1.27842
0.564374
1.18124
0.5504
1.09153
0.182219
0.102478
0.0400853
0.0500107
0.919716
1.29248
2.37131
1.25042
0.282025
0.0402639
4.61879
0.072513
0.622353
0.555298
0.40605
0.807274
2.34867
0.487808
2.03239
0.984693
0.931886
0.924834
2.40228
0.444983
0.188597
1.15008
0.683656
0.15774
2.92461
1.87841
0.288989
0.864156
0.912978
0.467399
2.56144
0.0267092
0.0288163
0.0780184
0.296742
3.16131
0.00779108
0.919419
0.484143
0.784254
0.64449
1.9117
0.469716
0.872504
2.2335
0.352571
0.139808
0.331436
0.878938
0.661983
0.313144
2.91697
0.626684
0.756494
0.193643
0.0942118
0.0814811
2.15202
2.14615
0.0430906
0.433037
0.150254
2.70933
0.811624
5.0071
0.236492
2.35739
0.649741
2.70793
0.99601
1.39719
0.0113001
1.30248
0.335245
0.991161
0.945507
0.422203
0.43976
0.441742
0.0558965
0.265294
1.48613
0.238532
1.25587
0.115364
3.21545
0.194864
0.913305
0.43145
0.165071
0.412342
0.172896
0.565179
0.108531
0.87512
0.588677
0.361969
0.572828
0.313668
0.964239
0.145909
0.60768
0.0174396
0.470002
0.406403
1.17054
0.364961
0.370457
0.285753
3.42777
0.0222322
1.47638
0.66489
0.366148
1.01366
0.273436
0.270272
0.529522
0.184869
1.42431
0.777574
0.0646872
0.904246
0.668585
2.20392
0.217392
2.15883
2.04579
0.10489
2.89092
0.363555
0.710226
1.89618
0.609328
0.194023
0.267126
1.68444
1.38603
1.32084
0.607654
1.58125
0.542993
0.294343
0.339266
1.45297
0.620727
0.147071
0.755427
0.303747
0.0345961
0.0581865
0.0121502
4.9309
0.508842
2.38909
0.439544
0.14051
2.17681
1.08698
1.17882
0.181355
0.13971
1.71626
0.463978
1.36397
0.477654
0.966962
0.22219
0.535441
0.195735
1.10369
0.29058
1.14776
0.211423
0.168386
1.5858
0.355149
0.651665
0.374806
0.43453
0.207322
9.81708
0.346428
0.623686
2.67353
0.994866
0.124516
0.187109
0.261885
0.685048
2.02896
1.44183
0.280845
2.32712
1.55262
1.831
0.267175
1.05082
0.581288
0.225393
0.535891
0.0284043
0.945925
1.0215
0.578589
0.313193
0.108139
0.147523
0.548669
1.44199
0.0906071
0.766118
2.50493
1.68577
0.210525
0.224474
1.47207
0.254711
3.22132
1.32053
0.277999
0.703852
2.21041
0.280801
0.428882
5.45472
1.07451
0.311786
1.58151
1.14937
1.38174
1.65861
0.586535
0.0100477
0.125828
0.936161
1.29825
0.61492
0.0749352
0.1277
2.30777
0.232199
0.0142627
0.335473
0.858056
0.996619
0.2642
0.917308
0.564156
3.25932
0.489766
0.795624
0.726609
2.05315
2.01823
2.48262
0.0749273
0.334739
1.10862
0.0439079
0.31417
0.218697
3.99969
0.771666
1.56212
1.61079
0.117359
0.706842
1.07296
1.19872
2.90649
1.74584
0.270006
0.684622
0.906656
0.689626
1.6548
0.821976
0.492741
1.03055
1.04782
0.277989
2.05697
0.152714
0.00597043
0.41453
0.000578153
0.674604
2.35
0.0991586
0.178665
2.28766
0.21054
0.742306
0.246012
0.176181
1.26083
0.438521
0.213137
0.449098
0.112902
0.456505
1.72756
2.58201
4.1826
0.549472
0.895596
0.0764246
0.111646
4.3583
0.556761
0.257376
0.343503
0.521539
1.29051
0.455898
0.876662
1.39722
2.024
2.57705
0.783039
0.724146
2.25205
0.25684
0.0846044
2.62751
0.674082
0.0292355
1.47031
0.251755
3.15171
0.204085
0.0224962
0.916552
0.408028
4.39292
0.0646976
0.225969
0.401194
0.25428
0.114044
2.11466
0.251114
0.650076
1.0875
0.0400921
0.517774
1.27109
0.436265
0.459819
1.32421
1.31024
0.228214
1.24952
0.424514
0.494445
1.50698
2.41052
0.101843
0.466188
0.101583
1.93757
0.366602
0.337121
1.3491
0.927528
3.21175
1.60771
0.0664379
1.51874
0.025966
1.56975
2.55064
0.107394
0.0756979
0.0663262
1.75888
0.341001
1.77259
1.06252
3.26822
0.184897
1.9971
0.346108
2.76472
0.279744
0.0394169
0.0365746
1.34022
0.748832
2.45597
0.977048
1.39452
2.59465
1.42283
0.88952
0.352777
3.38382
0.399033
1.11038
0.84912
0.163756
0.0896422
0.812716
0.566661
1.30591
0.0127389
0.707487
2.45051
0.193907
1.19279
2.22206
2.4257
0.189492
1.8137
0.193782
2.74816
0.45277
1.87541
0.522081
0.432194
1.20237
1.23897
1.28193
0.0157706
0.995741
1.43285
2.81924
1.34785
3.35665
0.787093
1.38139
0.635187
1.08532
0.557986
0.800342
0.952478
0.442041
0.129857
0.682922
0.559921
2.38736
1.53209
1.31749
2.06751
1.38346
1.93523
0.581158
1.91309
0.422522
0.368444
1.06075
0.292253
0.748388
0.609498
0.567019
1.21085
0.0137061
0.00467581
0.550451
0.582797
2.19014
0.674483
0.405584
0.295065
0.40737
1.5551
0.466984
1.85898
0.539575
1.83544
0.216068
0.849475
0.210473
0.316054
0.46237
7.56006
2.6672
0.0636885
3.05848
0.113905
1.52736
2.78276
0.161993
1.02601
0.913966
1.02067
1.05838
0.642388
0.316328
1.32593
1.11095
0.529441
0.415653
0.155303
0.206902
0.433538
0.187705
0.0408309
0.689759
0.242011
0.664894
0.330064
0.829638
0.795137
0.771024
0.0493243
0.229635
0.267443
1.28415
1.87766
1.2015
0.230142
2.47074
0.778705
1.60899
0.873856
0.36982
0.857712
1.30663
0.167921
0.0694338
0.0659864
0.194918
0.934966
0.815332
2.19658
1.87991
0.546705
0.634919
0.688224
0.894828
1.87594
0.916409
0.778595
1.095
2.1018
0.893333
0.0299164
0.167876
0.994352
0.546723
0.181934
0.102732
0.0458549
2.66488
0.740623
0.441444
0.397445
0.181183
1.27932
1.46082
0.0409585
1.86303
0.337021
0.944047
0.290021
1.2746
1.76496
2.8357
1.12981
0.147604
0.269119
1.7115
0.223281
0.841064
0.0144569
3.81161
1.23836
0.553485
0.6263
3.38729
1.06393
2.51132
1.89465
0.372363
0.263257
0.328088
0.230048
1.31335
0.981375
0.111522
4.38853
2.95604
0.238733
0.150816
0.206962
0.136527
0.150576
0.308258
0.103957
0.68489
0.218192
6.93973
0.511624
0.179856
0.491115
0.335115
1.22243
1.23277
0.147702
1.99822
0.294679
0.757136
0.712151
0.0230604
2.46307
0.818247
0.496695
4.82918
0.14585
0.362602
0.0315551
1.63941
0.0507751
1.79222
1.90439
2.23476
0.441916
1.14444
3.08475
0.219422
0.19558
0.289586
0.26348
0.121595
0.732983
1.33298
0.671344
0.0385876
0.778159
0.112244
0.703713
1.57816
0.300274
0.217165
0.574557
1.44663
2.12213
0.563137
0.660115
4.1966
0.512471
0.276117
0.253193
5.90697
1.08547
1.15823
0.790904
1.4323
0.703622
0.414134
0.861569
0.514116
0.224625
3.65853
0.745404
0.0920732
1.6992
0.087414
1.95856
1.75587
1.14343
1.48531
1.29725
0.636709
0.947339
0.0758668
0.0378275
1.24984
0.0800938
0.220031
0.116494
0.474365
2.82066
1.62859
0.378582
1.4947
3.55873
1.50266
0.947091
0.565482
1.46711
0.892753
0.517411
3.22256
0.320386
1.46409
0.968701
0.480576
0.745854
0.709891
0.587362
1.12067
1.80454
3.9015
0.900707
1.83608
0.034997
0.445095
0.861067
0.340087
3.25926
0.133916
1.78616
1.62722
1.94904
1.08338
0.179226
2.46808
1.75157
1.21196
0.505228
2.72275
0.0312455
1.08719
1.05721
0.612086
1.52727
0.494421
0.190049
0.988194
0.220603
0.472316
0.0984595
2.70763
0.847199
3.60482
0.0943654
1.86425
0.157017
1.02541
0.365337
0.0733248
0.559398
1.54572
0.655987
1.28058
1.3202
0.230019
1.1646
0.199326
0.0969037
1.17225
0.908644
3.04464
0.255276
1.78651
1.1379
0.356441
1.2307
0.8137
0.30942
2.84234
0.0203756
0.565246
2.05423
0.935392
0.992766
0.345282
1.21665
1.33844
1.49488
0.238843
1.44897
0.124645
0.130463
0.468886
0.632889
1.31793
2.75378
1.96671
0.19329
1.02141
3.29059
2.50752
0.844936
0.147674
1.06883
1.33675
0.343064
0.0227548
2.75471
0.305244
1.27623
0.266509
0.132479
0.114047
0.462402
1.07382
0.267542
0.0839666
1.34607
0.503736
0.328746
0.48382
0.108025
0.317104
1.38946
0.0120688
0.10968
2.15777
2.80673
0.504064
0.917397
3.7412
0.317996
1.73924
1.0427
0.544389
0.36857
1.16971
0.0544965
0.930593
0.85446
0.0958117
0.527509
0.739738
2.29927
1.83413
0.021374
0.384071
0.526967
0.507667
0.999797
0.999018
1.89385
1.59035
0.483945
0.650722
0.505624
0.0711939
2.31394
4.93596
0.991611
0.277279
2.67963
1.61614
1.65751
0.540897
0.587193
0.389926
0.170244
4.42551
0.94096
1.53955
0.301254
0.74432
0.842383
0.283316
0.367575
0.477686
0.526578
0.522895
0.337055
0.761789
0.296491
0.707362
1.73375
1.32638
2.3622
0.0980387
1.78021
0.635381
2.26191
2.96452
0.961718
1.60433
0.592448
3.41841
0.988564
0.901263
0.191425
0.320448
0.658982
0.262441
4.60165
0.457105
0.64476
0.301481
0.118076
0.860824
0.212788
0.110173
0.879364
1.01546
0.542381
0.379244
0.279041
1.03216
0.00274048
0.577442
0.711229
0.221052
1.74632
0.0120152
3.11428
0.0316551
0.817428
1.38694
0.0482615
2.11368
0.447124
0.589891
3.27781
2.5064
0.204953
0.988001
2.56017
0.767577
1.95457
0.733171
2.76506
1.31238
0.895091
0.402886
0.470988
2.72714
0.101143
0.560755
0.342085
0.770969
3.2792
0.53827
2.19973
2.43084
0.622722
1.11188
0.097392
0.251716
0.608011
0.470909
0.83346
1.65073
0.757049
0.857249
0.169399
0.562342
0.098125
0.374735
0.161436
0.189068
0.728368
0.45171
0.285512
0.331369
0.0560926
0.998923
1.20169
1.36066
1.06455
1.28777
0.637601
2.03666
0.451385
1.40861
2.41621
1.21533
0.606308
2.51874
1.50204
0.729943
3.82267
1.99218
0.0858797
0.226676
2.01181
0.527033
1.01572
1.74785
0.326386
1.06715
1.32713
0.17691
0.417509
0.00307469
1.97423
0.645568
2.98374
0.150297
2.09322
0.422635
1.56755
0.753588
0.813397
1.71449
0.308348
0.575648
2.51141
1.21645
0.591069
0.0365605
0.286229
0.274182
1.47849
0.977521
0.270281
0.00294192
0.940457
0.70966
0.150154
0.324187
0.456963
0.862658
0.482131
1.23875
0.376647
0.119864
0.728136
0.774494
1.50292
2.01959
2.87663
0.180495
2.06733
3.35997
0.382117
0.477157
0.579406
1.04779
0.0533862
0.0195403
0.409584
0.542622
1.77016
0.429035
1.48083
0.914011
0.77596
3.01756
1.78642
2.11683
0.80318
0.547603
1.91352
1.96542
1.36549
1.05726
1.7426
0.154787
0.219496
5.32864
0.665812
0.0171264
3.31843
0.0957049
0.293354
0.296008
1.85317
1.08552
1.14417
0.0997819
0.80855
0.0450705
0.878539
2.28681
0.270125
1.41828
0.727704
0.864448
1.15718
2.35901
1.37641
0.345678
0.275052
1.13411
0.526733
0.611672
1.3312
1.46481
4.12034
1.0022
0.566448
3.66858
1.51719
0.346674
0.416797
1.51998
0.877104
0.0438091
1.91034
0.24656
0.129934
0.370618
0.0932654
1.47686
0.750328
0.0509178
2.24821
1.03142
0.610636
0.71404
2.00686
0.165461
0.0210777
0.884929
0.437957
0.814246
0.22878
1.67845
1.86331
0.0998766
2.67514
0.735686
0.964091
0.750689
0.574806
0.241317
0.140804
3.80617
0.13103
1.18663
0.00377833
0.425743
0.778384
3.55508
0.050397
0.114654
1.1692
0.701843
0.283844
1.42284
0.316347
1.67513
0.0830171
1.26959
0.088325
4.68425
0.154051
3.60439
0.234702
0.184949
0.593965
0.268901
0.164708
0.615503
0.396262
2.80071
0.954374
0.558261
0.441591
1.71562
0.0543308
0.975024
0.239529
0.521412
1.13916
0.240217
2.05289
0.204965
0.0982151
0.306289
0.0742471
1.37252
0.195551
1.16534
0.596667
1.1558
0.596237
0.556146
0.305848
0.815741
0.719046
2.0989
0.128523
1.12999
1.54902
0.136567
0.962539
0.0379807
0.184999
0.0196277
0.381562
0.17103
1.56652
0.896191
3.23824
0.139471
0.807924
2.77095
0.42954
1.11272
0.861047
0.0115689
1.55763
0.597784
0.282676
0.571184
0.755293
0.6863
0.0162917
1.7642
0.103712
3.62898
1.0066
1.26054
3.01278
0.103383
2.9718
0.779671
0.434883
0.710926
3.27406
1.75997
2.31899
1.96301
0.359667
0.0336978
0.935085
2.76582
1.44925
0.133264
2.8616
0.0888716
0.108662
0.553783
1.51216
0.257627
1.24286
1.42948
0.977903
0.324215
0.495453
0.604427
0.067227
0.253622
1.80971
0.223543
1.90346
1.15643
0.0282373
0.459369
0.704869
0.236854
0.196627
1.4138
2.32885
0.141808
0.526695
0.441098
1.22144
0.279959
1.67837
0.16296
0.0991315
0.113804
0.0734803
0.673122
1.17468
0.304265
0.334855
0.0970525
0.0960272
0.151473
0.215414
0.214559
2.63432
3.44021
0.570824
2.22797
2.04303
0.585285
0.0111289
0.27292
0.65131
0.660369
1.00768
0.090687
0.396976
1.75432
0.11599
0.306449
0.371691
1.51234
0.527658
0.0991534
0.774431
2.25428
0.998391
1.66
1.40745
2.1122
0.627995
2.23055
1.09497
0.703136
0.469926
2.17585
0.120936
1.77773
0.122059
1.26366
0.709548
0.707246
1.56755
0.061192
0.528991
0.618518
0.0988297
1.55246
1.24501
1.40665
2.14782
0.0621963
0.351486
2.25238
1.56417
0.056511
0.961841
0.496076
6.49519
2.54524
0.103405
1.91148
1.96231
3.45344
1.43494
0.516141
0.743813
1.00305
0.0210389
1.26773
0.275334
0.321558
0.0257023
0.610195
0.655981
0.392205
0.679578
0.490284
0.859994
1.79827
0.564399
7.46449
0.00892641
3.4256
1.09494
2.09836
0.0275743
0.617257
0.891743
1.01954
1.4295
0.931004
0.055209
1.27528
0.655946
1.54289
1.57786
1.59129
0.207092
0.111456
0.405346
0.137152
0.185508
0.163718
1.41797
0.98904
1.28609
0.5611
0.328845
2.59555
1.12284
0.71917
0.0136317
0.258161
2.07414
0.572805
1.97995
0.305054
0.415368
0.482566
2.91812
0.100448
0.216268
0.223964
0.644681
0.105437
0.0780987
1.53003
0.658391
2.17318
0.188759
1.96903
0.405759
0.620095
0.82762
0.262221
0.558935
0.554094
0.00704732
4.06916
0.00268195
0.63634
1.98213
1.34169
0.6018
0.00358246
0.342201
0.612594
0.0880879
0.160547
0.528763
1.8876
1.26957
2.83173
0.861075
2.44648
0.0497364
5.29087
0.553675
1.14242
0.187835
0.557865
2.02549
1.05822
0.241414
0.415147
1.2077
0.0108182
0.614181
1.00643
3.71429
0.126991
2.1183
0.625391
1.66042
0.456554
0.730448
0.106641
1.61039
2.11475
0.911092
0.700622
1.18779
0.16577
1.60278
0.501379
0.691044
0.143295
0.927783
0.118132
1.09831
1.58786
0.147948
0.041799
0.809037
1.37842
0.497543
2.40983
1.57813
2.43467
0.334712
1.32689
1.35878
1.66643
0.565543
1.22747
1.19186
0.70086
0.0760647
1.69114
6.07029
1.24533
0.048423
0.663966
1.32857
0.187199
0.277739
0.0239751
0.192071
1.36602
0.564803
0.185819
0.91416
0.435491
2.3512
0.744093
1.25497
0.265704
1.70042
0.179802
0.346357
0.899546
1.09019
0.23791
0.228653
0.200577
1.57659
1.09712
0.735346
1.72884
0.479661
0.324313
1.79699
0.593556
1.4641
1.37526
0.637718
1.11088
0.889398
0.0620824
1.41831
0.577097
0.885505
0.243473
8.00269
1.60841
0.810748
0.184417
0.427167
0.4029
0.342681
0.286115
0.230334
0.301536
4.99393
2.0397
0.429291
1.70303
0.0244191
1.58319
0.536648
2.05461
0.546151
1.434
2.7163
0.459369
0.108537
1.40738
0.812409
0.984884
0.186691
1.237
1.05516
0.0250338
0.239488
2.75983
2.72271
0.123327
0.04472
0.0660459
0.329007
1.24925
1.47026
1.49608
0.523377
4.03006
0.963103
0.15656
0.85059
0.0853889
0.550328
1.83207
3.17802
0.495974
0.222694
0.00569971
2.36038
1.97029
1.2278
0.103125
1.09393
0.754486
0.551316
0.626879
1.73226
1.37072
1.85376
3.4615
0.0738323
0.136945
0.708279
0.543329
0.656843
1.65465
1.17227
0.14941
3.05582
0.00180134
0.158838
0.537881
4.69338
0.552181
1.837
0.170888
0.6656
0.971438
0.0667825
0.727588
1.06577
1.29909
2.02492
1.61073
1.66238
1.21246
0.230239
0.547432
0.120368
0.890352
1.27811
0.239709
4.9353
1.71739
0.870455
2.04167
0.466879
0.129496
0.31364
1.72634
0.493483
0.0497802
1.43264
0.383858
1.38507
1.19287
4.6254
0.0219071
0.519773
0.966139
0.0156911
2.18537
1.20239
0.692929
1.68238
1.00834
1.0578
0.941462
0.108373
0.874831
0.80379
0.913599
0.116441
0.160285
0.710679
1.04797
1.23213
1.57728
0.154181
0.775301
1.73315
1.25659
0.0723307
1.05334
0.757437
0.0591845
0.415731
0.622749
1.43362
2.84648
0.705994
0.840681
0.0177691
0.112756
0.645673
1.39287
0.0283762
0.574109
1.68603
0.189309
1.36712
0.199763
1.10871
0.208063
0.926046
0.151222
3.43281
1.92467
0.604474
0.96407
0.0591724
1.04607
0.0828585
0.5541
0.62328
0.598235
1.29228
1.26445
2.40312
0.378859
0.761951
3.55785
0.32151
0.0968134
0.376166
2.05977
1.06971
0.526605
0.819136
0.532012
0.213516
0.0818216
0.12676
4.12854
1.65656
0.600989
0.585767
1.41996
0.845553
1.47036
1.69278
0.15203
1.488
0.0463183
0.669422
0.888024
0.638205
0.713623
0.133681
0.863736
0.854379
0.19942
0.663384
0.0219071
0.229433
0.835306
1.33278
2.35874
0.622174
0.0687728
0.410134
0.608641
0.311528
0.102162
2.10997
0.941101
0.57658
0.655014
1.7465
0.0881036
1.14845
0.152772
0.777991
1.7954
1.06117
1.04372
0.764141
0.202441
1.33293
1.00042
0.409748
0.554
1.32018
1.01961
2.40545
0.191283
0.117934
0.564028
0.021785
0.301175
3.67022
0.349605
0.654392
0.613565
0.54842
0.494239
1.07728
1.82981
0.621847
1.11272
0.24597
0.0278766
0.158369
0.568765
0.565494
0.175928
0.076528
0.0103457
0.0533112
1.85021
3.1049
1.10004
0.10683
1.98485
0.473475
0.265856
0.749306
4.99521
0.582449
0.702457
0.128171
1.01537
0.584986
3.18649
0.955502
0.976314
0.285169
1.73948
0.493892
2.64348
0.777113
0.0413818
1.10961
1.00995
0.899115
0.156866
1.09494
2.20943
1.34222
1.00516
0.765826
0.183295
0.215274
1.75401
0.949185
0.982319
0.520966
1.52228
1.58744
1.82494
0.889666
0.348974
0.715639
1.2016
0.929166
0.744154
0.202621
1.49696
1.97948
0.336329
0.92624
2.53831
0.492952
0.769325
0.135781
0.525426
1.41152
0.128608
0.106352
0.516404
5.40755
0.329345
0.599296
0.038036
0.219616
6.21364
1.746
2.23833
2.77308
1.17431
0.25325
0.196305
0.230856
0.372461
0.719182
0.473792
5.35678
0.47387
1.40717
1.13718
0.243274
4.53785
1.40572
3.1961
0.110354
0.435031
1.34705
0.941312
1.53205
1.9924
0.902386
0.0114439
0.155354
0.334468
0.802564
2.5837
1.2159
0.0549323
1.46164
0.919726
0.970664
0.312585
1.1542
2.29682
0.722903
0.475763
0.908877
0.209426
0.297316
0.138165
0.420433
0.420087
0.530576
1.58026
0.746219
0.913244
0.632513
0.272856
0.199997
0.866197
0.800751
1.88692
0.372579
0.308858
1.38513
1.99796
0.209222
0.230507
1.40973
0.180985
1.94448
1.40107
3.00893
0.035551
1.29996
0.975264
0.968363
2.98805
1.20528
0.793833
0.61043
2.71602
1.25354
0.41362
0.0119759
0.721528
0.155423
0.12867
0.307748
1.68375
3.10231
0.0476845
3.57043
1.79076
0.0380856
0.315809
3.15439
0.576082
0.975214
0.645149
0.0144885
0.12587
0.232748
1.33012
0.858718
0.0375708
2.20434
0.0146737
1.7389
0.537869
0.770927
0.0805368
0.502768
1.60867
1.21274
0.117953
0.435302
0.262724
1.17711
1.85187
0.888545
2.1275
1.23969
0.583267
0.374995
0.188518
0.680974
5.71172
1.62004
2.68734
0.413023
1.94359
0.0724683
0.966969
2.95824
0.983691
0.961048
0.173175
0.0102075
0.103207
2.74943
0.548286
2.43913
2.55692
2.52583
2.31627
0.734987
0.344235
1.94907
0.9357
0.545679
0.568857
0.176083
1.32598
0.80798
0.236078
0.701674
0.135865
1.04278
0.895379
0.739964
0.101185
0.438381
0.379628
1.40843
0.954241
0.756455
0.714324
3.7022
0.57414
0.779455
0.83779
0.881002
0.194649
0.0344
0.0645591
0.273434
2.22237
0.0755968
0.00780401
0.426907
0.222281
0.0639935
0.253096
1.02735
0.650363
0.450466
0.131139
0.60529
0.201561
0.0245423
1.18457
2.07496
1.691
0.777299
3.61665
0.614815
0.910581
0.0459245
1.57386
1.0354
0.46047
1.97935
0.104391
0.768606
1.45622
1.73251
0.977663
0.265065
0.242503
0.312721
0.224245
0.439228
1.45562
0.15241
0.729666
2.81226
0.407181
0.09945
0.891877
0.445139
0.43945
0.0216409
1.37149
0.580064
0.549452
2.56322
0.53819
0.574464
2.57639
0.754606
0.709518
0.0284324
0.261505
0.888899
1.095
5.84446
0.631734
0.262791
0.213103
1.45064
0.546348
0.405614
2.71784
0.576709
0.888606
0.342114
2.40583
0.749438
3.17038
0.1098
3.6408
0.0189365
0.712477
0.248927
0.364502
2.88732
0.0101324
0.00400472
0.0124864
0.132909
0.131889
0.337696
1.00924
0.281786
0.482632
2.2154
1.87178
2.73406
0.0616426
0.794376
0.132748
7.47942
0.641204
0.130653
1.2256
0.671073
1.48994
0.813024
0.897054
1.39428
1.37759
0.601095
2.30019
0.157781
1.09766
1.20035
0.441979
0.831605
1.35858
0.0729432
0.250061
0.597798
0.239746
0.211935
0.527751
0.597865
0.893366
1.60882
0.15233
0.490964
0.144586
1.26407
1.98608
1.22467
0.06862
0.566449
1.45216
0.0502601
0.859064
1.27958
1.11066
0.161685
0.174302
0.24734
0.845182
1.14322
0.384073
0.421306
0.988242
0.281111
0.188519
0.706936
2.37359
0.158941
0.00864843
0.0058341
1.0098
0.148502
0.401244
0.742423
0.333771
1.49987
0.533671
1.04302
0.282279
0.86675
2.73373
0.37752
0.546803
0.972574
1.21021
0.940009
0.645359
1.40705
0.0202186
1.7117
0.0806903
0.110094
1.36193
0.178274
2.2664
0.00780494
0.786658
0.115271
1.05136
0.0686209
0.575187
1.18256
6.00258
0.621304
0.110629
1.42802
0.802491
0.246328
0.0587953
0.743628
1.72494
0.795776
0.184516
0.488146
0.437408
4.15837
0.984681
0.508276
2.07745
0.541724
1.8053
0.372643
1.25095
1.37347
0.376467
0.915094
0.367785
0.309356
0.127381
0.502248
0.0653633
0.67153
1.90553
1.30399
0.468997
0.791048
1.40302
0.00640843
0.0847742
1.81574
3.82165
0.133368
0.17466
0.0936024
0.73845
0.156595
2.70598
0.692457
2.3663
2.76232
0.882421
0.119621
0.115106
1.23722
0.337305
0.110809
1.65946
1.83982
1.15514
0.147038
0.649146
2.50883
0.10335
0.577616
0.413382
0.527698
0.16405
1.57789
1.47099
2.07295
0.196634
0.0825114
0.167518
0.136276
0.180871
0.770335
1.31037
0.327741
0.742999
0.561712
0.673349
0.0545614
0.673933
0.288432
1.04575
0.358457
0.559888
0.164459
1.32507
0.145938
1.84287
1.39637
1.79748
0.872837
0.451116
5.11547
0.0377079
0.191323
0.759516
0.225292
0.936442
0.513141
1.00107
0.0230438
2.82132
0.556011
0.491784
0.51094
1.70694
4.0676
1.63458
0.285051
0.0328544
2.03334
2.85301
5.12265
2.1517
3.06696
2.44929
1.04843
0.975295
0.108126
2.24759
0.854795
0.436167
2.95833
0.567249
0.918607
0.590235
2.37081
1.90923
1.12612
6.08742
0.453217
0.0280169
1.17895
0.480638
0.587284
0.415034
1.11114
0.538896
0.308101
0.0789129
3.02712
0.229994
0.119458
0.0889677
0.840187
0.192085
0.560928
3.35884
0.621552
0.442802
0.0452773
0.856554
1.22196
0.613999
0.802301
0.17711
0.487372
1.34123
0.294721
2.19947
0.414584
0.29888
0.893686
0.0575919
0.463
0.743967
0.584399
1.61625
0.150017
0.0729028
0.308525
0.852603
0.468013
0.0122795
0.561517
0.176114
0.853583
0.135638
1.20141
0.847844
2.04489
0.652434
0.301937
0.787661
0.223636
0.158516
0.240894
6.2429
0.629739
0.0781893
2.85694
0.197318
1.88501
0.940092
0.317336
1.77155
2.41503
1.31641
1.81148
0.150934
1.22147
0.808581
0.831896
1.53003
0.68693
0.103441
1.19463
1.75247
0.356243
2.32353
0.292223
1.59799
2.10715
0.690808
0.446242
1.21894
0.480434
0.354199
0.43733
0.344742
0.313706
2.46972
0.0811989
0.393479
1.20938
0.661097
0.321534
0.216563
0.0501295
4.86072
0.705954
0.965862
1.17251
0.205084
0.689774
1.391
1.44587
0.0670242
0.408594
0.617851
0.0345026
0.759482
0.535208
0.102144
0.758241
0.237863
0.849183
0.708329
0.16115
4.95159
0.359194
0.945586
1.7905
0.400618
0.63612
0.375027
0.811676
1.83162
0.608846
0.0416652
1.26397
0.267761
0.116197
1.24448
0.164371
0.14287
0.631258
0.504487
0.50058
1.51862
0.968719
0.657639
0.475495
0.26206
1.0496
0.98133
0.257479
0.00901929
0.0632286
0.320191
0.347644
1.71368
0.939592
0.0578244
0.13957
0.377738
2.84283
1.7149
0.768428
0.643657
3.58449
0.958344
0.441035
1.02517
0.501917
0.531779
0.21391
1.3247
0.294849
1.73613
1.16671
1.19172
5.69507
1.07129
0.821545
1.22265
2.16045
0.801421
0.0267903
0.211268
0.27102
0.696333
1.66401
0.211621
0.453654
0.834582
0.469488
0.106299
1.01335
0.759349
0.797682
0.408961
0.902528
1.83424
0.257891
3.15903
0.717222
0.798384
0.324424
1.62827
0.405258
1.01534
0.432732
0.166381
0.493116
0.540581
1.36368
0.639215
1.68036
0.464185
3.45085
0.324202
0.0724636
0.196869
0.236277
1.05757
0.701865
0.269095
0.408548
0.634909
0.414434
0.602133
0.90884
1.7944
0.0197974
0.950713
1.28614
1.6464
0.396659
0.105664
0.778429
2.97022
0.197134
0.291124
1.58737
1.20348
0.72761
0.183368
0.424317
0.180828
0.240846
0.248778
0.47875
0.389672
0.510021
0.101802
1.78544
0.223556
0.133287
0.989951
1.0469
0.0671666
1.51885
0.243121
0.0899551
0.169098
0.202474
0.142615
1.15667
0.00379615
1.32772
0.690415
0.110531
2.1175
0.883394
0.231172
0.614293
0.514029
0.228188
0.916043
0.41988
1.90785
0.298239
0.2039
0.21412
0.259252
0.288949
0.177843
0.169963
0.887612
1.58819
0.0891571
0.141672
1.2131
3.14114
0.512449
0.154819
0.857829
0.84928
0.226676
1.24032
1.98635
3.4486
3.03815
0.488105
1.28594
3.89581
0.640799
0.122661
0.169376
1.18186
0.00729922
0.889273
0.418559
1.7414
0.953172
0.28696
0.0543177
0.157076
1.24575
0.123505
1.03332
2.05799
0.0415513
0.0986376
1.16172
0.571963
1.84882
2.62523
1.47151
0.76994
0.794007
0.631207
0.723192
2.45211
1.39438
0.533032
0.410102
1.2845
1.49224
0.207733
0.000800035
3.17783
0.903191
0.134278
0.70283
1.68198
0.575134
0.97222
0.394978
0.532509
1.71816
0.530283
0.868179
1.64897
0.405511
1.0462
0.128833
1.11986
2.88479
2.82927
0.136916
0.92605
0.134511
0.00937401
0.24537
0.5512
0.883573
0.145456
0.955429
0.573853
2.26028
0.061191
0.564953
0.0161685
1.5717
0.68205
0.862096
0.611553
0.633364
2.52903
0.449952
0.703319
0.959161
1.71805
0.366476
0.627039
0.732321
0.0287066
0.246972
0.395739
4.64223
0.419501
0.0652313
1.55235
0.578513
0.0856302
1.10502
0.986902
1.92234
1.33702
1.66899
0.365532
4.76257
0.491912
1.24103
0.273372
0.838267
0.0512258
0.65473
0.999474
1.30041
0.935273
0.845616
0.367406
0.904582
0.718223
1.36288
0.56789
0.20311
2.24894
0.966932
0.827523
0.615662
0.302228
0.398817
2.36869
1.88901
0.583316
0.383289
0.279955
3.59675
3.01579
1.84879
0.506234
2.35455
0.543361
0.200667
1.10524
1.33912
0.317666
0.135935
0.188019
1.36326
0.371793
1.46838
0.601673
2.64063
0.445635
0.14496
0.404045
0.294261
1.05472
1.20112
0.468843
0.410778
0.111361
0.398702
2.19207
2.16498
0.18077
1.14294
2.27202
1.19422
0.458539
0.92835
3.4136
0.649156
0.348451
0.86838
0.396009
0.333281
0.0821825
1.34316
0.198348
2.09698
0.142845
0.690542
0.994045
1.51477
0.288748
0.442328
0.143236
0.37824
1.42473
2.13476
2.21239
0.553752
2.12217
0.561798
0.0944679
0.826285
3.26681
1.04725
0.549983
0.558289
1.3926
0.336898
1.50144
1.97134
0.458483
0.427827
0.752557
1.07591
0.148906
0.170518
0.421396
0.977663
3.46342
0.401412
2.33662
0.95694
0.516074
0.270891
0.629798
2.44678
0.0456773
3.07716
1.17391
1.07698
0.685025
0.320983
0.933094
1.16782
0.666869
1.63079
0.208198
0.744135
0.432118
1.13294
0.520634
1.77226
0.729402
2.88917
0.217515
0.113271
0.200366
0.166286
0.280455
2.7009
1.67377
0.203953
0.0189326
0.729671
1.12302
1.968
2.77714
2.11722
0.0145589
0.472079
0.123666
0.54079
0.0857088
0.0986774
0.876624
0.200723
1.05909
1.31205
0.506144
0.967705
0.237576
0.670494
0.822387
0.101735
0.613668
0.173358
0.181957
3.50891
0.378296
1.36838
1.11073
0.727976
0.0770415
1.01582
1.26936
0.685399
2.09622
2.16093
0.569642
1.00771
0.184476
0.906789
0.874155
1.80057
0.356915
0.0198839
0.757515
0.474903
2.9111
0.397003
0.525925
2.65352
0.671152
1.06374
0.495606
0.968723
0.0548282
0.553845
0.716906
0.00282931
0.404736
0.709002
2.67105
0.181444
2.21054
0.273722
0.0574735
1.61466
0.0919484
1.92705
0.587273
0.704051
0.373017
0.446379
2.23581
0.120956
1.06542
0.505271
1.00638
0.426699
1.31314
0.129428
0.0479762
0.836024
1.43081
1.06455
1.60938
2.54763
0.984399
0.140363
1.8657
1.15584
0.030299
2.15491
0.181486
0.0594322
0.574719
1.72261
1.21269
0.269712
3.29901
0.714129
0.454698
0.034888
2.00503
0.0264613
0.797858
1.8303
1.66026
0.100439
0.0704845
0.229172
0.849803
0.863036
2.42949
1.91987
0.415483
1.72361
1.42111
0.501905
0.322668
2.69507
1.0112
0.764743
0.720485
0.692938
1.08475
0.0750828
0.277675
1.67138
0.309882
0.637638
0.0511255
0.109801
1.70824
0.348738
0.201795
2.09336
0.069524
0.342732
2.25175
1.74487
0.367429
0.550499
0.778998
0.538423
1.18943
1.00587
0.881673
1.05788
0.957451
0.964978
0.20604
0.0687557
0.739233
0.541531
0.727012
0.6454
0.177022
0.109585
0.690595
0.794398
0.919092
0.436332
0.103898
1.23512
3.24377
0.224241
1.9545
0.56383
0.33489
1.38636
1.73045
0.589999
0.583249
0.157936
0.752328
2.51778
0.677274
0.88645
0.246114
0.134985
0.534655
1.11842
2.8282
1.08623
0.974788
2.00826
1.23819
1.34058
0.198234
0.466139
0.470427
0.886067
0.126927
0.249469
0.471849
0.765962
1.59135
1.73366
0.043031
1.4152
1.13376
1.72806
0.918333
0.327856
0.666829
0.691222
0.82161
0.284827
0.116999
0.775799
0.990142
0.0108683
0.220935
0.591386
1.79839
0.0573378
1.88901
0.481596
0.0150407
0.407877
0.371562
1.34028
0.401739
0.0224946
0.110728
0.24093
3.78477
0.2724
0.673186
1.19983
1.39209
1.53775
1.12007
1.3535
1.02815
0.554473
1.18973
2.33721
0.112532
1.39545
0.4908
1.48913
0.214814
0.197417
0.40181
3.02333
0.204903
0.104332
0.24647
1.42566
2.46678
1.36345
0.785876
0.0118831
0.55539
1.55714
0.0263711
0.892151
0.14863
0.269276
1.13856
0.155
0.203146
0.965409
3.19803
1.15855
0.0833256
0.0735555
2.07245
0.491393
0.504242
0.336055
0.696308
0.42901
0.882795
2.53084
1.62882
1.01204
1.04444
0.646269
0.183727
0.494829
1.47004
0.210034
0.866318
0.312586
1.01143
4.19379
1.8796
0.0345219
0.794403
0.0176074
1.55734
0.836
0.0298023
1.89768
1.59397
0.0942311
0.0810853
1.6252
1.17345
2.33125
1.30421
0.72334
0.330582
0.517396
0.0955505
0.291114
0.799778
1.20029
0.747522
0.0129839
1.99435
0.864902
0.135781
3.01363
0.143621
0.174093
0.178344
0.194062
0.418952
3.52677
1.0874
0.611063
0.415887
1.51886
1.52839
2.02432
0.410177
3.13223
0.156043
2.56713
4.6403
0.992387
1.5458
0.26862
0.739741
0.649214
2.44484
0.267892
1.42238
0.504768
0.0889942
4.779
0.727547
1.93139
0.0339439
1.1343
0.297453
0.256835
1.38133
1.25344
0.520397
2.10955
0.0165261
0.136552
0.307392
0.382065
0.0594971
0.191658
2.61793
0.186024
0.588211
1.41882
0.112724
0.349658
2.97887
1.14647
0.354162
1.69776
0.679653
0.32987
0.202425
0.446605
1.9863
0.619646
1.18084
0.336729
0.430406
1.21618
1.0359
0.236789
4.26404
0.0470996
0.456656
0.922143
0.762687
0.944366
0.245389
1.33287
2.2635
1.18909
0.561835
1.65071
0.119414
3.58968
0.191377
0.66416
0.921412
1.84495
0.316071
1.17468
1.7073
0.635116
0.611682
2.38216
4.15652
0.807276
0.984997
1.55375
0.0639225
0.43551
2.98872
0.460546
1.00163
0.026742
0.35708
1.08963
1.85143
1.67423
2.20521
2.80656
0.0868017
0.0985181
0.756399
0.608221
0.82966
2.13852
0.58236
3.11118
0.602893
1.45507
0.0068236
1.21569
1.33556
1.97298
0.523203
0.437438
0.641505
1.56518
0.761287
0.584442
0.900312
0.301027
0.0979656
1.53231
2.57527
0.264092
0.417157
0.856759
0.88931
0.317736
0.385397
0.662584
0.615195
0.0846746
0.0537807
0.724724
1.65135
1.45391
0.874259
2.87887
1.84361
2.16623
0.337785
0.110268
0.31184
1.62648
0.45031
0.395603
0.833148
0.513389
2.5348
1.62236
0.126365
1.1304
0.869565
1.13131
2.15046
0.319083
5.25481
0.166798
1.36561
0.649757
0.231838
2.25519
0.265086
1.31351
0.311227
0.737936
1.43631
0.198058
0.011612
0.66144
0.0566528
0.381717
0.543424
0.109187
2.47429
0.289246
0.63443
0.0777895
0.0188169
1.00033
2.34733
0.236397
2.07372
1.55758
1.671
1.28273
1.01597
0.111788
0.599858
1.76982
2.57822
0.195193
0.2527
3.7058
0.344262
1.56706
0.236333
0.60279
0.823936
0.308146
0.213021
1.26252
1.01339
0.202995
0.80628
0.200964
4.03195
0.0774217
0.00487827
1.53487
0.559671
0.0619427
0.727086
0.114839
0.639731
0.0264069
0.500216
0.44219
1.30029
0.4224
2.26607
3.29868
1.18566
1.17519
0.395521
0.12932
0.723891
5.58477
4.66621
0.0430943
2.06094
0.068993
3.03068
0.229321
1.21238
2.53536
4.70957
0.521024
2.10974
0.465869
1.15697
2.20752
0.774692
2.35327
0.0215004
0.432207
0.240417
0.467696
0.602928
0.100153
0.544457
0.856199
1.74554
0.167362
2.20098
0.255207
0.0755791
1.0037
0.0943543
0.477129
0.109828
0.0978281
0.232642
1.83971
1.58572
0.276948
0.287284
0.896336
0.690337
1.34017
0.577701
1.53866
4.12263
0.48867
0.810908
0.418951
0.255013
0.728358
0.507828
1.16377
2.97331
1.82945
0.0219834
1.10017
0.43887
0.81201
2.53296
0.201685
2.6303
0.0302158
1.70955
0.882404
1.3726
1.56019
0.266407
0.464253
0.242126
0.183559
0.639394
0.223802
0.969762
0.431412
0.262496
1.64802
0.57679
0.153982
0.610338
1.68934
1.56517
0.25431
1.02009
0.00634766
4.27344
0.216289
0.213293
0.0897067
0.768347
0.207933
0.0956188
0.647957
0.87088
0.442633
0.571496
0.205871
0.134808
0.0102174
0.0927672
0.326411
0.00514096
1.13877
0.0753248
0.00215258
4.88496
2.75817
2.04415
0.10516
3.41331
0.239529
0.368709
0.42771
0.798414
0.579082
0.193781
1.97925
0.134716
1.50899
0.293186
0.229456
1.09495
0.282628
2.38118
1.8581
0.298454
0.706872
2.45972
4.21101
1.49247
1.0163
1.17229
0.406811
0.850935
0.157773
0.850678
1.69961
1.05237
0.0252876
0.405081
1.61774
0.198288
0.162933
0.854089
1.94426
1.68249
1.56927
0.204545
0.900326
1.20503
0.771577
0.709363
0.967373
0.913563
0.543014
0.497725
0.168756
0.0311208
0.737225
1.54865
0.413866
1.99014
2.09093
0.0532376
1.48578
0.290739
2.48609
0.992045
0.42093
0.429013
0.34336
0.309465
1.85806
1.17357
0.383611
0.562411
0.624077
1.16681
2.16768
0.0974734
1.08003
0.13107
0.0567712
0.784121
0.614446
0.0662142
0.219203
0.503642
1.30741
0.142256
2.44615
0.602211
0.624296
0.712716
0.819348
0.897599
0.935589
0.955462
1.01629
0.420075
0.632398
2.01506
2.02461
0.359663
0.303506
0.562995
0.229423
0.0781292
1.66135
0.485724
0.948533
2.20437
3.06327
0.226216
2.01719
0.802905
1.19443
3.58816
0.205785
2.41023
1.03727
0.315123
3.62695
0.668851
1.39751
0.100394
0.624354
0.598978
2.73673
1.54031
0.828968
0.853397
0.873464
0.39304
1.08844
0.462723
0.70546
3.19989
1.3195
0.0459055
0.454255
0.759021
0.625526
0.580907
0.11374
0.607668
1.48185
1.02028
0.629904
1.31539
0.546187
0.479744
0.056766
2.74344
0.0887846
3.33225
0.0857223
0.859523
0.98284
1.59183
0.296018
1.38777
2.01738
0.291233
2.20471
0.687317
1.10007
0.0105604
1.41535
1.50869
0.851797
0.741669
1.35722
0.673986
1.87623
1.60315
1.69036
0.54086
0.161208
0.149637
0.46851
0.818147
1.12822
0.0197984
0.683242
1.26793
0.0366742
1.41931
0.13881
1.58938
1.03868
0.155615
1.53137
1.11682
3.10715
1.17906
1.28149
0.12946
0.310761
1.15156
0.269681
1.03658
0.615006
1.07083
0.0117649
1.08987
0.490039
0.728786
0.149988
3.17244
0.301883
2.56044
1.63543
1.57027
1.51737
0.122962
0.222462
0.966424
0.403012
1.98571
1.15203
1.58939
0.00935261
1.09192
1.41332
0.228827
1.51563
2.32885
1.91276
0.241151
0.820893
0.0907818
0.732174
2.13482
0.686503
2.00351
0.00921835
1.66914
0.292298
3.30282
1.72951
0.891217
0.854939
1.25534
0.280379
0.22774
2.6242
0.431102
0.532684
0.449493
0.706871
1.20951
3.17945
0.140662
0.499412
0.687815
1.39453
1.60441
0.164831
2.30814
1.62832
0.481339
1.09177
0.62142
1.87854
1.17176
0.648332
0.16612
1.05669
0.448922
0.619376
0.98767
0.926355
1.5316
0.0748367
0.518426
0.878748
0.374616
4.46958
0.113685
1.21302
1.22096
0.576838
0.581722
2.32793
0.199566
3.9836
0.0665162
6.10603
0.0230261
0.0515593
0.0247135
0.181051
0.14372
0.0339622
2.46794
0.58188
0.624775
0.211761
0.554461
0.289851
1.28253
0.212437
0.579914
0.752559
0.329501
0.821504
0.441485
0.578576
1.1908
1.75008
1.55022
0.315945
1.40894
1.07254
0.359712
0.724171
0.618576
1.49939
0.479916
1.15501
2.0303
2.78172
0.281615
2.34586
0.215795
1.45619
1.27142
1.67689
0.109003
1.34357
1.60307
1.72926
0.907601
0.10162
0.0840532
0.303902
0.516984
4.23483
1.29901
0.607848
0.361743
0.931575
0.127884
0.311229
0.33021
1.09125
2.06803
0.171181
2.78343
2.44199
0.4621
0.32913
0.0707621
0.076413
0.655043
1.12626
1.68628
2.57784
1.01075
0.0820322
0.387332
1.87326
2.43118
0.509055
0.343944
0.965169
0.345341
0.511868
0.463185
1.37025
1.47998
0.984698
1.46142
0.115548
0.642487
0.108012
0.0227647
0.268928
0.551961
1.9914
0.41474
3.43542
0.189193
1.82894
0.517941
1.72987
2.35361
0.149214
0.0923514
1.80805
0.251294
0.315479
3.28266
0.190172
0.276618
0.422795
0.0329151
0.357202
0.213691
1.5416
0.934582
0.0035763
0.178895
0.92636
1.27027
0.0456211
0.18998
1.42023
0.0055442
1.35975
0.242468
1.06504
0.63061
0.321383
0.618358
0.382328
0.023078
3.56416
0.307107
0.309359
0.30022
0.54163
0.15696
1.04871
0.37589
0.9899
0.53153
1.10017
0.325087
0.0993632
0.886164
1.6957
0.0603576
5.78486
0.356501
0.0110834
0.100391
0.449858
1.64179
0.108823
1.92692
0.619708
1.67854
1.92012
0.71846
0.270147
1.40064
2.15879
1.37216
0.0403513
0.208165
1.07513
0.0391244
0.659446
0.682612
0.0186187
0.534431
1.14502
0.713544
0.398433
0.0271844
1.14195
0.334751
1.42833
0.697955
0.436379
0.963221
1.40213
0.610434
0.83257
0.78052
0.225782
0.109555
2.15514
0.514594
0.494745
0.450913
1.01381
1.28476
0.267536
0.488141
0.893083
0.693424
1.94498
2.44397
0.0530247
0.0995521
0.0340584
0.464548
1.12881
0.502477
0.81997
0.146622
1.49418
0.513817
0.0695806
1.97567
0.515526
2.39557
0.408305
0.352812
0.021689
0.576618
0.996634
0.715958
0.0325461
0.100953
0.130651
2.53023
3.07115
0.719893
2.31762
0.0559656
0.79177
0.763371
1.06016
0.619707
1.10269
1.69764
0.728832
1.11605
0.153046
0.0132241
0.187352
0.996167
0.589506
1.15295
1.14499
0.724383
0.668775
0.982495
0.181507
0.441819
0.325775
1.41782
1.54932
0.462212
1.46921
0.289302
0.154679
0.528579
1.10813
0.0489516
0.840989
0.648011
0.695112
0.584754
0.520985
1.0946
1.23731
2.22836
1.47954
0.682539
0.111265
1.23656
2.01243
0.015241
0.543515
1.68449
0.4392
0.953036
0.325587
0.222672
2.10669
2.74534
0.465206
0.326775
0.230166
1.72302
0.124038
1.51157
0.100112
1.1923
0.887126
0.424044
0.483829
0.364893
0.0282485
0.720293
0.429653
0.24782
1.20987
0.254162
2.21402
0.0209183
0.519527
0.778137
0.810341
0.887436
0.512882
1.29145
3.19976
0.495598
0.0858473
0.432867
1.01625
0.228193
0.155061
0.936364
2.00841
0.182827
0.817349
0.615917
0.658783
0.89313
0.1535
1.78318
0.313365
0.564851
6.2322
0.650449
2.38473
1.88487
0.988429
1.20895
0.0724835
1.3851
0.00347597
0.883408
1.09343
1.40525
0.482329
2.43036
1.59016
0.638011
0.175621
0.516215
0.610361
0.727078
0.795968
0.679424
0.711886
0.200529
0.447669
0.289937
4.10154
0.183453
1.23652
1.05261
0.26946
0.351293
2.20524
1.75858
0.00897158
0.955108
0.279639
0.711096
2.56557
1.66133
0.353664
0.306142
0.603162
0.411231
3.1009
1.37094
2.44864
0.212718
0.0393904
0.896671
0.703379
1.29087
3.56302
0.145508
2.99085
0.554404
2.1373
0.93321
1.44027
0.0796963
2.57291
3.85252
1.19435
0.229679
0.107156
0.131471
0.501243
0.27101
0.494809
0.583068
1.57295
0.317671
0.5703
1.01403
0.385454
2.20154
0.973225
1.544
0.538162
2.35554
1.69182
0.480728
0.552004
0.671559
0.769181
0.697469
0.487852
0.814254
2.15772
1.52209
1.541
1.92331
4.33225
0.408496
1.50007
1.02206
0.307717
0.369704
2.7016
0.505015
0.362451
0.245478
0.0638318
0.616786
0.969786
1.32332
0.129877
0.00833039
0.119878
0.0968653
1.50461
0.355491
0.658832
1.49253
1.01938
0.893315
0.547204
1.01896
1.25406
1.03522
1.88244
0.163899
0.136396
0.268253
4.05611
2.27669
0.984917
0.846998
0.812328
0.0257305
2.71705
0.0535517
2.68142
1.55404
0.631882
0.309076
0.574437
1.92124
0.65919
1.04068
1.18365
0.767528
0.168137
1.22227
0.261699
0.988285
1.11193
0.281609
0.185639
4.05973
1.84615
0.655627
0.330652
0.732771
0.3401
0.632548
0.208782
1.6641
1.32893
1.47009
0.00996488
2.53193
0.613577
1.40282
0.275894
1.06138
0.538093
0.614977
0.16193
2.14873
0.113277
0.555125
0.656001
0.121676
1.19502
0.532975
1.44578
3.19384
0.596956
0.536745
0.00198386
1.11936
6.11578
2.23016
0.0379869
0.568259
0.703347
0.985733
0.490365
0.698244
0.278379
0.12965
1.77658
3.30472
1.00233
3.09801
0.766549
0.190015
0.339346
0.00305225
0.0235122
0.937977
0.0968185
2.95545
1.40031
0.30638
1.9882
3.98273
0.959999
0.308263
0.981357
0.129544
0.140527
2.02132
0.0470162
0.0566203
0.970757
0.684003
0.0659957
2.51461
0.201405
5.22214
0.291695
2.765
1.22506
1.41027
3.23181
0.388819
1.44333
2.09619
1.41635
0.451862
1.00498
0.0263117
0.275892
0.11424
0.307648
0.185837
1.30589
0.802026
0.614937
1.78719
2.14038
1.41217
0.0745937
0.0507177
1.60227
1.63201
0.706699
1.12323
0.94781
0.00477987
0.365781
0.242024
0.155796
0.309571
0.126826
1.87212
1.00632
0.0527248
1.80402
1.52421
0.108762
1.73859
0.199425
1.06737
0.468958
0.522911
0.812764
0.0836973
0.362961
0.174548
0.533908
0.0499269
0.289587
0.504943
3.10158
0.423106
0.397235
2.9891
0.592243
0.970828
0.639877
0.363989
2.7576
0.372325
2.15432
0.236039
1.0785
0.0409448
1.89917
0.19618
2.66768
1.21002
0.732113
1.59797
1.60378
1.93659
1.03063
0.308164
0.313808
0.967556
1.84874
0.052226
0.457031
1.25856
0.546824
0.121764
1.82839
1.79155
0.326387
0.879727
1.54637
3.7717
3.06156
0.379748
0.00647566
3.24918
0.415904
0.266204
0.414675
1.25295
0.126128
2.21467
1.68507
0.818669
0.560056
0.148895
2.05295
0.140162
1.84439
0.403903
0.61146
0.105974
0.167435
4.3754
0.331208
0.451725
0.053112
0.34646
0.0244966
1.96281
0.198947
0.516252
1.49975
1.16891
1.08429
2.52961
0.730166
1.1677
0.901984
0.649027
2.31668
0.137781
0.859693
1.85106
0.161574
1.20086
1.5938
0.606684
0.420892
0.594191
1.27274
1.62021
2.29615
1.79702
2.51662
0.834305
0.715841
0.820819
0.0904781
2.72282
0.449632
0.426723
1.43191
0.007116
2.14958
0.390032
1.70473
1.20619
1.93144
0.190734
0.291646
0.0735274
0.14465
1.34232
0.360184
0.626888
1.63842
0.225829
0.582875
0.549304
0.0329045
0.794525
0.349468
1.28835
0.529726
0.59069
9.72902
0.748808
0.114753
0.256006
0.0673865
3.748
0.84687
0.118102
0.298879
0.251866
0.109425
0.466582
0.834369
0.289884
0.098942
0.830334
1.4343
0.588151
0.205767
0.709664
0.982341
0.329525
0.195049
0.21759
0.4282
0.101444
2.84502
0.299079
0.180173
0.38057
0.173414
0.206477
1.39743
0.0720526
0.152354
2.92348
0.572506
0.92368
0.793468
0.186073
1.31791
0.530124
0.323296
0.858946
0.335866
0.678187
0.38406
1.5635
1.26059
1.02993
2.05809
0.25024
0.581078
0.238339
0.675538
0.181916
3.93576
0.252045
0.853731
1.63351
1.71862
0.325164
3.57174
0.279763
0.417555
0.176053
0.00426164
0.332696
2.02441
0.813189
1.1344
0.0583253
0.475517
1.52833
0.502159
0.25623
2.36514
3.88225
2.67665
2.10047
0.194357
1.01127
5.02587
1.58919
0.73364
2.29386
0.129813
0.319937
0.899762
0.8038
0.277544
0.132573
3.18824
0.10478
1.05803
0.058898
0.0499937
1.9204
1.31151
0.0915402
0.830351
0.600487
0.166201
0.144585
1.83128
1.22977
2.52526
0.657423
0.24781
0.246306
3.33415
0.295949
3.7776
1.00382
1.03407
0.903862
1.74165
0.00905114
2.33011
1.08477
0.789586
0.165767
0.482692
0.195651
1.577
0.478101
0.346975
0.987775
0.891924
0.894402
0.364168
1.67618
0.851686
0.0896781
0.324969
2.37816
0.733045
0.0285888
0.096688
1.1514
0.212019
3.78034
0.503084
0.0795821
0.0421447
0.502514
0.75117
1.34735
1.71259
0.796353
0.57899
1.47958
0.951423
1.27561
2.02593
0.304718
0.4611
0.145565
0.87676
1.78475
0.553494
0.749647
3.77682
1.75456
0.108691
1.40289
1.53697
0.403069
2.24005
0.467393
0.279583
1.09255
0.31872
0.912652
0.611313
0.73474
1.18132
0.786338
0.311719
0.550315
1.5291
0.197472
0.54826
1.06587
0.358358
2.25285
0.384048
0.393278
2.07531
0.119659
0.137485
1.33062
0.0727533
1.80337
0.847943
1.28886
1.78198
0.821058
0.162383
0.140496
1.72997
0.634571
0.119206
0.06401
1.26046
0.373986
3.04417
0.120706
3.50678
2.13708
1.27032
0.248143
0.130135
0.743893
2.76363
0.335762
0.166968
0.839541
0.53941
0.31824
3.032
0.107953
1.40816
2.33646
0.530314
0.0199628
1.62731
1.01933
0.2504
1.30398
2.29766
0.11303
2.00714
0.606548
0.1648
0.997325
2.16097
0.79145
0.828975
0.039817
2.73295
1.19125
0.333719
0.511805
1.1455
0.670592
1.5153
2.03398
0.0738418
0.223061
0.244969
0.337028
0.0124877
0.288105
1.77606
1.2487
0.0175782
0.262839
0.88837
0.814724
1.77554
2.50895
2.61374
0.600957
0.894063
0.208702
1.87474
0.814921
0.832671
0.280026
0.183521
0.594216
4.54199
0.0798481
0.248827
0.280869
0.0633589
0.829899
1.46924
0.17765
0.965915
0.138484
0.618095
0.143042
0.79389
0.464045
0.844557
1.10399
0.59846
0.860164
0.441908
0.9917
0.982759
0.767348
1.62249
0.0636294
2.20909
0.835478
0.0228163
1.46284
0.330473
0.186529
0.160125
1.48668
0.204827
0.257711
3.17436
0.434515
2.57189
0.158448
0.0598672
1.51839
0.420333
2.17972
2.18597
0.654689
0.584822
0.301827
0.434621
1.23989
0.86745
0.570083
0.455273
0.657684
0.349079
0.0452927
0.0928587
1.8887
0.342028
1.78631
0.175118
0.284122
0.933552
0.25821
1.22496
0.0450346
0.771976
1.5008
0.526808
3.12866
0.369773
1.88084
0.586962
0.715261
0.0821109
0.708636
0.792837
0.229499
0.338245
0.00684654
0.03128
0.757439
2.25843
1.44314
0.00999569
0.760772
0.818263
0.328615
1.04896
0.0549949
0.305894
2.21544
1.23396
0.422338
0.646736
1.46531
0.193017
0.213776
0.413257
0.0993423
0.330818
0.267815
2.96118
1.63835
1.15828
0.980146
0.30986
1.85348
0.121301
1.23345
1.16588
0.363358
0.282405
2.15934
1.70387
0.543898
0.14741
0.356651
0.664731
1.43957
3.38048
0.815358
0.789719
0.965049
0.502344
0.0947685
0.690477
2.39777
0.404447
0.465688
0.628077
0.914061
0.49396
0.982032
0.852555
3.88299e-06
1.684
0.212671
0.304523
2.07773
0.220268
0.260143
0.880047
1.45637
1.34338
2.31097
0.0133436
0.623184
0.443654
1.26211
1.61462
0.00927168
0.590403
0.217889
0.587023
0.198029
0.773396
0.70963
0.314474
1.81431
1.23999
0.312304
1.20943
0.0765421
3.48538
0.145317
0.265132
0.825869
0.586669
0.494949
1.05678
0.0251867
1.06692
0.165612
0.818493
0.270885
1.08804
0.506776
1.21691
0.651208
0.448615
0.58632
0.225924
1.85852
1.34129
0.0718473
0.161948
0.405838
0.453123
2.60198
1.15413
0.138352
2.42074
0.526188
0.0383473
3.79284
4.47354
1.06438
0.918062
0.0932466
0.0897419
1.72825
0.827628
0.636005
2.38552
0.396371
0.157903
0.108507
2.269
0.214282
4.01761
2.10703
0.25284
0.19787
1.10808
1.25271
0.0469556
1.94949
0.053555
1.39502
0.376817
0.341342
0.28743
0.0634163
2.49151
0.654842
5.03114
1.41992
0.618093
0.316438
0.344941
3.10726
0.6185
1.73468
3.67397
0.608371
0.282632
0.469275
0.16415
0.932383
0.438786
0.540828
0.12998
0.251721
1.28169
3.73128
1.51645
0.000411154
0.57224
0.140718
0.0530639
0.400179
0.444218
0.642129
0.504301
2.54777
0.520061
1.01281
2.61118
0.180373
1.41874
0.863737
0.189866
0.982718
1.67541
1.50056
0.0351874
0.924941
0.161349
0.00247048
3.21789
0.173375
0.363349
1.76289
2.22745
0.75018
1.05256
0.796317
0.0198191
0.399932
0.167136
1.09111
2.0442
0.685903
0.373956
0.911508
1.56525
