-2.31102
-1.94837
6.05103
-8.45443
-1.87531
0.681049
18.7556
-0.1365
3.65343
-0.314544
-0.0519619
-0.692485
-2.61729
8.23271
0.415488
2.15055
-2.74779
-62.706
0.215531
1.94587
1.41152
-1.83978
0.624134
-1.12953
1.3479
2.73335
0.8685
-0.514496
-6.31027
-2.15354
-0.572545
0.417328
-0.813301
-3.89476
-4.2604
-0.635174
-0.364311
6.71
-3.56904
-1.12058
-2.72584
1.37477
-1.25278
0.0916211
0.611182
-7.49976
-1.88852
-0.411131
0.900376
-0.798532
-1.14753
0.404376
-0.764104
0.813796
-2.00514
1.06557
1.0287
-0.0229466
-1.03174
-3.60718
1.20939
-1.64949
26.8358
-2.58089
-0.929789
-0.526544
0.842911
-0.430689
1.08467
-2.81285
-40.5406
3.42244
-5.76925
0.264555
-1.10685
0.787617
0.0663871
-0.595198
-0.422379
-0.72618
-8.15158
0.118634
0.467215
-1.88037
0.0814413
1.07485
-2.96521
4.52857
-0.244152
5.70674
-0.00794447
-0.31297
-0.605198
3.55364
19.8125
-1.12297
-1.59065
-0.571356
-1.2577
0.275497
-1.92824
0.274161
1.4404
1.69551
1.12116
0.654907
0.599595
-8.39364
-2.933
8.24651
582.602
0.625885
-3.84248
-0.817657
-0.077043
-0.622685
0.132555
1.21727
-1.33693
-0.657476
0.992632
4.84275
-0.766687
-1.81435
0.0285696
0.673501
1.67474
18.813
-0.0567061
-0.585587
1.20459
2.58736
-0.623185
-9.43522
0.0455396
-3.17429
212.211
0.10352
1.33882
0.199108
-2.00237
0.0144655
-1.13296
-0.188607
-2.49107
0.108896
-0.605048
-3.898
1.53255
0.658323
-675.789
-1.32494
-0.961689
-2.07839
0.738261
0.0448921
-4.02395
-1.3602
0.653604
2.84695
5.23292
6.18813
1.65104
-3.87364
2.07794
0.0622149
-20.193
2.55283
1.10749
-2.95073
-0.244607
2.54569
-0.549764
-0.167716
-0.575014
-0.879035
-0.383728
-0.669782
-1.59929
1.63822
-1.31352
-3.58532
0.959887
0.332017
-29.4447
-1.20955
-4.22961
1.23846
-0.657799
-0.0711301
-14.7918
-0.104648
-5.24957
0.880961
11.1531
0.529108
-3.13077
0.0749646
-10.7842
0.743526
0.296278
12.6874
-1.72888
1.01405
1.11031
1.26976
0.272999
-0.797219
-2.30851
3.42565
-10.0498
-3.36664
-0.779188
-2.11491
-0.180335
-0.861475
3.00579
-2.73959
-126.165
-0.624597
-2.79099
13.7099
-7.37934
0.631648
-2.19395
0.343062
0.292348
-0.175171
0.543926
3.69325
-0.420053
1.41512
18.4114
-0.500695
-0.763304
1.10395
-2.72613
0.204332
1.08097
0.00161048
0.42978
-0.234949
-13.2261
0.271659
4.3607
1.46272
0.140669
0.691024
0.426668
-0.260861
2.00007
6.07409
0.41879
-0.251938
-1.39671
1.08109
0.792549
0.809067
0.246289
-2.82674
1.06927
-1.98427
1.42749
0.346464
-0.756379
0.207404
-16.4993
0.157129
6.00467
0.637632
-2.62657
-0.0415943
0.700453
-1.19029
0.193873
48.4048
0.603587
0.21013
1.20355
3.21887
1.18335
-0.700722
-3.45862
18.146
0.385056
-2.84715
0.0140064
-5.33723
-0.76267
-1.45855
1.67029
0.683933
-1.67376
-2.21119
0.160508
-1.06049
3.21632
-0.527666
0.203236
-0.765042
1.3171
-10.0298
-0.200811
0.13977
0.885188
-1.2138
0.0940627
0.146942
0.229913
0.21879
-1.00952
-1.33461
0.656258
-0.53052
-0.988763
1.69447
0.448405
0.0714563
0.243103
-1.75158
-0.581679
27.7298
-1.01268
0.0846516
-3.47308
-0.42475
0.256124
-0.26456
0.667514
-0.188428
0.238978
-0.143081
2.96805
0.357238
0.433311
-0.0318393
-4.40856
0.898462
0.588748
1.30861
0.254744
1.55012
0.000123951
2.45575
6.15123
-0.451095
-0.0768661
-0.178704
2.30922
-2.4742
-8.39388
0.47377
3.89284
-1.63612
0.994979
1.08891
-0.732479
0.198345
-0.618836
-0.809299
0.0805866
1.32505
0.120694
2.66223
0.00502339
2.11972
-0.292098
0.807328
-2.72256
-1.9071
-3.74275
0.716168
0.0890756
3.55736
-5.45937
1.29087
1.33874
5.81611
0.591773
31.7722
3.35092
-0.448755
-0.403686
8.12909
-0.417319
1.64283
-0.440114
7.88433
-5.30265
2.01416
-2.24185
-0.24693
2.60665
-1.08985
0.393682
-1.60822
1.44214
-8.98376
1.78752
4.14075
-4.02273
3.55745
-1.57858
0.35252
0.415516
0.260943
-0.242123
4.77484
-0.197296
-0.256367
-0.806218
-6.77267
-0.355629
-13.6466
-0.684874
0.243223
2.82646
-0.432243
-0.300535
-0.639537
0.212061
-0.298909
1.0486
11.9334
3.49064
-23.6675
-8.23943
0.232249
0.972369
2.44514
-1.56554
-1.31858
-0.494944
-1.63791
0.483823
0.603097
-0.193133
0.315978
0.655777
-0.294713
-3.75329
0.139218
0.181331
9.68459
1.12294
-0.143608
-18.7638
-4.42309
-0.148473
1.04536
-0.224246
-6.21557
-2.40702
-0.323893
-1.14289
-0.284696
-2.54219
1.13495
-0.109428
0.0967441
0.408103
0.722405
0.140361
-0.663543
0.315956
1.83001
3.7406
1.30703
-0.5143
0.0277891
20.8221
11.3668
0.606713
0.785114
1.06066
0.718949
-0.795048
1.09079
-12.5393
-0.134385
-0.655324
1.0161
-1.51583
-0.0758898
-0.979789
0.0626221
3.84538
-3.22689
-0.390745
4.66527
0.119748
-9.72114
1.34918
-0.443121
-210.204
0.049667
0.317527
-2.70553
1.87548
12.8479
-0.2166
1.2634
0.135227
2.15929
0.15064
0.270976
1.40961
0.31966
0.992391
-0.546826
-4.35668
-4.02507
-0.412839
0.297279
-11.5547
-9.13969
0.407525
1.20867
0.0683045
3.34825
-0.254799
1.22203
4.08597
0.829368
-0.384826
6.85037
2.33919
-1.22812
0.0911332
-20.2345
-2.37117
-0.233006
-1.15159
-2.66189
4.83576
-0.0926545
-0.515204
1.00324
0.387273
5.74861
-1.96751
3.65818
-1.48445
1.5628
-0.184218
-0.122885
-0.266365
0.386764
-2.25474
-1.33447
1.12146
0.238121
-1.18297
-0.112807
-1.19729
2.17715
0.141511
1.1742
-0.141332
1.71498
-1.27068
0.0917471
2.18547
1.63223
0.321861
0.166048
-0.0154638
-0.0407897
4.54421
1.09539
-1.58653
-1.37751
0.300607
2.46153
-0.576632
0.334389
-0.899382
9.13028
-0.691864
0.333193
-0.659262
0.0339884
-1.48875
-0.989427
-3.75795
1.77464
-0.237069
-0.64094
1.7571
-6.13226
1.56997
0.25505
-0.182799
0.073991
-1.52644
2.26616
-0.519903
-0.706567
0.271433
1.88254
-30.2599
-1.61635
7.47339
2.41852
-118.847
-0.0159094
1.53622
-3.01324
-9.43847
8.96241
2.02265
0.0671816
-0.29844
-1.09713
1.15012
-55.558
-2.90413
-2.26186
-0.708073
1.06653
-1.23813
0.195838
-1.05376
0.674302
1.37495
-1.02557
2.45051
-1.02079
6.22739
0.188946
0.108495
137.551
0.154793
0.32912
-1.51662
0.0945865
13.342
-1.39943
2.20241
-1.97558
2.57764
-3.80811
0.974828
-3.01076
1.62477
-4.34017
0.675463
-2.4863
0.55983
-4.1628
-1.19222
0.447551
11.4177
-0.910007
-0.894854
0.599475
0.454285
-0.905192
-14.9375
0.939469
8.29379
31.7981
-4.22978
-0.140118
0.548
-4.19532
1.82687
-2.21032
6.21322
1.54875
-0.0887641
2.43934
-0.669401
0.329972
-11.6894
-0.694392
-1.64715
-0.206775
-0.565021
-0.918153
-3.31116
-10.1862
-1.6828
0.633742
-0.985684
-2.66878
-0.0247754
115.583
0.817163
0.710133
0.148419
0.642885
-1.03102
-1.22537
0.183954
-0.948663
0.456836
6.35101
2.87039
5.64927
1.36028
0.117706
66.4451
3.04605
24.7486
-0.336415
0.419085
-1.3992
-0.885233
-0.547359
-1.43256
-0.345939
1.41389
14.0022
0.468265
-23.8405
-1.26046
-0.476661
-1.89512
0.608867
5.26226
-2.88463
0.0781918
0.110016
0.726989
-3.14336
-0.12113
-0.0880099
0.935116
0.706757
8.84458
-56.711
3.45894
-0.00554042
-12.0489
0.00906859
0.260718
0.62308
-1.67863
0.141545
0.842162
-0.133802
-2.36826
-0.71387
-0.5744
-5.52527
-5.51423
-1.13519
0.820617
-0.692851
-6.25668
1.71355
0.349912
0.969116
-2.26963
-0.368404
0.0195039
1.08339
-3.56069
-10.5563
0.230444
-0.729111
0.357173
1.84566
0.564068
0.522622
-0.823412
0.357433
0.696813
-1.12293
-0.44385
-0.251446
-0.307256
1.02724
1.21574
27.2226
0.834049
-0.393711
-1.3222
0.519432
-6.66871
-0.707256
0.226459
-0.816752
-0.445224
0.0474794
-2.52881
-145.612
-0.037407
0.217114
-0.658129
-1.26007
-1.6561
-1.34264
1.00575
2.00964
-0.98901
-1.34625
-4.15841
-0.525502
0.763591
-57.7933
-13.7254
0.113667
2.19482
-38.6517
-2.5103
1.3642
0.173695
-2.06475
0.581187
-2.13299
2.52427
0.0870389
-4.34019
0.89186
-2.21694
-1.8144
-3.82028
0.222467
-1.25499
11.6003
-3.42462
1.61482
0.13371
-0.115936
-0.886592
-2.3987
-0.871526
-0.180781
-1.76069
2.48267
0.377256
-0.610566
-0.946318
15.2604
0.67421
0.157416
-1.25167
-0.310643
0.676278
2.03113
-1.52933
0.854903
1.31667
2.98788
0.41694
2.38961
-0.238053
-0.72668
-1.05749
3.03473
-0.362943
1.8682
-4.34452
1.98292
-0.195937
3.71985
-2.37139
1.54447
-0.814973
0.974926
-0.730046
-0.600143
-0.0875488
0.0612951
2.08085
0.107024
-1.69107
-71.4322
0.0325434
1.94279
-0.318809
-0.557152
-1.14722
-45.5641
-2.08008
0.215267
-0.0816491
2.0124
0.438182
-2.36924
-0.183905
4.18315
-0.602082
1.13875
-0.719333
0.519788
-52.4629
-0.329933
-1.07442
0.315764
-1.47698
-0.906182
1.15252
0.884363
-1.84489
2.09236
7.1987
1.05903
1.86899
1.26464
-0.0932832
-0.635054
3.21814
1.02472
0.831918
-0.346649
-0.967636
19.8525
4.19949
-1.55361
6.32786
-0.638298
3.49976
0.40132
0.531702
1.52535
10.9377
1.06431
0.198087
0.496101
-4.06134
-0.882466
-0.310939
-0.0873515
-0.183899
1.38648
-0.743996
12.0215
0.230765
0.962755
-1.36885
0.940089
0.828453
11.7735
0.28153
-0.837098
-14.9248
1.30245
2.51323
1.30579
0.0477051
-0.304764
0.510001
-1.83232
1.72226
-3.22517
-0.267858
13.6828
1.16475
0.55884
2.74711
-0.0194735
-2.11225
0.785775
-0.724017
-1.03834
-0.752807
-0.0807255
-2.62717
0.550066
-0.307579
1.23903
-1.52455
-1.03872
0.459824
1.61426
-1.55916
3.75665
-0.542442
-0.530946
2.31209
0.0658843
1.3079
1.30568
-0.549836
-2.88357
0.422956
-0.368009
0.0839604
-0.861802
-1.39038
-0.742488
0.130198
-0.111925
2.98071
1.56229
-1.20243
0.018644
8.27157
-0.0728648
0.654588
-0.699112
0.345517
-1.23074
-1.12447
-0.163862
2.62077
-11.942
-1.26116
-0.662932
1.31773
0.437041
-0.351991
2.33964
0.876485
0.555063
-1.01999
0.161169
-2.59498
-0.108138
-1.3225
0.642182
1.98315
2.30041
1.55464
0.0359679
-3.85585
0.831128
2.86759
-1.2588
0.601764
-0.455553
0.134762
0.184794
0.048364
0.618331
0.268259
-0.13125
1.84318
0.654059
-0.534751
1.72384
7.8987
0.808104
0.0228651
0.0936075
11.3316
1.13357
3.6549
-0.54339
1.02499
3.14178
20.2996
5.18447
-0.366114
-0.675789
0.103238
-0.881419
2.90132
0.733655
-6.32858
0.337753
-0.191804
-0.438868
-1.95359
-0.223382
1.08718
-0.646733
-1.08306
2.16557
-2.78279
-1.98961
-1.08605
-0.681674
1.8588
-3.07823
-642.222
-0.271351
-0.083821
-1.95484
0.55576
-3.00672
0.857114
0.194352
0.0480015
0.113217
-0.830398
1.72396
-1.75939
1.1523
1.18469
1.71576
0.457302
-0.397164
-2.38601
6.90772
-0.31361
1.00101
-0.278013
-2.91022
-0.626785
1.54164
0.704038
20.1464
-11.3731
-0.665359
0.118086
0.129353
-0.253161
-0.260892
-19.6299
-1.33706
1.40853
-1.54898
-1.10489
2.93954
-6.34775
2.92051
-0.11942
-1.57827
0.702584
-0.0548597
-2.13637
0.272182
-0.317164
-0.214896
-2.44652
0.38422
1.2193
0.42571
1.0081
-0.660534
0.0487287
2.07224
-3.41287
-5.6104
15.0582
-2.3116
-8.29862
1.09142
0.16188
4.85398
6.98071
-2.12017
-27.4148
0.13557
0.0845635
-0.356199
0.347489
2.93035
1.93043
-152.252
-0.0766066
2.06076
0.0941815
2.9477
-1.71499
-2.98812
0.721573
1.09408
4.2111
-0.441136
-2.42016
-0.195395
-1.48414
5.10518
0.646339
0.67567
16.1913
0.630572
0.23306
-1.59197
0.435771
1.69728
-0.415554
1.05867
-0.980105
-0.49553
1.49645
-1.91114
0.257802
8.01665
2.25653
-0.494654
2.147
1.16409
-1.85883
-0.276099
0.315773
0.52108
-0.05193
1.1635
-2.79055
-0.126989
2.26829
0.553711
-1.56019
-0.035409
1.29399
-2.18543
-0.143866
1.48286
-1.84442
0.437612
-5.68333
6.54259
-0.84163
-2.50704
-0.970859
0.0657501
-1.47943
0.369114
1.12152
-0.0649874
0.847627
-0.546944
-1.27086
4.34991
-0.799465
-4.16391
2.04186
0.757118
-0.399058
3.6169
1.65214
-0.612413
1.96655
-0.45809
1.27271
0.764513
1.24194
-0.473768
-1.16914
0.0839438
0.391914
-2.07122
3.39447
3.05645
0.718234
1.39803
-2.04933
0.0511901
-16.7864
4.52596
0.246881
20.9124
0.698324
0.401135
26.7461
-0.0677169
-2.40106
0.925855
10.8912
5.57314
-1.47411
0.85698
-0.636421
5.10173
-0.0994014
-2.92105
-1.82122
1.20022
-0.0368461
-1.42471
-0.360832
-0.898043
-0.329831
761.264
0.70232
0.097073
-16.3336
-2.06767
-10.5005
-0.0270108
-1.95565
0.0307509
0.0831942
-0.955813
-0.163606
-1.81855
-0.53961
2.71538
-0.355653
-2.67033
-1.79143
-2.07126
1.44574
0.283533
-1.63885
-0.0720517
-9.33659
1.48435
0.393707
-5.25473
-3.63842
0.000544379
0.655383
-5.31374
-0.228042
0.0263361
0.0431614
8.01045
1.0865
1.70396
-0.0689598
0.303944
-0.682672
-0.0494671
0.616354
0.12249
-0.756412
-0.545472
-1.72064
2.30301
3.93842
1.51675
6.25294
-1.66569
2.52316
-167.122
-1.13055
0.816991
1.52285
-0.563079
0.426031
0.572347
-1.17292
-0.287022
0.0585524
-2.03835
6.86493
0.238361
1.76741
0.892942
-3.86121
-1.45743
22.6543
-0.940939
-0.149989
3.99722
-1.18133
-45.5849
0.798823
-1.37683
1.34778
-3.96373
0.82561
-1.27804
-2.82543
-0.29203
0.975282
-153.973
-6.28056
-0.49342
-4.12624
-0.262111
9.17184
-1.6334
-1.73287
-0.14703
2.79726
-0.402249
-6.8579
-10.785
0.398095
1.31029
1.52054
3.84324
-1.06416
-0.999433
-24.4222
-1.08199
-0.411044
-14.831
-0.796997
1.68172
4.97275
6.64154
0.11659
-1.80061
-0.150964
0.134819
0.130679
1.25613
-2.32478
0.371194
-3.10681
-1.43536
-1.42593
-2.88968
4.31362
0.23864
-0.00771426
-1.33802
0.262281
2.12761
-3.41894
-1.15199
-3.75657
0.119383
0.0442443
-0.286991
-0.391876
-1.16525
1.45716
-0.0205688
-1.22045
0.441618
3.44556
-0.925586
-1.50495
-2.36455
-0.631355
0.54923
-0.341359
-1.97963
-0.184085
-1.26012
9.63283
2.94086
-0.829056
-3.89354
-3.20565
2.0121
0.783615
-1.34844
-1.68324
-0.164144
-1.36362
0.643299
-0.104453
-0.421563
1.0721
0.073076
-0.857009
2.86594
0.852541
0.340312
-1.61914
0.180141
-0.5835
-1.34994
0.905256
-0.511189
0.198599
-0.036
1.40457
1.14632
-0.166477
0.79054
-1.13792
0.826371
10.0011
-0.435881
-0.154187
1.22644
-0.955511
-41.2624
-0.482321
-0.951465
-16.2181
-2.62793
-0.949713
1.11719
-0.829292
0.416611
-3.01682
0.74586
0.0717316
0.465868
48.6111
5.617
-0.755891
0.47808
0.906837
-1.95313
0.0389471
-3.14468
0.305086
5.54151
-0.360812
8.56067
-0.73111
-0.728534
0.619637
1.25407
0.660792
-2.51445
0.644456
0.285096
1.26209
2.56092
-4.67399
0.0704185
0.189165
-3.32402
-0.126407
0.752289
-0.027182
-0.0939987
1.74753
-20.5535
6.05376
-0.919429
-0.403003
0.845454
1.61399
-0.884106
-0.305172
-0.487414
2.35943
-20.7373
9.28778
-1.64782
0.23607
2.32556
-0.303051
-0.0536401
0.0796038
0.964148
0.0872085
5.06358
0.666155
3.05653
-0.486893
-0.661306
16.2872
-0.0722996
-0.629894
0.603577
-3.10055
-4.52102
1.27369
2.12236
0.0437799
-2.80894
4.19817
-3.60533
0.650733
-0.356985
-0.641064
-0.0720391
2.09303
-0.220792
0.629435
0.301378
-0.324633
1.20538
-0.781741
-0.267612
-2.99338
-0.759577
-0.344593
-0.962631
0.1902
-4.21762
-0.167054
-3.0026
-2.52963
0.644269
7.59468
-6.85411
1.0462
1.02638
-1.40702
30.9288
-1.22388
0.150736
0.0978339
-2.64276
-0.278999
-0.775365
-0.995603
-3.28001
0.911465
-0.218997
-2.89425
-4.51007
-1.30595
-0.077821
-1.03741
1.3641
0.276763
3.48669
-0.640923
1.08847
-0.479387
1.46162
9.18647
1.26078
-0.118111
-1.83755
-0.460784
-0.017182
-0.931002
1.47674
-0.702077
1.76598
6.02598
0.977015
-3.87812
1.14894
0.851864
4.05122
-0.760098
0.250662
-0.34388
3.75498
-0.612053
-0.898911
-0.706321
0.0234191
-2.09443
-0.510642
0.287462
-0.494782
8.6801
0.309038
2.20843
6.30321
2.60521
-0.671487
-0.964256
-0.95111
1.41905
0.114721
1.39888
0.668212
-0.51495
1.16371
0.080085
0.762772
-1.06306
0.907653
-0.657183
1.89865
13.1233
-1.01675
-2.50487
-0.835287
-7.32518
-9.84939
2.51223
1.4091
-1.18788
1.25028
0.426415
-71.579
0.0813029
-1.26983
0.558683
2.5795
-3.96944
2.00275
-0.975265
1.65305
-0.639435
4.95364
0.0822056
1.12624
0.496863
1.569
-0.0936991
-1.16607
3.79096
0.254492
3.5304
-18.2654
-4.07208
-2.32565
-0.683444
-0.932952
3.3009
0.532741
-1.11123
5.31152
-2.41039
-2.03325
-0.102615
0.110282
0.478354
-0.21309
-2.04164
8.09543
4.60666
2.30109
6.98374
-14.9594
-0.62646
1.31819
-1.5973
-0.901109
0.967106
-0.20816
0.825673
-1.563
-5.2379
-1.38005
0.117716
0.897403
-1.54653
-0.0288839
2.47647
1.39864
-0.899993
0.185095
-18.6909
-2.98127
-0.431276
-0.419062
-0.00776649
-55.6618
-1.8884
-5.04677
0.590424
-6.50675
1.53315
0.60825
-0.217971
-2.22498
-19.2114
4.52685
3.65083
1.41893
-6.23932
0.63801
1.1159
-1.63242
-0.613162
3.36726
0.347821
0.225419
0.865053
5.14433
1.06627
-1.57534
0.284999
-0.64372
-0.450268
1.61473
-0.197987
2.69837
-3.6455
0.0938928
1.29666
1.15972
-0.603369
1.81226
0.169428
-0.378842
0.278199
1.12026
0.637582
1.61421
-0.399568
-1.39493
-0.923752
0.745478
-0.176589
1.74133
-1.13314
0.584166
-1.12451
0.189842
-1.22549
0.408865
-1.13055
2.63791
0.59405
0.427786
-1.22735
-2.35882
0.5305
-0.0981543
-0.104727
-6.48932
1.79481
-1.9353
-2.74425
-2.09449
-2.36068
-2.56322
2.71192
-7.69008
51.8461
-2.76891
0.52465
-0.977588
-1.97716
8.53571
-0.976832
-0.348261
1.28034
2.08435
-0.406166
-1.14458
-0.774045
17.327
0.0188796
1.32036
-0.867471
-0.961583
-2.3002
-0.633027
-4.1381e-05
-1.12693
-2.57414
0.579769
-0.902568
-2.39577
-0.432814
0.780095
-1.3685
-0.736574
-9.75028
-0.31019
0.588862
0.635508
1.39781
-1.03991
-688.885
0.927644
-0.842236
2.05245
-0.873642
0.85061
-0.453689
-2.14227
28.1494
0.756173
-108.099
-0.381494
-55.7805
0.0759307
-1.35189
-7.65557
0.464724
0.259422
-0.756624
2.44013
0.308886
6.27539
-0.296136
9.20516
-0.616345
-0.402068
0.17187
8.85908
0.307447
-0.0153383
2.10794
7.81097
-4.13101
-0.420514
2.51817
1.71843
0.0825757
-4.13634
-0.781595
0.0712033
-1.09177
0.0325391
-5.44092
-7.69522
0.219108
0.738871
-0.589695
-0.245966
-0.695531
-2.58265
-0.435614
0.796419
0.715221
-1.88694
-0.157218
-1.69087
-0.596183
1.56161
-0.926512
2.42213
0.924811
-148.78
-2.04016
0.0115762
2.5188
0.627642
0.533892
-16.0413
-0.70499
0.21597
-0.941676
-0.842673
-40.0384
-0.0758005
0.679528
0.392127
-2.3626
0.0490981
-0.33816
-0.0352199
0.476996
-0.0412075
-7.86452
0.376297
6.1092
-0.498
0.485592
-4.64645
1.99648
0.394356
-0.149631
-0.0209367
-0.161685
-3.38652
-1.7071
0.601073
-5.37446
0.949569
0.646619
-0.322884
-1.2329
4.88921
-2.15845
-0.252202
20.7079
-1.85482
-4.61724
-0.366242
0.553524
4.48567
0.147914
2.45572
-0.241329
-0.374182
-0.363948
-0.00986035
-0.402947
4.17058
0.810277
-0.298184
0.00182208
-0.649961
-0.113381
-0.357504
2.67154
0.723847
-0.738888
-0.521131
3.92921
0.254529
0.0603319
691.833
-3.48889
-2.28863
1.63332
0.667033
-3.22812
-49.2311
0.0742633
0.397498
-17.4452
-2.5437
-2.91687
-0.485456
-8.76898
-0.0664253
-0.412994
9.92274
-7.85064
-12.8973
1.64665
-1.05681
0.767194
1.38113
-0.764728
8.65708
2.52783
-1.84925
-0.0544452
-0.18698
-0.648502
1.17948
-0.888751
0.290089
-1.53473
5.39876
-0.297833
-0.549008
0.879491
-3.93557
0.387098
0.113022
5.45703
-2.02899
0.412823
0.476074
-1.33209
3.05713
-769.366
1.8202
0.78851
-3.91156
2.06707
1.96473
-2.86867
6.00454
-3.12928
0.168875
-1.02045
0.892992
0.503619
-1.12908
-0.874137
2.23755
7.56997
1.88385
1.20014
-11.8639
0.363499
1.22824
-121.474
2.49408
-2.34068
-0.817946
-1.14934
0.897645
-2.59131
6.26599
-1.21462
-0.174189
10.282
-0.549421
1.08787
0.33293
-5.48253
-0.550539
0.310373
2.02143
-0.488006
-0.391817
-0.729281
-0.341598
-2.03384
-0.226326
0.193837
-1.88629
2.74261
-0.651592
0.355014
26.5155
1.18639
0.326149
0.369423
-0.0898322
-0.640903
-2.88281
-3.19901
-0.278066
0.784384
-12.0037
-2.2059
-0.973013
2.7848
1.58902
0.348955
0.0169847
-0.850907
10.4438
8.02377
1.26405
-1.73394
9.35049
-1.53598
-0.237445
11.3522
1.08541
-1.58256
1.12591
1.10993
-2.58019
0.945379
1.49655
-5.36106
-0.474863
0.459563
-0.135267
-1.17794
0.683783
-2.08429
34.0889
4.72909
6.74062
-4.02562
0.0344055
0.0463048
0.952028
0.153451
0.00727412
0.513678
0.14284
10.8965
6.08576
0.535576
-0.726786
-2.62819
-2.55123
26.1669
3.69813
4.0098
-1.17854
0.362791
9.47693
0.179672
-0.325822
0.338879
-20.0945
-424.439
0.0773602
-0.644041
8.85679
-1.91083
-0.368672
0.770043
-1.87751
1.41347
0.0194912
-0.589007
33.6425
-0.675804
0.778157
1.17005
2.49531
0.282085
-0.30059
12.424
-1.95332
-1.32864
-1.06326
-0.833527
1.1749
-0.455502
-0.224713
7.36073
-0.75959
-0.787947
-1.01524
6.50898
-52.9064
1.02985
-0.00511611
-1.54118
0.749889
-1.65421
0.101721
-1.61674
10.6784
-0.0918098
33.3675
0.259754
-0.985141
-3.07522
0.29618
1.92536
2.47902
9.35582
-0.34837
0.214593
0.657898
-0.526352
-8.19636
-3.13259
-0.915912
-2.1541
3.2349
1.66136
1.61874
-0.692521
-0.891294
-0.802861
0.319917
7.42798
0.36894
4.91912
-3.6265
-3.58781
-0.521938
3.76779
1.43527
0.455667
-0.495956
0.504258
-0.185496
-3.72034
0.271527
510.92
2.12262
-0.186893
-0.530866
0.166716
-0.594472
-0.760157
-0.0743589
-0.502349
-0.416564
-0.110669
-1.48503
-1.33725
1.17196
2.49415
-0.831377
-0.733663
-0.111707
0.0200327
-0.664521
-0.957997
1.29145
0.118856
1.88778
1.0882
-0.588111
5.13162
0.547351
0.893458
0.606299
-1.53406
-1.10731
-1.41413
-2.18569
0.487766
-3.65048
-1.09518
0.799159
-0.900955
-2.97548
-0.773336
0.0310158
-2.62019
49.6205
-2.37959
0.0060451
2.52777
0.263264
3.57932
1.11305
-1.53329
-0.998676
-0.534667
0.846126
1.01918
-0.855302
0.65369
1.17289
1.05373
0.468446
5.14046
0.469695
13.3144
1.31769
0.92182
-3.31444
-15.4628
10.5687
-1.05428
-4.25312
0.617217
1.02759
0.130433
-0.348564
-0.268812
-0.385895
-0.247673
-3.13074
1.05728
1.09656
-2.8633
3.35219
-3.45609
-4.0077
-0.347034
2.74971
-0.0892249
2.01019
-0.388983
0.235559
-0.69957
-6.91726
0.534468
-0.818984
-0.249466
1.38496
-2.46167
0.0744279
-1.2495
-3.29162
-5.75311
0.524158
-1.13678
-2.04056
0.212506
2.53346
-0.749123
0.608304
0.397543
-5.27477
0.824301
-2.3915
1.94882
-4.23337
-0.582696
0.162637
1.5585
-52.0131
2.21288
-6.76563
5.68342
2.23062
8.22559
2.61962
4.44867
-1.6619
-0.393329
0.243062
0.0353114
1.53528
0.487319
7.4749
-1.0633
-0.0568988
3.07685
-0.422274
0.538077
-11.3344
-0.0738485
3.13223
-0.409767
-0.671147
-3.51402
0.000312341
29.6195
0.698567
-0.139503
-12.4881
1.49817
-4.89996
0.382321
-0.896504
-0.778228
-1.85294
-1.19772
0.436439
1.89912
-0.279801
0.0570423
-0.517916
0.248936
0.546277
-0.139554
-0.806091
1.82644
5.71724
0.533964
-0.798459
0.300935
1.66682
1.61862
0.249327
0.938755
1.0496
-1.51735
0.0898329
1.21103
0.548591
-0.139174
-1.23218
0.283045
-0.282024
4.58222
-2.25724
-0.389189
-3.62911
0.321091
15.2064
-0.508924
0.515614
-5.18616
-2.67442
0.478435
-0.656013
2.25699
-3.82587
-0.0506996
1.04432
-0.0922586
1.08693
-3.1711
0.233716
-0.468203
7.16462
1.66868
0.396835
0.727505
1.76463
-0.162771
0.0441552
19.4897
0.486596
4.60501
-4.02777
-17.6743
0.566982
-10.1775
0.837292
1.82521
-0.805336
-0.317239
-0.585377
-0.367924
-0.656973
0.375107
59.6148
0.901592
-0.148662
-12.9104
2.9597
-0.204861
10.7515
-0.00526358
-0.447191
2.44894
0.388088
-1.6361
-0.168258
0.866149
-1.49902
0.272514
-0.450963
-0.184376
7.09883
-0.497557
-1.17866
-1.20108
0.542073
-0.597241
-3.91703
2.84312
-1.93403
0.950178
3.36794
-0.482994
-1.1469
-2.71334
-0.766547
0.177358
3.54725
0.81319
0.582772
-0.621459
-0.884138
-1.15034
0.355946
0.807694
-2.14337
0.646386
-0.488121
0.99555
-2.36614
-1.51333
0.0602909
0.747136
2.19438
0.31285
0.819039
-2.06084
1.62597
7.74416
-1.4968
-0.295383
-6.60554
-0.0395575
-0.13427
-1.09705
-7.49012
-0.409439
0.186538
1.86091
-4.21657
-0.469377
6.83189
1.08963
1.21019
0.316843
-0.299047
-4.60573
22.7068
-0.72776
0.239651
1.06165
0.703521
0.709942
-0.189439
-2.0683
2.03309
0.144953
-0.247657
0.987202
-1.84853
-0.66709
0.0905164
-163738
2.72185
-0.191589
0.783946
-1.51571
7.36847
-5.82588
-0.403596
0.349088
0.504136
0.872197
0.597677
-1.16568
-0.752716
3.83117
-1.84954
0.657047
0.260194
-0.130397
1.51414
-1.152
0.150714
-1.58242
-0.757885
-5.40371
2.20153
0.0973739
-0.626791
-1.94791
5.10937
-0.215908
0.108373
0.0654465
-1.69453
1.45583
-0.438279
-0.573808
-2.98197
5.28492
0.863579
-0.78152
-3.01871
0.504739
58.5874
-3.97903
0.585868
2.31864
-0.44362
-1.34109
2.07668
0.937081
0.978519
1.54581
37.0502
-0.542919
-0.70993
0.390024
-0.371111
1.67915
-6.59254
-1.8032
0.819823
9.08046
-8.52876
-0.429382
0.702256
-0.719247
-0.182794
-1.65573
0.693118
5.93092
23.0292
0.0692417
-0.00642486
-1.83895
0.137527
-3.4303
-0.264879
1.39123
1.13744
-1.41585
-1.73096
0.186247
1.98971
-1.49567
3.38777
0.192574
2.2337
0.559458
0.407338
-0.11709
-0.357378
-7.68404
0.80311
-4.32768
2.93454
0.938174
-8.36412
3.17002
-2.2289
1.45028
-0.305318
0.603767
1.1858
0.515101
-2.97546
-0.885703
-0.896167
2.83929
-0.648852
1.62266
5.85409
-1.32068
0.409461
-0.0447066
-2.19826
-1.74794
-3.83106
-6.18517
-4.68373
7.10647
0.226441
-2.1098
-16.3016
-0.322739
-0.212143
-0.0674012
8.25117
0.110398
-0.301851
-2.56107
0.510171
2.88703
2.34465
-0.582397
-0.499691
-0.483181
1.73683
-3.30426
3.02998
-0.831621
-0.957252
0.769795
-0.865301
-0.107296
-3.59121
-0.113394
-4.10594
2.27749
0.983668
85.9265
2.04998
0.826789
0.860693
2.59583
-1.28736
-0.596812
0.171272
-0.681886
-0.370022
0.838445
2.05912
0.0214589
-6.51985
38.3626
-2.1353
1.59728
-0.667767
3.12422
-0.845941
-0.361955
0.398642
0.804409
1.36859
1.66744
-1.77694
0.50313
0.764011
0.47575
-0.582728
0.517017
-2.22358
2.31459
0.23648
-1.926
-2.17884
0.877524
-16.4433
-1.4826
-0.717657
-1.03115
0.752762
0.386063
0.249927
5.84597
3.68132
4.60722
0.881027
-0.677429
-1.80094
0.409339
-1.39538
-45.0469
-183.319
1.49837
-3.28666
-2.67356
-3.85604
-0.952122
116.797
-2.65487
-3.11148
0.329125
-2.1189
-1.39883
1.63365
4.12751
0.682389
0.914998
-0.788692
-0.522039
-1.6082
-0.381573
-1.454
-0.168604
-0.598346
-1.29523
-2.44026
-1.44297
0.800624
-3.69478
-2.42241
0.156903
-0.0237352
-0.152889
-0.623171
0.240775
-0.722007
0.996261
2.36429
0.17346
1.17102
-0.449591
-0.378835
-0.0272733
0.710198
-4.88041
0.244858
-0.78722
-0.221074
-1.26226
-0.566125
-1.81095
-4.97989
1.02525
0.0828653
1.06099
6.23617
-0.670313
0.480207
0.79315
-0.270267
0.147684
-0.926781
0.943171
3.4487
0.650954
-0.0557076
2.93875
0.00680444
-0.186459
-1.69528
13.1011
0.191062
0.184815
-0.202857
-1.84792
1.72806
7.29999
-2.87396
-0.233915
-0.880369
-1.41056
-0.378391
20.7217
-0.569123
-1.09963
5.73628
-1.53105
3.76021
-1.00876
1.12438
0.187818
0.441933
-8.87467
1.05811
-1.00861
-0.77387
-0.106269
-0.70167
-0.434999
-4.45795
-0.709302
0.408382
-0.548373
1.89118
0.204293
-0.517168
-29.7483
0.394231
-0.112529
0.198694
-0.354817
0.311818
2.25837
1.25222
-0.193321
0.629075
-3.73404
0.602891
0.670669
-4.34339
1.01908
-0.631208
7.13985
-1.56795
2.00434
0.947817
0.969464
0.199185
-0.362124
-0.288098
0.735841
-4.68888
0.120162
0.0578058
-0.159439
0.0601233
0.758407
0.707709
2.47295
-1.79815
0.760963
-0.676381
3.0473
0.27275
-1.76206
-7.70802
0.473351
1.47587
-0.213343
-2.7899
0.0709583
-0.973686
-0.553215
2.88109
-21.64
0.549356
4.11585
-0.354849
0.411299
-0.112287
2.01166
-15.4131
0.0601324
0.635723
-3.76538
0.232938
0.752093
3.33243
1.46417
-0.429094
0.908053
25.9662
4.46052
2.02841
-0.86128
-0.47679
-0.502252
-0.160025
0.23252
2.71575
20.2529
-0.731273
-2.50889
0.961479
-0.000818375
-0.262931
-1.34587
-4.34038
1.00093
2.59005
-0.90471
-0.0104044
-0.845615
2.64202
26.1312
-0.823713
0.251787
-0.0984944
-0.371621
-0.0312099
2.25389
3.85074
-0.365753
-8.28865
-1.40525
1.877
-0.813145
0.277568
5.37582
-0.379212
0.318513
0.989015
-0.527763
-5.20771
4.5092
0.420818
0.471864
-0.408758
-0.719877
-11.1185
-0.014311
-22.4829
0.866672
0.722291
-4.65339
-4.82059
0.476034
0.921634
-0.604325
-0.196924
15.7153
0.293463
-2.56907
-4.50156
11.6111
0.271858
-0.230121
0.790954
-0.107962
2.7161
0.14366
1.05463
19.4367
1.47938
-0.867147
2.99853
1.71037
-0.580835
0.233809
0.471135
-0.385148
0.432771
-38.3252
-1.81358
-2.67331
1.68097
-1.31458
-0.454468
-7.21722
-0.944221
-0.481104
3.16231
-2.27847
-0.430938
2.48942
0.507103
0.179053
0.130109
-0.0606575
7.8427
-0.725291
-6.96086
0.186131
-1.24479
-0.959978
-13.2104
-0.290469
0.931514
0.0213567
-0.142452
0.923657
0.704253
4.34563
1.02755
-16.5917
-1.2012
0.580521
7.71119
-8.48348
-0.064703
-3.10622
0.870483
-1.10888
-5.13455
-0.224976
2.53911
0.972201
1.15458
0.332516
-0.63261
1.2282
3.14358
-0.00697377
6.0432
0.881928
-0.631132
0.270698
1.40026
1.68587
0.1286
-4.27848
0.677996
-0.903339
2.51715
0.118887
0.842852
-0.189096
0.210304
0.764525
-0.714744
0.0669226
5.99298
-15.7066
-10.1738
0.816447
1.76476
0.223848
-0.474768
2.14386
-3.88246
-0.646008
-463.458
-21.4582
4.27776
-0.0941406
-4.15187
-5.05248
0.717589
3.18853
-0.941192
1.28545
-1.84159
1.53507
0.182867
0.842343
2.1516
0.326177
2.11557
-1.38395
-0.393309
2.04463
3.85061
0.505842
3.25571
-0.675009
1.37609
1.77838
3.86361
0.145688
0.788594
-7.20669
0.131208
0.163799
0.716392
-0.771727
0.39937
-0.472893
5.40343
-46.324
-13.4003
2.49195
2.33012
-38.7835
9.54359
-0.46303
-0.024697
-1.39702
0.14157
11.1922
3.44364
0.0169842
-0.48
-0.0238938
-0.637668
0.293109
1.34915
-0.452307
3.34266
1.60857
-1.62413
-8.68574
-0.668819
0.47029
-0.482705
-0.0683428
-45.2174
-0.984128
168.474
1.96077
0.438799
-0.193683
-10.0052
1.90969
0.557262
5.12146
-0.339353
1.63737
-1.20205
1.57033
1.70264
-0.904247
-1.01684
7.53236
-4.14553
-0.408485
-1.57434
1.56047
1.38506
-1.31112
-0.537883
-0.422362
-0.419418
6.67386
-0.850365
-0.407882
1.00945
-4.44043
-0.621088
-3.33459
-0.059912
-0.0806542
0.278959
0.0921508
-1.20383
3.34202
-1.86778
13.8871
1.92048
3.27024
-0.471428
0.936307
-5.30182
-27.2679
-0.192003
-0.301542
0.673045
3.29654
0.186311
-10.2598
-0.582679
-0.241553
15.1649
-3.9572
-0.138046
-0.590102
-1.53971
-0.46274
1.09525
0.532459
2.30678
-0.0181023
1.40498
1.32604
0.533197
-0.478267
1.73406
-0.362251
-0.108962
-3.63443
-1.41929
0.806208
-1.00233
-0.474684
0.332704
2.98385
-0.070874
-0.340191
-0.478148
-0.403631
-2.72589
0.0658207
0.0276167
-1.05024
1.3797
-1.69243
-1.29212
-1.11556
2.26605
-0.336167
-0.478274
0.75091
-1.14016
1.45047
-4.21208
-0.562765
0.674333
-1.74162
3.88199
-1.02642
-0.107414
0.0901854
-0.150287
-4.72994
-1.72768
0.232635
0.0216277
2.15778
0.0302789
0.799066
-0.558764
0.19224
-2.59601
-0.795594
-4.60089
-1.61615
1.02851
-0.2226
0.332256
1.30436
2.2723
9.99914
-1.94441
1.07348
1.05652
-0.461374
-0.643061
-0.647795
-0.0836723
0.703807
1.3162
-2.10449
13.4755
-1.75052
0.250808
-3.67113
0.11641
1.6029
-0.00156468
-1.03743
0.537273
2.62221
-0.275043
-0.810891
0.683785
-0.955293
0.764995
-2.34145
0.808668
-1.20554
-2.83754
0.637161
0.0135057
8.58941
0.584954
-4.75067
6.07572
-0.59917
0.386997
-0.11301
0.110933
1.98843
1.08092
-0.189895
0.101778
2.33914
-5.71589
1.39216
-0.734527
-2.34336
12.848
-1.80727
5.00668
0.624751
0.488243
0.457147
-0.189297
2.76011
-2.07566
-0.56349
-2.09058
694.058
9.77006
-3.109
-0.304603
1.07848
1.31555
-0.733829
1.86388
5.16575
3.00924
-4.92916
8.03204
-0.221651
-1.58027
-0.0047801
4.35888
-1.73315
-11.1823
0.316793
-1.80942
-22.8378
-0.420245
0.0213309
0.0480201
-0.39268
3.79867
1.21516
1.19128
2.06757
-0.34126
-67.7732
2.8566
-1.15792
1.12069
1.00873
-0.668654
-5.77586
12.9201
-0.604931
1.94713
-2.84938
-6.90161
-0.132816
1.21322
-2.07405
-2.76591
-3.61629
-1.26223
2.57576
3.86746
-1.77432
-2.16434
1.26097
-1.61676
2.95371
0.0694414
0.119864
0.435129
-0.696909
0.954015
-7.86768
-2.73671
0.173199
-0.145359
0.447803
6.44891
13.8102
-0.585584
-0.340618
3.61066
-5.87905
-0.435907
-1.39523
4.82966
-2.123
-1.60801
-0.0747635
0.354254
-0.428314
1.49552
1.60504
-0.270378
50.7763
-3.27169
-0.658677
-0.589738
2.02428
0.407156
-19.6471
-4.99117
0.635398
-0.558196
-4.1676
-0.851375
5.17116
1.5296
2.12742
2.35257
-12.022
-0.0483799
-2.45578
3.09175
0.756126
-0.856954
1.09519
0.590059
8.60142
-0.669085
0.451049
1.34051
1215.61
-0.249348
11.351
0.669792
0.121932
-7.73226
-1.1346
-0.438832
4.54826
-2.33065
0.697915
-1.62044
-6.64694
-0.190956
-1.60416
-0.0238899
-9.57956
1.14334
-0.553914
-1.35419
4.27164
-0.766928
-0.276598
0.059023
1.64975
3.31646
15.6025
-5.55224
0.557922
-0.811248
0.190401
-1.27037
-8.72535
0.538951
1.75264
-2.7671
-6.96961
-5.41794
-0.538672
-0.370021
-2.18987
-1.70861
0.00518211
0.520618
0.768404
0.189447
-0.0834868
-1.57893
-0.837959
0.454786
8.79034
-2.86897
0.138416
-0.186868
13.0423
0.290785
-1.38246
0.937248
3.42643
0.0602715
0.219003
23.4151
0.139411
1.53738
0.660111
-0.0304036
-0.999798
-5.33628
-1.26549
-0.899052
-0.438527
4.75383
-1.68896
0.523368
0.447468
-0.49829
1.08472
-0.0781298
-0.0966363
0.61427
-0.956888
0.0452005
-1.54406
-0.743729
-0.175453
0.0535618
-0.585105
12.3018
0.0131421
-0.430132
9.42447
-17.884
-1.25187
-1.93567
-1.0726
0.12249
-0.505448
-1.18159
0.201659
1.64324
-2.66097
0.131011
0.456113
-1.03515
-6.33617
1.41646
-0.329609
0.262222
-0.139019
-0.345766
-0.241116
-16.8558
-0.532081
0.560501
0.84488
-0.080082
-13.6463
-0.464368
-1.84041
-0.884927
2.21292
2.08205
0.506314
0.694864
-25.0219
0.629813
2.91362
-17.0185
-0.257266
1.17447
3.46788
-2.99124
-0.668176
-0.799954
-2.21354
0.122706
-0.0776137
0.240195
0.814708
-0.439095
0.466543
0.345662
-0.261097
2.16272
-1.36971
-0.510601
1.29566
1.99284
-7.25643
17.6274
-0.701133
14.2652
0.32761
1.10927
0.344148
-0.722055
2.58343
-0.105691
1.03517
-47.3712
1.44531
-0.754224
6.65291
-0.624061
-0.682195
-1.02518
-0.332392
-0.162663
-13.0995
-1.83449
0.559198
-0.0732971
-2.22391
-41.1081
1.0513
0.902957
1.88696
-0.928185
-0.154672
-0.120279
-1.64732
0.802439
-1.47096
-0.13838
1.34585
-1.73178
-2.05482
0.524961
1.91196
-0.607193
-5.13423
-3.73228
1.29516
0.363664
2.05697
1.32902
-0.594921
1.422
-1.30708
-3.34794
3.31531
-1.68759
-0.368535
0.252026
-0.00178843
-1.41778
-2.01969
-3.09107
-4.57923
0.0274652
1.94268
0.0360128
-5.51763
2.53124
-9.56522
0.525047
3.75337
10.0186
-7.13758
-0.424351
0.877252
0.376825
-0.74677
2.65358
1.11083
0.260936
73.5981
-9.79184
4.4668
1.95569
-0.111921
-1.34665
0.105789
-110.731
-0.140475
7.00636
0.365138
-0.388446
2.24026
-4.80881
37.654
50.258
0.222955
-0.172156
-0.395349
0.396063
-0.412069
1.84824
-0.206084
0.0180289
-2.02414
0.860513
-0.951296
3.16734
-1.26873
-1.9542
-1.00573
9.13135
-0.469983
-0.0881787
1.25389
-0.349518
3.02467
33.1692
4.86399
-0.359524
-20.5605
-0.342781
-1.14645
0.813476
0.630504
-0.491178
0.929333
-0.214139
0.28867
1.03292
0.960992
3.73781
-0.808747
2.74367
0.502303
-1.48264
-0.55621
2.85393
-0.432604
0.0986838
-1.28656
0.396583
-0.352589
0.246997
1.43893
0.666834
-3.06791
-0.866819
0.866123
2.84743
0.00707111
6.0354
0.555415
-2.18426
2.12766
-6.16502
-25.6758
-1.82084
1.18511
1.61684
-6.35662
52.9145
-0.972605
-1.35386
1.07264
0.703895
-0.851188
0.789531
-0.10199
-0.541651
-2.72855
0.747198
-3.96268
0.0684746
1.3182
-3.3859
-1.57785
0.915708
0.85148
0.314058
-0.125944
-0.226037
-0.958819
-1.07106
28.1267
66.1674
-0.847789
0.351309
-1.96246
-2.41605
1.39567
0.359902
-0.719795
-2.15784
2.0847
0.137822
-5.22341
0.856917
-0.375275
-73.6651
1.79985
-3.30382
-1.10577
4.54016
0.0153341
-0.0866332
-0.179318
-73.1174
3.93921
0.649701
-0.618487
-15.2474
-3.20219
-0.741153
-0.00995252
-0.599851
-0.0714938
0.329467
0.663734
6.2424
-0.0857669
-1.4325
-3.39388
1.35096
-1.95041
0.21905
-2.58984
-0.139298
2.29141
-0.714872
-0.369585
0.183392
-1.10468
-2.70609
0.965734
-2.72755
0.316888
-0.262144
0.240825
1.43516
-0.346395
-0.735449
0.618967
0.235431
0.0838967
-0.580232
-3.37051
-0.394737
0.328542
2.06863
-1.09488
-5.06287
0.351983
0.0425994
2.11869
1.54237
27.1765
-4.62496
2.26166
-1.64767
-0.161522
-2.75858
-1.95671
-1.42778
0.366766
-0.781107
0.238498
-1.14679
0.067954
-0.745114
-1.2494
0.493648
0.222686
4.19797
0.0536054
3.60375
3.41473
0.200926
-13.8219
-1.24148
-0.861394
-3.18513
0.509723
1.90802
0.533696
-0.919012
1.44804
1.02143
9.84324
1.23707
-0.272441
-8.0376
-1.48152
0.244317
-0.177028
-0.576054
-1.05091
1.22937
-0.710436
-0.539752
0.0344212
0.290016
1.34118
1.20709
-0.304472
1.8537
-6.4828
1.10225
-0.695776
0.257288
-0.650394
0.266398
1.08902
-0.646954
-0.943059
-0.664699
23.7978
-0.0459803
-1.83549
1.23993
-2.12294
-0.884119
-10.2053
4.039
0.254025
0.616745
-0.350845
-1.87278
-1.93948
-0.622163
5.09451
1.37489
-0.196885
-0.799906
1.20303
10.5483
-0.786817
1.65184
15.8286
-3.3059
-0.0975706
-0.329968
0.244535
-0.417618
-0.914481
-1.36249
-0.560217
0.988226
1.0481
-0.743957
-0.512647
-0.343859
-1.49914
0.245037
0.763422
-0.00918837
-0.312215
-0.561075
-0.0277531
-1.08025
-0.344602
0.304704
0.0490886
1.54949
3.1928
0.517561
-0.0151437
-0.0894704
-1.0723
1.17998
-1.68822
-1.00556
-0.820565
0.474871
0.46097
-1.40894
1.97293
-0.256777
-0.0561646
-0.526801
-1.61223
6.93886
0.970961
9.93498
-0.320362
5.50632
-145.405
-0.250583
-2.73239
-29.2597
-1.42583
0.956692
-10.0685
-2.18725
0.229277
1.02462
-0.351614
0.977912
2.66254
2.15946
-0.124967
-0.0920451
-1.69968
0.542181
-0.685193
0.0171664
-1.70522
-1.85492
2.46378
-1.58827
1.48684
-0.438635
-4.78912
1.55184
-1.8904
-2.24726
-0.974337
0.260194
-0.20639
0.106602
1.72046
0.201074
-0.304567
-2.98938
-1.87726
-2.94424
-4.13565
1.53902
0.126016
-2.38453
-0.720474
0.780056
2.06153
1.91981
-1.07432
1.18143
-2.31448
-0.600005
0.293753
-0.194508
2.41755
-1.03061
-4.1674
1.15069
-3.26027
-0.522935
-0.144406
-0.413306
-0.902286
0.159507
-0.913889
1.0452
0.250912
2.65102
-0.696841
-0.386187
1.29788
-1.86539
-0.220038
-0.536864
-0.0839894
35.9792
-0.117532
1.89872
1.04064
-0.786366
-0.194931
-1.2692
1.49556
-0.608463
-0.879361
-0.642432
-0.155004
-0.603791
0.631402
-0.240528
-0.322372
-0.306666
0.229445
0.216362
0.146535
-2.38055
-2.97125
1.81216
0.232999
3.53844
-2.55922
-1.02234
0.493229
1.55075
1.83804
-0.593381
0.804862
2.42715
15.0741
0.596402
-0.699737
-28.4791
-3.43637
0.599882
-3.28198
-0.693477
1.58132
27.7518
0.456153
0.446344
0.829197
-1.15365
-1.33345
8.97811
0.174268
0.825947
-3.30628
39.1799
1.40336
-0.157391
0.449763
0.919057
2.20393
0.0558797
0.642117
0.368262
-1.66716
7.93316
1.41244
1.37747
-0.329543
1.74592
-3.11427
-2.39617
-0.809302
-0.642145
0.0506683
1.65011
-2.31387
-0.434833
-0.284853
0.0702453
1.36905
0.645289
0.986819
0.320281
-0.390154
1.22652
-0.609059
0.272522
-0.96573
0.353059
0.374643
0.662437
1.7694
3.09046
-2.98049
-6.54561
-1.41915
19.2221
0.414263
0.0981617
-1.91304
-2.78487
-0.0328406
0.584828
1.77169
-4.07101
0.357824
0.410701
0.897049
-0.151455
588.925
-4.58743
10.6996
1.39516
0.253584
-2.98758
3.6619
-0.115039
-0.279507
2.15861
-5.38188
-0.11276
-1.39712
-6.35595
-0.17372
-1.18416
0.33399
0.105466
-0.301767
6.62592
-6.5944
0.500297
-3.29492
-2.53192
0.187934
-1.78404
-0.325759
0.355913
-0.0697282
1.20911
0.516902
1.07031
3.77027
-24.0856
0.13865
-15.0273
0.96026
0.446694
-0.54285
17.6103
-0.0687182
-8.85884
0.985537
4.79924
-0.74899
0.168049
-0.124032
0.79805
0.464478
-3.98473
-0.925762
14.1166
-1.25391
1.41186
-2.40937
2.88172
-1.03313
-2.11924
0.122568
0.601937
0.276605
-2.35244
0.53247
0.796324
0.399939
-0.565808
-0.962323
3.57184
2.61298
1.10966
-4.11664
0.747232
1.00678
2.30565
0.172593
0.0387826
-1.14036
7.75589
0.204485
-1.82463
-0.279805
3.11499
-1.38009
1.34413
2.49095
-0.796726
-0.744458
-6.77705
-0.713889
-2.34993
8.32478
0.985298
0.0422781
-0.0198904
-2.18365
7.73658
7.01954
-1.71209
1.09492
-0.450248
0.14675
0.383571
-3.04523
1.65783
-1.07679
-0.220221
0.044446
-7.67174
0.180458
0.25548
-0.161021
-0.87438
1.4578
1.93595
0.586961
-1.54054
1.12473
1.3718
-10.8293
-8.28258
-8.21862
-0.905784
-2.02722
0.77406
-2.16706
0.00153728
-1.61621
1.4597
2.5002
-1.00922
2.00808
-1.12951
3.59866
-0.492892
-0.141006
2.20779
-2.30905
-0.879241
-0.315891
-1.23229
-5.27885
1.90468
3.12929
1.22426
0.67957
0.592685
0.254039
3.01056
-0.3425
1.71433
5.06477
4.26447
-0.131139
0.158509
0.084164
-51.903
-0.133235
2.16818
-1.33378
7.77164
-3.90984
2.64228
0.983566
-0.492194
171.456
-6.86203
-0.297158
-1.138
1.58121
-2.65061
0.63989
-0.0281249
0.688688
1.60211
-2.65469
-0.580317
0.687704
-0.0804969
1.01443
-0.081738
0.379436
-1.77691
-0.889002
4.04284
4.21077
-2.78644
-0.428058
0.886155
0.516699
4.18637
-9.095
1.46171
-0.0727534
-0.563231
2.754
-160.6
4.31402
-0.910464
0.443399
-0.745715
-6.06503
-7.25359
0.827854
0.149204
-1.25527
-0.880936
2.31389
-1.7452
0.981489
3.99672
1.66289
-0.179602
-0.570222
1.57131
-0.764284
1.88461
-6.22
-8.51507
-1.3671
8.51095
-2.68455
-0.812075
0.22076
0.957902
-1.26677
9.8732
-0.795765
3.34446
0.561782
1.95172
-5.03886
-29.4819
0.0241918
1.93862
-1.9825
0.0487883
-0.0489369
-5.23988
1.90311
0.502968
-0.0852506
0.0308671
0.439215
0.24212
-10.2922
-0.312578
-1.37494
33.7877
0.00677298
0.265481
-1.05913
0.390524
0.777908
-0.666507
-0.337936
0.625777
-0.361882
0.421946
19.2826
-2.6267
-0.837545
6.90784
0.351486
-0.752086
-0.0854526
0.0382917
1.50436
-3.84407
5.44493
1.09999
-0.751806
0.923066
0.486643
1.6678
0.505
0.0616174
-1.17197
0.00245264
0.0305721
0.00162694
-0.0755165
5.85468
-0.627454
-12.704
48.8358
-2.12619
0.0830207
1.6825
-2.46101
2.25347
-0.022595
-1.78118
0.21199
1.23133
-0.313521
-1.03307
-0.857733
-1.11839
0.244551
0.577968
-0.0766098
2.13396
-1.02548
-4.56675
-0.0520273
-0.390973
0.807996
1.98092
1.26381
3.05475
2.86248
-2.5523
0.509814
-0.943634
0.0663826
-1.64915
0.579078
1.66526
-0.183542
-2.14607
-1.57271
-0.0839057
-0.0640714
-0.500965
0.342521
-0.16867
-0.788887
0.0684799
-0.378798
-0.477936
0.613267
13.1996
0.929144
-2.08039
0.362435
-0.791953
3.4044
-0.209103
-0.010226
0.271589
-1.99044
-0.225601
-0.195693
0.279157
0.483948
-5.96934
0.191192
0.832696
0.114403
-1.42531
1.22638
1.76487
-1.07691
1.52636
-0.128073
-4.02755
0.872178
6.36354
1.32253
2.95188
-2.52556
0.937626
0.809253
1.18329
0.400554
2.90209
-0.866983
-0.322761
2.87868
1.35061
-3.7759
-0.641773
2.65525
1.36428
0.934023
3.77081
-1.98626
1.20407
0.843203
1.27378
0.813211
-0.480915
-1.87564
0.0894698
0.599224
-23.8565
-1.18523
-6.94839
-0.278195
1.55795
-0.512103
-1.5823
1.09899
-0.087023
-0.397046
1.31366
0.0483621
0.842096
-0.861391
-2.12987
-0.101744
1.31035
-1.13847
0.370346
-0.658679
-0.562051
-0.312727
-4.30121
-0.268853
-2.0869
-9.11405
-0.00544796
2.84812
-0.593046
-0.304716
-1.26589
-0.330851
-2.30637
0.0416804
-2.64538
-0.505329
0.121494
0.511565
-2.25202
1.04847
-5.58323
-20.415
0.0102447
12.2537
-23.1322
-0.655346
-0.657699
-4.93799
-0.0245345
-2.38231
0.569031
-0.702714
9.83222
-0.841503
0.348682
-0.679059
-0.995684
2.97075
-1.8521
9.82626
-0.45829
-0.647597
2.60121
-2.73408
-23.7914
-0.138314
0.067747
0.359781
1.03532
-0.183111
1.24618
-1.20583
-1.2382
-0.550132
5.08399
0.0925728
2.4076
-0.721447
-1.26342
-0.577696
1.22187
-0.28083
0.122719
-0.693828
-1.16936
0.00123964
8.51881
1.13181
-0.515289
-0.67851
-0.103329
-2.99796
-4.13433
-0.906237
0.390159
-1.28042
3.0408
-163.163
0.0188412
-6.33015
-2.46633
1.16173
-0.241468
2.40847
-1.63002
1.05895
-0.80432
0.240428
-0.90164
-0.636556
-5.83262
1.12403
-1.17944
-2.07561
-0.0284332
3.19381
2.11007
-0.306598
6.03597
1.88106
-0.606206
0.123011
1.91559
-1.68541
-0.680414
0.764824
-0.433988
0.180122
-0.248469
-0.654987
-0.106555
-2.1192
1.87245
-0.840317
-3.04478
-1.68724
0.182083
-1.59705
3.69115
-6.5166
-4.03524
-1.06998
1.62405
-0.240861
-1.13987
2.10431
-9.29249
-0.142219
0.0660635
1.98296
-1.3276
0.0332081
-35.2282
0.951745
-1.62826
0.952265
-1.21212
-0.0949773
0.282209
-1.0887
-8.47075
-1.72219
0.943922
0.21473
-0.031568
-1.05939
1.89969
0.858472
0.180678
0.307165
-0.00836979
1.02318
12.5606
0.0788141
0.343561
-0.450347
11.2515
-1.94539
1.226
-1.22976
-1.00282
2.99438
4.30086
0.90186
-0.754862
-0.878754
-0.206627
-11.4237
-0.0671655
-0.928964
1.4244
0.576319
-1.11977
2.01002
-2.21716
-1.3403
-2.21815
-1.94374
-2.05645
1.73383
1.42715
-1.0649
3.04451
1.11336
-0.418638
-6.47479
-6.98689
-6.20855
-21.179
-3.02007
-0.572746
0.481213
0.910341
-5.52423
0.335425
0.27307
0.877686
-0.320059
-0.507557
-2.22061
-1.39305
-6.63884
2.06352
0.729987
-3.74662
-0.0255214
-8.49005
4.22722
-0.0460222
-2.16804
0.790947
1.34733
-1.22716
0.770608
1.68891
5.63612
4.36319
2.12374
-3.24402
-1.36423
-0.369135
-1.44408
5.64725
1.45928
0.00804495
0.264703
3.62148
2.96868
-14.8069
-0.261234
0.475996
0.24973
-0.579141
12.8515
0.548178
0.299764
0.270832
-2.1708
0.762009
0.155983
1.55757
-1.93393
0.64354
-2.86801
-1.52157
-5.84533
-0.878684
1.78771
2.33833
2.5931
-0.805524
8.26665
-0.0313191
0.799289
0.339968
0.456146
0.124025
0.296858
0.0760835
-1.01374
0.916069
-4.37995
-1.90716
0.550233
0.963798
1.10001
1.17422
4.45419
-1.96881
-1.59187
-2.31893
2.84032
0.485733
1.54036
1.15814
-9.17137
-0.748269
-0.725949
3.04411
7.57175
-0.0837668
0.201106
1.93726
-0.680871
-0.17513
1.99844
0.00743212
0.581384
-0.158317
-8.59761
8.24232
-0.179071
4.63664
3.13145
-2.49354
-0.290632
89.2708
9.63718
-1.27314
-7.79905
-0.989585
-0.338449
-1.3601
0.430529
5.6291
-1.74515
-0.457235
-0.308451
-0.00394478
0.394187
-0.235575
-5.10879
0.210479
-1.23782
-0.239376
0.151
11.2995
11.122
1.68919
0.0346983
12.721
0.768868
0.490827
0.529954
0.363067
-0.595776
-1.99299
2.35514
-0.722833
1.59903
-2.23976
-0.255973
1.46219
0.259946
0.403989
30.4711
-1.39309
1.11884
8.10146
2.24322
-1.24265
-0.536274
-0.410246
8.21224
0.142673
2.33348
0.821251
0.317276
18.7484
0.485747
-2.24493
0.471118
-0.558505
0.900263
-9.50911
-1.22574
0.724534
0.962404
-2.14276
0.429438
-0.283134
-0.212372
-0.862791
0.647631
0.902665
2.34134
-0.681251
0.507119
-2.33251
-1.20047
1.57506
0.00190121
-0.281165
16.9046
1.21291
2.73288
-0.372055
-0.206076
-0.390739
-2.5657
1.21062
-5.82679
-1.08451
-0.7712
0.306959
-0.445196
-2.4781
-0.00853769
1.36933
-2.72163
-0.60481
-4.01809
2.95767
2.09009
-0.237569
0.312574
-1.9077
1.47897
0.842877
-1.73777
0.824181
0.0247025
2.84744
-0.549477
1.00335
11.483
-1.01888
0.0767163
-1.56807
-0.697862
-0.980008
-2.29764
-0.601521
0.810962
-1.42021
-0.37324
112.5
-0.585213
1.09943
0.34218
-1.27681
0.73193
0.904731
0.142974
0.658506
-0.350519
0.0141799
2.41133
0.976582
-0.992411
0.0240905
5.13219
-6.05923
1.30592
1.19047
0.979004
-0.605108
0.0730373
1.13184
0.206754
-0.178966
1.01183
0.233282
8.17597
4.05664
-0.358607
0.033451
-0.283239
-1.41468
0.863873
42.3345
0.775777
-77.5709
-0.158733
-0.920422
-0.432502
0.656838
-0.0129743
0.815181
-1.31401
-0.483954
-3.24065
0.391284
-0.0854126
6.61998
4.06412
-0.934607
1.57565
0.286253
0.0699167
-5.30438
0.758966
0.0472969
-0.454955
43.0483
3.18538
2.30537
-1.23464
7.63391
1.46605
-3.6315
-0.426496
-0.304569
12.1868
0.138747
3.32708
-0.921855
-13.1915
0.0240351
-0.0894729
-0.786073
-1.01607
-0.0499385
-0.148606
0.594334
0.603404
-0.53857
-0.736373
-1.0374
-2.57321
1.78885
3.10692
0.468727
1.13097
0.60284
-3.769
0.25752
0.199752
-0.642049
0.122196
-0.504886
1.49002
-0.132031
0.495431
-0.24338
3.10742
0.58536
-10.4852
0.236497
0.264353
0.222751
-0.38377
-17.1505
-0.942979
1.3822
0.442112
-1.32716
0.377544
1.92851
0.362034
1.78709
1.63349
-1.14677
0.0957836
-0.108433
2.81349
0.0804909
-3.19142
-1.32041
0.199909
-0.0473472
-0.0143827
-0.552655
-0.406263
1.13906
0.960306
-0.964598
-1.69876
2.54843
-0.338418
-0.753961
-7.72831
-0.540648
-0.270029
0.452492
1.1992
-7.6288
2.69997
-0.13699
-0.542229
14.8475
16.6022
3.64263
3.79364
-2.02749
-0.379853
-15.824
-0.0080009
2.16893
16.4592
-1.59015
1.05337
1.20853
-0.0794198
2.75826
0.0537993
0.382723
-0.9438
-0.837123
2.22109
-0.61123
-0.968686
0.412586
0.393584
-0.127875
1.84501
3.30174
-0.256377
-2.49755
-0.453019
1.01726
-0.729082
1.12932
1.59986
-0.0174836
3.42708
0.994
-17.7565
-0.471801
-0.94414
-0.278424
2.39389
-4.8702
3.79831
-4.44426
1.62369
1.48397
1.38162
0.0677792
-0.0627365
2.18823
-0.224756
2.28915
-1.74307
-1.34921
1.26095
42.2427
1.08304
-87.3697
-0.0634851
1.71841
-0.0442205
7.78256
-0.555639
0.991094
19.9944
-2.41578
0.286906
1.21598
-0.714112
-0.960048
-0.539261
0.932919
-0.253509
0.339191
0.115511
-0.554336
-0.633946
-1.03381
-0.086438
1.13928
-2.45026
33.2317
-3.26244
-1.86888
-4.82094
-1.65251
2.3397
89.8012
-0.389984
-4.66308
-1.12451
-1.01252
1.06245
-0.303002
-0.0127554
-0.230996
3.71692
2.81034
2.52606
21.1095
-0.325224
-23.9598
0.569447
1.3341
-0.332293
-0.61076
-0.112239
1.47198
-4.92024
-6.62229
-0.443476
-4.15461
-26.9381
-0.306109
1.457
4.51005
-0.674769
0.781885
-1.14978
-6.80659
-0.742716
0.357611
0.755483
-0.171296
-1.05034
-1.17818
1.84645
1.25508
2.76139
0.623188
0.0275405
2.31533
-0.215071
0.220885
-0.450262
0.735005
-4.33767
0.365847
-1.11613
-0.384487
0.446662
-4.02474
-6.65263
0.601951
0.791784
-0.232416
0.578821
-0.395309
-4.49964
4.7334
15.636
22.6508
17.0057
1.77713
-0.358377
3.78022
0.0905855
-0.151284
0.210922
-0.316025
0.0065214
1.31466
3.67874
0.0752801
-0.313034
-4.46853
-5.86836
-4.3484
-2.67318
-1.0728
0.833577
-0.648794
-8.33461
-0.443264
-0.244949
0.477636
-1.28617
-1.01627
0.0930249
10.7948
-50.5038
1.16676
0.821675
0.798969
5.32088
4.20106
-11.672
0.0846143
-1.00806
1.92705
-0.9124
-1.04098
-1.14696
1.49498
-1.01327
0.836856
7.2834
5.94764
15.2482
-2.61207
4.29668
0.581284
1.00746
0.465714
-0.0614884
-0.734591
-0.490491
0.662406
-3.63697
0.0878839
0.310988
-2.08841
31.2733
0.170649
1.15825
0.924362
2.78053
3.57039
1.31975
-3.88746
-0.566096
-1.02968
0.300857
-1.48394
-1.7978
1.12027
-4.85234
1.11126
0.570338
0.0821102
-1.03572
-0.971479
0.127868
1.65885
-3.19485
0.693679
3.02193
-0.540153
-8.18734
-0.573423
1.09885
-1.64464
0.462798
0.0610321
-4.35609
-0.776677
1.46455
1.33236
1.50543
-3.24261
3.77972
-0.865485
8.5801
5.9274
0.0979111
0.272686
-0.712648
-0.230311
-0.708793
-4.83761
1.17317
-0.429502
-1.40158
-0.826264
-4.32256
-0.758011
0.315253
3.30342
0.671582
-2.02459
24.2979
1.39253
8.43426
0.891177
3.53568
2.23919
0.433679
2.52667
0.881338
-1.63079
-0.757926
0.0922433
-2.20222
0.134076
-0.541699
-0.353557
2.59033
-0.193208
0.677478
-1.37714
5.61466
-2.94324
-1.71836
4.86619
1.04881
-0.231791
-2.84557
-0.940627
6.3084
-1.12045
0.597609
2.4079
-0.610366
2.69534
1.98395
0.19862
-0.275667
0.696712
42.1055
1.64013
161.032
-0.556897
-16.418
1.33455
2.11307
-0.173466
0.148811
1.53125
0.219637
-10.3679
-0.200385
1.80129
0.317999
0.457853
0.755961
1.08205
0.436469
5.41465
-2.16586
0.392249
-27.7615
10.7589
12.8781
-0.398405
1.15505
1.73395
-2.08557
-0.557816
-1.36705
-0.419573
0.859112
2.54249
1.03556
-6.81913
-0.409812
0.524505
-0.259539
-7.70529
0.735903
-1.83915
13.536
32.0899
-5.29931
8.97703
-2.70455
-1.23722
0.715363
0.668266
0.203383
1.56352
-2.08419
1.16775
1.53189
-4.60122
-0.479364
0.258879
0.308545
-0.734659
0.740628
-0.0283107
1.5128
-3.06057
-1.28686
0.243905
0.532442
-0.99931
-2.25284
0.547414
0.176791
0.637249
-0.160648
-0.460183
0.6708
1.25775
0.287162
-0.727446
-1.47971
2.44326
0.0242808
-0.437143
0.254775
6.48103
-0.231887
-0.731735
-6.24687
0.0865857
0.952738
-2.06002
0.122687
2.9291
16.2692
-1.02545
20.1378
-0.209917
-1.67074
0.679315
-0.307118
-0.165153
3.27744
-1.03682
1.43339
-0.183506
-1.31934
2.719
-0.471622
14.8851
1.24524
1.55279
1.60411
-2.85291
0.282388
-0.398196
-1.18105
-1.60821
3.5606
1.28221
6.40093
18.1628
0.114206
0.939939
1.168
-0.319991
-0.411634
-2.34613
-12.1037
1.46879
1.4986
5.15155
1.55771
-38.4022
6.53962
-17.2858
-0.266525
4.67267
-11.4119
-2.85648
-0.307563
4.51157
-1.58299
0.664371
-8.19638
-0.0367317
0.0518727
-0.899064
-0.10757
0.11565
-4.31969
0.348213
0.23772
3.37102
-1.49918
-0.9752
1.15497
0.369769
2.22264
-3.40539
-0.736028
0.211148
0.163993
1.90869
-8.542
-0.785026
-12.2756
2.80314
-3.19917
-0.288375
-1.12286
-6.25032
-1.47386
7.57681
-0.854286
0.300121
2.02559
-1.53933
-16.9488
-0.626469
10.0215
-4.253
-0.118937
-0.0945311
0.683489
0.206666
-0.908354
-4.61568
-1.00028
1.86493
0.420397
-0.851916
2.11193
-0.374998
-0.404592
2.41786
-0.807055
2.21464
1.94382
1.0859
2.78747
5.53581
0.636386
0.635134
1.24062
-0.0210094
7.43745
-3.85594
2.05657
3.87032
0.293995
-10.6542
-16.6953
-1.19062
-4.21895
2.31942
-1.48569
-0.0457613
-0.694884
-1.84615
0.15207
0.238351
3.39705
0.195988
17.9772
-1.19803
0.665717
-1.95111
0.0451015
9.33002
-1.32665
1.07467
2.13967
-0.993469
0.608049
-21.7987
-2.13794
0.620397
0.0544759
-15.8156
1.09545
0.332045
-0.823243
0.636497
-4.18363
-0.948021
-1.2835
-0.728471
1.61042
-1.20215
8.32151
0.0864078
274.831
-69.6291
-0.694841
-1.37187
0.499651
-1.14375
0.489428
-0.922836
0.168404
-0.0727252
-2.16992
0.508556
0.657367
-4.19118
-8.25925
-0.117199
-0.361994
-0.174059
-2.73664
0.803628
0.193978
0.416426
-0.248129
-0.840676
-2.12376
1.48741
-0.178076
1.1105
-0.0115567
-5.71838
-0.865648
-0.0244685
-0.0261294
-0.536189
-0.503905
-0.327547
1.60039
-4.191
-1.32585
3.45892
-0.18869
-0.735625
0.44769
27.9196
-0.149495
-0.964556
0.2894
10.7031
3.10948
-0.0763101
-1.96708
1.07926
3.40405
-0.689027
0.478313
-0.356769
0.132915
1.07177
-0.617514
1.57509
-1.40718
2.63593
0.47241
1.44948
0.48041
0.497209
-5.92179
2.79101
0.888318
-0.035299
-1.72704
-1.98553
1.01436
2.1937
1.15501
-3.72285
-3.39444
2.62077
-3.11665
0.0173845
-0.621266
8.44281
0.784213
2.16775
-0.795694
0.908393
-1.92098
24.6703
0.905717
0.628883
-0.471123
0.419611
-0.964268
-0.843969
0.590191
2.14631
0.535299
-3.25168
-2.43575
-1.39106
-0.40175
0.869632
0.00439956
1.15114
-0.397678
0.33072
-0.0362352
1.10877
-1.28419
-2.68513
1.55524
-0.973715
0.713937
-1.28055
-21.9389
0.353138
1.37652
-1.34663
0.154676
-0.405682
4.16214
0.131728
1.44165
-1.0186
0.0536902
-1.61822
0.283692
0.644094
0.0493088
-0.683803
0.530211
-0.545314
-21.8828
-1.40105
4.88482
-0.926941
0.211654
-0.360708
11.8612
0.418994
0.521674
0.255862
-2.86042
34.0776
-1.52887
-2.08867
2.7356
-0.537304
-2.1172
2.35732
-0.506956
0.762293
1.76469
19.959
-0.419076
-0.145829
0.297443
-1.54832
0.0637422
0.384651
-0.218346
0.410711
0.501347
-0.574028
-0.625524
-1.07416
-1.35779
-1.37147
-0.0605617
-0.0190283
4.29784
1.94059
-0.736387
-1.69328
-0.734924
-1.73328
0.322422
-2.33948
-0.136321
-0.238027
-7.19958
-1.10141
-0.395474
-5.12189
-1.35055
0.929245
-0.787359
0.872155
0.790823
-0.658403
3.63797
0.336462
-2.53606
-0.308119
1.35541
-0.414315
0.287149
0.0894351
0.00982829
12.8013
0.0483068
0.176161
-2.55561
-0.452869
-2.20356
9.45865
2.77543
-8.17592
-5.0595
-7.54857
61.9708
0.625385
5.13348
-3.97676
-0.17433
-15.343
-0.702029
1.90777
1.492
90.2076
-0.00780083
-0.178061
-0.627774
-0.581922
2.44013
-8.05393
-0.174494
-3.65428
-0.217591
0.49549
-8.60673
1.72491
-1.70879
-13.1166
0.251443
27.2289
0.34378
1.13287
-27.3777
-3.84409
0.216941
-4.65758
-2.3234
-1.84177
-0.178008
4.10167
-0.0803969
-0.283526
0.905827
0.545694
0.386222
7.21747
-0.174582
-0.73548
-0.717342
-2.88082
1.04978
-0.0625313
-0.499666
-1.85505
7.49608
-0.239631
-1.41932
1.11809
1.50709
9.69276
17.812
-0.136277
1.93657
0.628487
-4.75172
1.78547
-1.40507
0.197932
-0.0264863
0.914276
0.0946337
0.213912
0.051775
3.69876
0.0165487
0.753759
-0.627608
-0.212801
-1.5438
0.751199
-4.40405
6.21534
0.512337
4.23295
0.735423
-0.106602
1.36397
4.94831
-1.22832
0.0739291
2.68868
-1.91426
-0.408376
-1.89846
0.247707
0.72692
0.570837
-1.27373
-0.671099
-3.85596
5.51732
-1.91218
-1.3666
4.74819
-10.7291
-1.03835
0.0908417
1.72447
0.234944
-0.119315
2.34924
1.33353
0.144708
10.5012
2.35657
-59.1624
-1.63536
-1.31699
-0.733791
4.81898
-0.574309
-7.54096
2.5774
-0.256721
1.17045
-2.74092
2.89759
-1.25842
1.95481
10.2046
-1.16646
-1.8192
0.453602
-0.609631
-11.972
-5.43342
-1.25054
1.22884
0.568052
-0.106384
-4.24548
1.35013
-0.84222
-1.18573
-0.956075
2.81854
0.117745
-0.179415
-0.350039
0.819676
-0.284151
2.1242
3.70633
0.664731
7.00966
-0.0196363
-1.42458
19.0078
-0.219536
0.372434
-0.0314787
-0.248218
0.343049
-1.732
0.826188
0.733907
2.01355
0.019569
0.600644
1.59392
9.94834
-8.38384
-7.87407
4.36777
-0.0830863
-0.575253
-2.0342
3.16988
-5.24444
-0.570652
-0.884358
0.0197367
0.40206
35.7016
-0.620602
5.76816
0.698702
0.478411
-1.25763
-2.50166
1.37794
-5.82218
-3.01062
-0.920819
0.37438
-84.8874
-1.25327
-6.56043
-1.62672
0.506359
-0.774828
2.61951
-1.15687
1.94146
0.37927
0.535342
-1.44276
-1.29025
3.86175
0.656643
0.943934
3.46202
4.27811
2.94432
8.39986
-1.18472
-0.936244
0.0949804
2.71825
2.53304
0.669658
0.0782884
0.897586
1.84069
-0.167192
-4.00008
-9.56383
-0.471319
-0.491312
-60.0571
-0.333239
0.899344
-0.872422
-0.566213
0.149091
-51.2641
-14.0519
-0.0728986
-0.416614
0.0109069
-4.08941
-1.28334
-1.02036
63.4188
-5.31479
2.06198
2.38774
0.465454
-0.0347631
-3.36398
-3.1487
-0.567319
-0.717199
-11.5438
2.07964
-1.29976
-3.29424
1.45186
-0.726664
-1.29816
8.27311
-0.472535
-0.282052
-6.01358
11.1893
0.242881
8.36077
-48.8226
-1.90676
0.17627
1.55055
-0.455573
-1.96905
1.15009
1.51189
0.27285
-0.579698
1.79542
-1.79478
-1.80428
0.350452
-3.13486
-1.45734
-0.171093
-0.257204
0.0683663
-4.32835
-7.41535
-0.286209
-0.205835
-2.05699
-0.266099
0.936247
-1.75347
-0.483394
6.83992
1.54859
-0.393156
-51.366
0.997873
2.35965
0.105948
-0.19747
-0.645135
-1.07947
-0.998225
1.3864
0.0371649
56.7722
-0.288939
5.79646
-4.76032
1256.48
76.8021
1.04017
2.23601
1.89474
-6.10196
1.2509
-1.81996
-0.0418806
2.62219
-0.467365
-0.289394
1.01783
-1.5704
0.631611
3.57997
0.257561
-1.16558
-4.42817
8.00642
-0.149812
-1.50044
-0.11908
0.923073
-0.106094
0.831913
-3.46015
0.685886
-1.85243
0.354379
-0.278954
0.09083
-0.768177
-0.0682103
10.141
0.497789
-0.12864
-12.6229
0.0319234
-0.574301
-0.0542664
0.0585398
3.34515
-0.504762
-0.839794
-1.11949
1.32942
-2.06354
3.37626
-0.306507
-1.11884
0.924106
-0.922467
2.93886
-0.0962529
0.230702
0.815402
-9.17361
0.672385
-2.07114
-0.983082
2.06264
-6.80899
0.708452
6.30368
3.03041
-4.50013
0.649387
-1.21112
-0.414081
-0.373725
-2.84124
5.01065
0.502983
0.435183
3.23576
-0.281285
0.81714
3.51497
1.28162
-0.272325
1.0973
4.22004
0.0504074
1.41951
0.797109
-0.397425
-940.649
1.79052
-0.152342
0.306965
-0.604377
-0.475306
-0.988759
-2.78791
-4.85879
-5.65114
0.211231
1.96053
-0.333772
0.411673
0.0891192
-1.02692
0.596137
0.219189
1.97274
-0.498338
-0.724133
2.2517
-0.88358
-1.31237
-2.09139
0.712629
3.67882
-2.50453
-3.48569
-7.38269
-1.03818
5.05746
-4.82399
0.32064
-1.31275
-11.0857
-1.44479
0.938134
-0.694096
-0.0393292
-3.23982
-3.17208
-8.89832
-3.12554
-0.289978
4.53365
-4.33904
0.349389
-1.76182
-82.3516
0.250024
8.053
-0.178248
0.0963831
10.2655
-0.572867
0.155796
-1.35988
-0.82537
-3.63099
-0.247752
0.266846
-4.92401
4.37095
-0.366016
0.364134
-0.277519
0.397329
-1.40954
-0.162192
-0.249843
-0.417153
6.43593
-1.00488
-0.672537
-2.23899
-0.0699383
-2.13986
-6.09249
-0.682415
-0.00305415
-1.46428
-0.14246
-2.22905
3.32571
-0.198947
-0.337392
0.0384461
-1.02844
-0.32624
431.611
-0.141276
-3.44204
-2.62998
-1.02577
154.383
-1.19172
-0.522297
-14.5102
0.956553
-9.09858
-2.87778
1.57771
-5.76306
-10.7714
1.20292
-0.786476
-12.6873
-0.822399
-0.203263
0.405966
-3.71932
-2.68701
0.91735
-0.494733
0.157942
-1.57396
-0.0862851
-1.03473
-0.213904
0.439001
2.51098
-2.31686
-0.435358
-3.16911
-0.0401111
-5.64014
28.4726
0.146481
0.0856918
-0.0444973
0.620904
0.337364
4.27385
2.2423
2.37517
0.141322
0.881463
-1.35216
-0.785553
-1.69257
-1.53849
-0.494088
-1.06649
30.8741
0.832155
-0.513
0.897097
-0.124486
1.46461
-0.1152
-0.595551
-0.143877
-2.17141
1.17359
2.32192
1.87188
-0.216989
-7.38532
-0.805423
-0.62207
0.283393
-0.3541
-0.210947
-4.16303
0.0598007
-2.2296
-0.128289
-8.49092
0.0955723
24.9503
-1.01148
-2.18305
-0.513198
1.38403
0.00935657
2.03581
-2.21072
1.12698
2.27015
1.33329
0.0624964
-7.01715
1.81272
-1.13
-1.2368
-0.666096
0.39952
5.24712
-1.08387
2.57111
4.813
-1.66282
1.05148
-0.430582
-0.0811228
1.04453
-0.354
-3.0784
-2.37448
-2.32738
-4.08118
3.84783
0.473113
-0.142409
-1.68857
-2.11956
0.243551
0.011322
0.202464
-2.63672
-3.58986
-0.138975
53.9508
-14.0992
1.786
0.714546
1.85589
1.26986
-0.157244
0.0230638
0.760384
-0.157159
1.22824
1.08411
-0.577406
28.1819
-0.120864
0.481779
0.0225502
-47.1995
-0.287955
-2.09978
0.845546
-0.0691562
-1.20675
-0.435512
0.316929
-2.94923
-5.95727
0.140111
-1.29264
-1.44524
1.92989
-0.205854
0.612144
1.86008
-0.16918
-0.344211
-0.491736
0.816113
-0.838992
0.178545
1.42696
0.60549
1.59933
0.439448
-1.02766
0.123971
0.627625
-1.48819
0.718544
-0.393446
-0.698143
0.382285
0.922523
0.50719
-0.212561
-13.1184
0.925262
0.749683
-1.87491
-0.246422
0.376738
0.0287102
-2.22717
31.4456
0.592614
-0.187428
-0.744079
0.885024
0.193334
8.18818
2.59211
-1.29943
0.171793
-1.65729
0.668864
0.960528
-0.98354
2.71976
0.559312
2.86847
-1.86201
1.29983
-1.25486
-0.307065
0.567288
1.03005
1.16025
-4.66705
0.0379653
4.59164
0.963691
4.0721
-0.768729
-0.186443
-0.703606
-0.219987
2.44014
-0.639174
-0.324451
0.375561
1.27731
0.772317
-13.915
0.655897
-0.380341
-4.45459
0.21394
4.30786
-4.48433
0.699514
-0.769682
0.875914
-1.00354
-1.26826
-2.12692
1.03638
0.240418
2.15126
-2.30726
0.238144
2.23658
0.52747
0.296918
0.650128
-2.59364
-11.9865
-0.579973
-0.0974906
1.92792
6.13991
0.288145
-5.34285
10.0514
0.200982
-0.236504
-2.21353
-4.24895
2.29264
0.0181067
6.25586
-4.49578
0.10015
-1.37459
-3.85704
-1.07534
-1.77621
1.95827
0.0138629
-0.366683
-1.98609
0.292282
1.14208
2.47668
-0.607513
0.176472
-6.72188
0.0039532
0.768799
0.383194
0.3999
0.386605
-0.41607
-1.42068
-67.2455
2.26983
-0.288134
-1.10243
-2.79736
0.40017
0.0943372
0.0798224
0.506253
-0.31872
-3.43069
-0.142183
-0.61845
0.537262
24.4777
8.59612
-0.319589
-1.27025
-3.62855
-4.69306
-1.03931
-0.547336
-0.958993
0.341325
-1.87553
-0.314304
0.822463
4.36899
-6.33693
0.302091
0.846674
-31.2338
-0.0142043
-0.0978362
1.15621
0.611644
-0.644576
-1.75271
-0.769886
-1.50122
-1.89134
1.4213
-3.02476
-0.159297
-0.235473
0.113543
0.3978
-1.07232
0.417186
-0.44335
-9.02371
-6.31792
-0.591474
0.721505
0.853376
-77.9563
0.22437
0.746936
-0.457663
-0.853982
-0.403436
-0.240124
-1.79864
0.440812
1.16106
-0.962952
2.90791
-7.96026
-2.21194
-3.43604
-0.424627
-15.35
0.129767
-0.866944
-1.28458
-0.139689
0.558291
-0.841835
-0.462957
-1.2972
-0.365208
2.15515
-0.598812
3.10809
3.21184
-0.749325
-0.792585
91.2999
-5.73744
-0.785977
-27.2558
0.57914
-3.76906
1.00964
0.483008
0.148935
-1.09957
0.530133
0.784035
10.5306
0.6879
-4.79394
-0.384115
-42.5424
0.0468491
-1.14135
-0.231988
-2.01725
0.353453
-0.781164
-4.91898
-1.41884
0.524972
3.28642
-33.4637
-35.77
-9.81937
-2.43293
-2.7749
-1.65651
-2.13172
1.1448
2.25696
1.47781
-2.59605
1.97283
-4.83439
0.527925
-0.130927
0.248133
0.795129
-0.55414
-0.520617
1.19797
-2.08467
2.18194
2.70748
-3.23227
0.983038
-1.68378
0.15945
0.382925
6.26884
8.77741
6.17798
-0.986862
-0.0756401
-1.55767
-0.297036
-6.26525
6.62576
-2.79515
0.182974
-0.594377
0.752403
1.04548
1.79611
1.8936
-0.424564
0.251481
0.146194
-0.613854
7.2358
-0.794794
-4.96464
-0.640659
5.69762
4.26123
-16.4777
-0.250318
-0.0300967
1.42027
-5.40676
-0.743192
1.70469
0.0127584
-0.114813
-1.35321
-0.531201
-0.494046
3.0694
0.838273
-0.0432019
-0.776042
3.0797
-4.63369
-1.26121
0.208452
406.832
0.60391
-0.352979
0.0889211
-0.205744
2.28447
-2.50278
1.05918
0.345915
-0.0109706
-3.7144
0.746962
3.73991
-3.91381
-0.489161
0.084585
-0.303804
-91.3478
-1.07344
-2.18296
-0.137936
-5.52719
-0.575379
-2.93236
-0.605062
-3.58379
4.00022
1.03331
-1.66062
0.516272
1.96072
0.414943
2.21091
-1.6642
-0.291273
-1.34023
0.777054
3.68475
1.58754
-0.744743
-1.70964
-1.59101
0.392376
0.0716027
0.744599
-2.03313
0.413196
3.39119
-2.35002
0.715389
0.29076
2.11643
-4.01267
-5.61766
-0.37831
0.710589
1.8015
0.204374
65.474
1.1724
-0.102274
-63.771
0.307807
0.311084
4.16448
-0.317027
-1.41256
-0.54165
2.52274
2.645
0.720564
0.521314
0.489211
0.485954
1.63043
-0.45843
-0.48327
-0.282597
10.609
0.143033
1.31819
-3.343
1.80188
1.90273
-7.1779
-0.296387
0.132165
-0.453748
0.456105
2.07499
0.0989977
-1.54236
0.337501
-1.65267
-0.948903
0.891778
42.3436
-0.0976196
0.151578
2.05937
-3459.33
5.18135
1.03425
-0.165587
-0.610323
-2.89654
-1.52247
-0.978093
0.545565
-2.77942
0.716296
1.71201
-0.700244
13.668
-0.563579
-0.274842
-2.71705
-16.091
-0.436852
0.207009
-0.503646
-0.190137
-0.678853
1.00976
0.288084
0.0767029
1.10979
0.491188
-0.983243
0.291024
0.949815
0.880128
-0.627288
-0.63851
1.08086
-0.695025
-0.234462
0.489322
0.497597
2.65315
1.28394
0.456102
2.26312
3.23366
0.187863
0.416428
0.864192
369.3
12.1148
0.443816
0.855739
0.239851
0.229649
1.28651
1.25962
0.950295
0.956696
-0.384357
0.629662
-0.80348
0.133628
-0.110863
0.322514
0.414824
-0.606869
0.790595
-9.28628
-0.56392
5.26665
-4.83285
0.602467
2.65739
-0.354696
-0.865991
0.147292
2.92745
-0.620246
0.765136
-4.23954
-0.140623
0.110581
0.295205
-1.80319
3.02716
0.437696
-14.4
0.157431
-6.21905
2.36337
-1.30724
-0.81033
-0.0369483
0.178004
0.38398
-0.897177
-0.621091
0.928933
0.478833
0.0208015
-0.334861
1.88174
-0.880702
0.097764
1.71478
-0.00601471
2.30135
-0.490992
0.650469
0.0271426
-7.81597
8.32844
1.90556
0.960705
-0.549121
-0.446947
-0.42139
0.835202
-1.03858
0.0319174
8.03369
-0.269428
-1.13698
-0.0886255
0.282913
-2.14555
-19.6537
-1.04419
3.16645
-1.92557
181.471
-2.41271
0.163637
1.95385
2.4653
-0.657474
-0.449287
-0.978019
-2.77183
0.47235
-0.198257
-0.429464
0.117062
0.527117
0.125485
-2.69438
1.21173
1.84041
-0.114514
-1.98786
-0.346694
2.26422
-0.588443
-3.28991
0.976466
0.81008
-1.51827
-0.861833
6.13402
-0.885713
-1.46901
0.363823
-3.88508
-3.55616
-0.0082314
-0.22196
-2.32003
0.482575
2.4309
-2.9039
0.0248557
0.516143
-1.23198
-0.375267
-0.682342
0.122042
-1.237
-9.90261
-0.387046
-1.45241
20.3107
0.572975
1.53202
0.530108
0.225024
1.0612
-4.32256
2.23341
4.42166
-2.27936
-0.290142
1.20459
-0.60713
0.485606
0.582019
0.309753
0.0341718
1.87752
-1.55201
2.99769
0.325954
0.180184
0.889517
0.97715
-1.92739
0.347117
2.02438
1.03082
-0.640847
2.21877
5.75116
0.421197
-2.43657
7.75601
-0.7574
0.199146
7.54721
-0.563618
-7.88316
0.565577
-2.47284
-0.256288
1.20277
-2.15041
3.50918
0.0899843
-2.00396
5.13441
-0.215877
45.2067
0.187744
1.03621
23.9366
-0.149064
0.683773
-1.77835
2.08417
3.02794
1.52681
1.96345
-0.267292
2.687
1.51035
5.12626
1.6301
14.038
2.16041
-0.335306
2.4853
0.550456
-0.517401
-14.4724
-0.71743
16.6119
-0.0984688
-0.000222917
3.93181
-0.0485698
1.42442
3.13961
-2.05214
1.31875
6.72006
-1.13821
0.984049
0.725006
-0.858567
0.438488
-2.07518
0.766208
-0.768147
-2.31393
0.997039
1.33051
-0.235673
5.03674
0.834144
0.518153
-0.614079
1.42299
-27975
-0.137173
-0.424104
-0.181703
1.02459
0.152865
-0.973563
-0.699047
-0.305184
0.426029
-22.098
0.755661
43.0101
1.50737
-0.99178
1.23202
-1.24377
-1.2535
-0.901817
-1.2946
3.73511
2.14028
-0.860136
1.61603
-0.880203
0.339928
-0.227133
-1.26884
-0.536192
0.438818
-0.466618
1.11768
0.937019
0.338374
0.620265
0.0076318
-9.75095
0.195793
-0.0188125
-1.04104
-4.07006
-0.891332
1.37242
0.834168
5.1985
-0.6437
-0.514731
1.57831
-0.344421
0.390508
-1.77039
1.43885
-40.9871
-0.334298
12.8218
-2.58594
0.505969
-5.39535
1.29329
-0.723648
0.154182
-0.758525
-2.75553
1.41792
0.317986
0.806456
4.03777
-0.497901
-4.88255
0.903662
2.18243
0.743116
1.0244
0.00750054
-0.929282
-3.98772
-0.556812
-0.677613
0.591228
-2.46893
1.49488
-2.01815
2.4518
1.5985
-8.09036
1.61225
0.689499
6.24118
0.924532
0.39074
-1.82379
-2.64248
3.42527
-1.18966
7.80259
0.059661
0.336681
0.464125
-0.742969
0.106455
-1.86026
2.18097
0.146822
9.44461
0.868456
0.0193304
0.137427
-2.80853
-1.27157
1.30677
0.714302
-1.18713
-0.081871
0.16028
-6.97071
-8.46213
2.83855
-0.655746
-0.170129
0.861149
0.0696683
-2.55
-0.164718
1.03509
2.73227
-1.81961
0.334548
50.5713
-8.77798
2.5091
1.00393
1.35099
-13.802
5.4622
0.789597
0.679812
2.95813
-4.23909
0.517545
-0.11747
-0.51464
-1.35278
0.110357
0.678937
-3.12035
1.23702
1.61504
-0.0180447
-0.121041
1.56132
-0.545481
0.346744
-0.625318
0.759235
-1.10801
-0.496746
0.111999
0.801616
-8.21139
-6.29081
-0.744607
-1.872
-12.0078
-3.19837
-0.192801
-0.0573297
-0.121167
0.104041
-0.038485
4.25147
-0.325184
-1.61202
-0.440376
-3.14105
12.2511
0.294688
-0.815608
-0.573185
-0.362467
0.238081
-0.621092
0.381416
8.39465
4.59745
-1.49346
-14.3624
-0.853875
12.1935
-1.27318
-1.79607
-11.1696
-1.87991
0.126171
0.126263
1.66387
-0.507036
-1.45167
-12.3536
-0.159223
-0.513354
-3.17317
-0.532571
-6.81149
0.74798
3.14458
2.95843
-1.15597
-1.19426
0.342854
-37.4358
-1.51771
4.18636
12.2444
-0.971826
1.75402
56.9066
0.715216
-1.91972
-0.161066
0.161611
-0.553191
-0.0799596
18.5546
-8.19421
1.21436
1.74735
4.36121
-0.225647
-1.17104
0.389253
-0.200398
-3.92036
1.95191
5.91992
1.3378
0.665232
-326.886
3.68239
-0.749623
1.12303
0.16397
1.8322
1.85557
-2.60556
-4.87953
-0.489027
-2.63428
-1.23362
3.28669
0.732266
0.350646
-1.85544
-1.11667
0.609641
0.00689193
0.108817
0.305826
-2.22181
1.05046
-0.249863
1.8636
-0.0235582
0.61452
-0.179177
2.40497
-2.07555
-0.492723
-0.357103
-1.37349
0.616116
1.44952
0.965725
0.381161
-13.4905
-1.58185
3.8781
-21.4869
-3.68565
0.358781
2.25226
-4.10907
0.304612
0.532078
0.812285
-0.430966
3.11998
-0.628227
1.62296
-1.46698
3.74923
0.169862
-1.1311
0.0866833
6.19341
-0.614674
1.59241
-2.84386
0.122697
-0.318295
-3.92784
0.942369
3.80794
1.21591
0.103369
-18.0876
-15.0327
-2.14573
0.0508577
-3.11032
0.184061
-1.00437
-0.22203
59.9584
0.65602
0.942307
-0.340518
-0.306152
-0.247714
-0.699296
-1.33218
-1.66315
-1.36207
0.731201
-0.186375
1.28882
-0.763186
0.520255
2.9117
2.87755
0.322788
0.426851
-0.0709837
0.529884
0.200344
-2.67883
-25.6546
-0.548598
1.93718
0.158548
1.60861
-0.755634
-4.23214
0.207457
0.203445
17.1785
0.0607648
28.055
-4.57379
0.119465
-1.49519
0.727993
1.60551
0.630311
1.08143
2.40868
-0.147107
-0.735466
0.0688048
0.468485
1.49419
-0.100166
-0.173492
0.24839
-1.32606
-2.05289
0.717353
0.656102
-4.23407
1.01329
1.86079
0.820358
-0.908834
0.0196084
0.154054
-0.278568
-4.97478
0.961524
-4.60988
11.8645
1.03532
0.472118
0.334729
0.719685
1.89445
0.310353
-0.750363
0.938688
1.75652
1.51052
1.24521
-6.53566
4.03078
1.59772
0.120187
-8.03737
55.0866
-0.474243
5.30156
69.8673
0.366402
3.88672
0.233892
2.8058
0.273282
0.176335
-2.07597
0.204666
-0.185334
-0.524957
-1.77015
-1.54804
0.83113
-1.20739
-23.9184
3.77648
-1.59292
1.47444
-0.622573
0.0400894
-0.787785
1.60973
-4.37249
0.881792
3.70199
1.89472
-1.88113
-0.383607
-5.37575
-0.845012
-1.38389
1.17841
0.793514
-5.27162
-2.52184
0.226311
-2.00317
1.00401
0.157382
0.336499
-0.713259
0.849424
0.529822
-1.43306
0.813939
6.2396
0.365166
0.732373
0.450964
0.904054
-0.624435
0.0718433
15.4671
12.788
1.0116
-0.49364
-0.102773
-0.55938
0.131514
1.97084
-0.0260197
0.427171
1.14757
2.33938
-14.9954
6.92837
0.636209
-1.46212
0.281878
0.950528
0.338516
0.718292
0.505095
0.131359
0.882942
5.12592
1.03672
0.173864
1.8216
-2.15212
-0.06247
0.457175
0.958566
1.16772
0.547013
2.84261
0.0347341
1.95076
-1.83252
-1.98169
-10.2316
-3.71024
0.684106
2.65904
-5.09538
-1.18279
0.442927
-0.0470605
10.1916
-0.547651
4.32486
4.78025
1.7467
0.837674
-1.17604
0.741254
1.36349
0.0425682
2.99693
-46.2444
0.384298
0.247514
-0.0463742
2.83209
0.65618
0.212414
-0.637712
-12.1163
-0.229436
-2.29049
-0.934225
-0.194071
0.193135
-1.65907
-0.745725
-8.27009
-3.21901
-0.581643
-1.05772
0.0510637
1.44264
2.03851
-1.82414
2.77592
-0.495505
1.17412
0.774684
-1.47478
2.52857
2.32692
-1.12618
-0.547103
-0.683602
-3.78913
1.93515
-0.803967
-8.78239
0.591351
-0.184446
-1.14188
0.647603
-1.58296
-0.346631
-0.702276
-40.4519
6.75991
-2.99402
0.397289
4.75294
-0.135478
-9.73527
-1.64972
0.00866483
-0.512088
1.57424
0.0315379
0.12501
0.603283
0.0991652
1.57405
-0.336768
-0.718605
-1.9521
0.284181
-0.275995
-0.402858
0.85643
-1.98627
8.94887
-0.421051
2.365
-0.816559
57.5539
-0.0606143
-0.610027
-1.91912
-17.4822
0.861553
-0.17424
-3.11964
2.11184
0.39672
0.503764
-0.55215
-0.146535
5.99709
-5.25964
-0.850221
2.82532
0.110717
0.725181
-0.532578
0.631692
-0.738784
5.17569
0.0299151
-6.50372
-0.55254
0.411297
0.162127
1.2618
0.280227
-0.653544
-3.10995
0.497226
-1.24725
-6.16562
86.9762
0.250363
0.541176
3.88107
-0.989317
0.694228
-0.0783228
11.1916
-0.551046
0.927882
-1.48347
14.7135
2.4352
4.68784
-1.60847
0.238781
-15.2584
-1.27825
0.288644
-0.514661
0.202014
-0.460729
3.93767
-0.0859853
-0.429063
0.950873
-1.28283
-2.32434
-6.68008
0.181271
-4.50513
-0.62264
-0.00364048
-0.7732
-1.6666
-0.0528673
0.653421
1.84531
-1.88064
10.3516
1.3484
73.2603
-1.30839
11.5384
-1.76069
1.38235
-0.226478
0.934935
0.32117
-0.349591
-0.378842
-1.01798
0.97412
-0.990001
1.4596
0.832818
0.186023
3.22531
-0.878065
3.10885
0.667069
-1.60103
0.500562
-0.213312
11.1913
0.902689
-0.343617
1.29448
0.437594
-0.207268
0.185661
1.79941
-0.199849
0.472247
0.056954
0.66366
-1.69153
0.591002
-0.391157
2.09936
-1.33517
-10.3219
-5.35634
1.76226
-0.333885
-0.098282
-1.73538
0.562272
-1.89085
-0.00686675
-0.882628
-1.89604
-0.164558
-1.63867
1.02933
-0.537055
-0.209238
4.47986
0.0719619
0.975737
-0.0613202
-3.61882
2.63328
64.6888
0.230511
-5.07521
0.563757
1.13882
-48.9276
-0.272159
0.134434
-5.1241
-2.25272
3.93124
0.115621
239.095
0.197782
0.0159222
1.8817
-0.213095
-0.626195
-0.108091
0.34842
1.88977
-0.246542
2.19571
0.496517
6.51964
-0.245841
-0.0104858
-3.55767
1.21181
0.600153
0.0896539
-2.76807
-1.20369
-4.43672
-0.47153
0.618355
0.743788
0.172608
-0.230737
-0.644975
5.62906
-2.9073
-4.88027
-2.40022
0.0959913
12.0584
-0.772239
1.27686
-0.287578
0.821725
-27.4137
1.34882
-0.203682
0.638618
-0.144088
-0.236261
-0.84447
-0.830974
0.988885
-0.465598
2.83019
1.25635
0.419789
-0.464329
-0.347327
0.589728
1.87749
-0.773818
-0.3091
5.1687
0.442342
-1.58257
1.81898
1.46748
0.544306
1.50629
0.801892
0.943475
-0.0631634
-0.435803
-0.477992
-3.22278
5.45366
-0.206785
-0.687996
-0.485732
0.343278
5.12138
-2.65816
-3.79421
0.919511
-1.27422
0.224365
-0.326154
1.8495
0.325031
-0.110358
-31.5763
-0.152687
-1.70769
1.1823
1.91346
0.423176
-0.90268
-0.844658
-0.299231
1.9744
-7.90087
-0.134597
-3.13812
-1.54346
-1.92224
0.60591
0.17157
1.31929
0.264642
351.012
10.4911
0.508104
-4.43186
-1.36938
-0.198797
1.10541
0.151855
-0.00517362
-4.99398
-2.42699
416.074
-6.7626
-1.21478
-3.86059
-3.2046
-0.895695
-0.811758
0.116579
1.62228
-0.225237
-0.282913
0.924428
-0.429817
4.08217
3.22
-0.196557
1.43412
0.441932
-1.54239
0.936232
-0.80858
-0.0825428
-0.827721
-1.23313
-19.2584
0.942489
-0.698799
-1.67516
-0.845153
3.84722
-0.897273
12.875
0.0870844
-3.22469
-1.03031
2.04471
3.46432
-0.483911
0.0133255
1.30424
23.5895
0.395845
1.06923
-0.229154
-0.388995
-0.787269
0.561027
-4.43454
5.74106
-0.285791
-1.21994
-0.305555
1.43354
-0.201731
0.559954
1.96986
-6.13395
-2.51215
0.306082
-0.233974
-3.21783
-0.474735
0.433653
0.952446
-4.05446
19.8531
-0.0796838
1.6111
-0.876881
1.4144
0.227057
-0.845921
-2.01104
1.17811
-1.82025
3.23376
1.06719
0.383922
-0.118993
-0.514516
-0.675257
-0.32259
0.361065
-1.76585
0.344712
0.95851
-12.6063
0.702029
0.269374
-0.834873
-0.0579781
1.07938
115.902
0.645378
-4.58883
-1.91855
-1.47581
-2.44527
0.27788
-0.882983
0.142888
-0.299487
2.57132
-0.246084
-0.384515
-0.47345
0.661268
-1.91768
-0.962388
0.0631434
0.252298
-2.36268
0.0107693
-5.86925
-0.0666204
0.46678
1.21307
-0.744351
0.90052
-1.13271
6.0667
0.691309
-0.78602
0.952582
0.241843
-0.435353
-3.15733
-0.414544
3.08581
0.560343
0.417406
0.32318
-1.59411
0.954885
0.990979
-3.8639
3.08814
-2.76205
-0.21604
6.75352
-3.22232
-0.493975
-1.01492
-2.45624
2.22619
-2.96773
0.143665
0.676812
-0.287693
1.93348
-0.802405
-0.27042
-1.04064
0.610998
1.36678
1.71069
-3.57066
-0.697982
-0.981641
164.594
1.34712
-0.129321
0.593777
-0.520234
-16.0539
0.231758
0.368816
-3.08696
0.916801
0.678967
0.578225
0.0968258
1.03713
-10.8845
2.40161
0.0501804
0.60113
1.26887
-0.445448
0.0215551
0.725238
0.0852667
-0.992345
0.858869
1.07322
-0.678631
0.110775
1.85467
-1.30717
-1.35952
0.901637
0.761925
-4.92438
-7.00969
0.486059
8.9762
2.06927
-9.73518
3.60801
-0.651214
-10.7292
0.489283
-1.03105
6.89162
5.72013
0.424532
0.288394
-0.344536
-0.207481
-0.430263
-1.7791
0.153421
-0.233097
0.374209
0.618015
4.92015
-17.9802
1.11612
3.0066
2.60679
1.29126
0.625636
1.65683
-2.96869
-1.46233
1.02954
-1.5916
7.33629
-4.0466
4.04015
-1.57159
0.618187
4.47316
-0.325871
-42.4734
4.20674
-1.12901
-2.26962
-0.230541
7.339
5.88407
0.628945
4.11737
54.5264
-0.550742
0.0688961
0.111456
-0.122238
-0.731755
7.40983
-0.182764
-0.396013
-0.838158
-0.05446
-1.50667
-0.646632
-1.73912
1.78346
-15.9067
-4.09247
0.377432
-25.1815
0.815622
-0.608302
-0.691908
1.29405
-17.4644
-0.71504
0.0473961
-0.300589
10.8432
-0.0928492
-1.22879
-0.506709
9.0801
0.823552
-2.09799
2.3491
1.6911
-1.80165
-0.673179
6.13302
-1.9316
-1.81293
0.0150465
-0.133816
-12.3082
0.755689
0.561355
-0.562587
1.04213
1.71584
-0.133481
-2.03081
-0.247984
3.14698
0.177146
0.15893
0.0280936
-0.263195
1.90844
1.54371
-1.27741
-1.05432
-2.87314
0.0809594
-26.0745
0.73491
0.934089
1.15201
0.212041
0.873012
-0.768342
0.112194
0.0518354
0.847647
-0.533646
-5.02896
-4.3333
1.34007
0.555947
0.620679
-1.64361
1.02753
0.125862
1.03149
-1.30529
-0.900365
-1.37229
4.73328
-0.300682
-2.24294
-0.212978
-0.251085
0.431221
-4.47614
-0.114105
-0.633453
0.457874
-0.282028
-0.342463
-0.512511
-0.533659
-0.412422
-6.504
-0.441599
1.42659
-0.465411
1.42464
2.4594
-0.0413224
0.143587
16.972
-0.738957
2.54856
-1.52465
13.9193
-1.67628
0.252336
124.371
1.03688
0.511369
-13.0531
-2.26549
0.105414
2.2343
0.674814
-7.12413
-0.588956
-0.079189
-0.640038
1.14853
0.00954709
-12.6897
-1.3492
0.118549
-1.13798
0.00126122
0.902166
-0.434413
-1.29224
1.11051
-1.99162
1.20677
0.0972909
0.0471105
0.0634139
-0.938349
0.512152
-1.98411
-0.259938
4.26446
-0.0385247
-4.26643
-2.1071
-3.39802
-1.06063
3.40161
10.3399
-0.837494
-1.24356
-0.743846
-9.85019
0.32425
-0.0769899
-3.48571
5.816
-0.418576
1.0888
4.69528
-4.28827
-3.24813
-0.248359
-2.52155
-0.187393
34.8063
-0.205261
-0.571176
-0.154862
-5.36381
-1.18264
3.82776
1.33355
-1.39538
0.512213
-0.408999
0.261218
0.101465
-0.535066
0.0470108
-1.93596
-0.704324
0.0988522
2.65632
0.525971
-0.287354
-0.406301
-1.52337
-14.3543
-5.11418
-1.52372
2.11389
-1.68678
0.9864
-3.06586
-0.37576
-0.360631
2.63935
-2.00876
-0.663339
-1.40714
-3.52026
0.123178
0.530723
-3.07472
0.434781
0.601104
-1.70666
-3.99592
-0.162765
1.80177
0.740197
-0.85264
2.0283
3.68802
-0.144696
2.73742
2.95239
3.31448
-0.339743
-1.57609
-1.03592
-0.95943
-0.0908455
-1.16846
0.0895476
-0.705651
-14.854
29.9613
4.11344
-1.45481
0.0906927
2.91503
-0.343267
13.09
-0.233446
0.420715
1.14724
0.930394
0.146178
0.535959
17.5471
1.72005
-0.494387
0.49193
-0.0914424
0.256201
-0.812512
-3.56533
-0.331802
-5.26481
-13.7342
0.274275
-0.494436
-0.303706
0.591677
-0.150581
-0.0449326
0.362515
-0.441249
1.23595
0.313347
0.0922677
0.492057
-0.19782
-1.96731
-0.202275
13.1432
-0.50631
0.770562
-1.29879
-0.935634
0.321931
2.98614
6.47012
0.0446539
0.221696
0.578241
-0.351578
-0.990417
-0.272052
-0.187362
1.54202
0.716178
-5.22323
-1.90856
-2.11828
0.0823907
-0.0269647
-1.54161
-959.238
-4.9176
-2.77974
-4.32395
0.640567
-2.50341
-2.10465
-0.375529
-0.867066
-0.647553
-2.14905
-8.14549
-4.1068
-0.742623
-0.713437
0.0815999
1.85774
0.472548
-21.1417
0.977693
0.331514
0.769595
0.298044
0.174657
4.92423
0.468147
0.775136
-1.20136
2.69695
4.5325
2.63401
-4.06161
0.617388
0.135388
-0.509808
1.9039
1.35779
4.3508
-1.19514
17.8464
0.89589
1.67676
1.0276
-4.19396
-0.894318
9.67798
10.9564
-0.138744
0.208546
-1.63752
-1.4
-0.651656
37.6483
-1.5338
-0.813973
0.328786
2.12546
-1.55884
-0.152991
-3.91638
-0.788397
-0.861046
-1.26052
0.209515
0.0274944
-1.95461
-1.14417
-1.0147
-0.5103
1.28693
0.87073
0.341154
0.735471
0.972657
0.834818
-2.04254
-1.14064
-1.9489
1.16597
0.976278
3.1248
-0.284817
0.809463
-13.5852
0.698032
3.12637
-1.92173
2.20407
0.425021
-0.222368
0.183994
-0.359604
-0.0439425
-11.6575
0.276786
0.431792
0.333778
0.0333137
1.03789
3.20721
-0.091879
-1.08912
0.492826
1.73507
1.6365
0.264317
11.4337
-1.31197
-2.86394
-0.837358
0.0611125
-0.0847616
-10.5693
-0.525283
-0.735742
0.118867
-1.81273
0.0578256
-1.06254
-0.364731
-3.80678
0.0596512
-0.314166
1.45026
-1.3841
-8.82076
-0.21951
29.5067
7.64531
-0.231185
2.68271
0.829037
22.182
-1.88358
-4.08369
0.00398196
-2.09582
-3.73625
-0.00277829
-1.24667
-0.421724
0.241707
1.50262
-0.287687
-0.74785
-4.10834
0.11706
-11.2677
-0.33465
0.226209
-0.291104
0.732478
-0.28334
-4.87943
2.29771
0.180588
-0.841673
-2.33329
0.0880429
-0.292462
9.47143
1.24276
1.54328
-1.40959
3.01898
-2.16774
1.50187
0.297587
0.0273205
0.188908
-0.681277
1.38796
12.0869
-114.874
-2.04447
0.955574
3.52693
-0.436962
-0.218425
-1.22905
4.41093
0.410264
-1.19658
0.223827
1.89036
1.49839
-1.2275
-0.16675
0.250178
5.48118
-0.0141858
0.546274
-0.232851
-1.71894
0.352676
1.37898
-0.963336
5.76248
0.556377
1.41184
-1.23365
-1.13078
-1.18021
0.364907
-10.2513
-2.45893
-0.46465
0.194111
16.425
3.63502
-1.29124
-0.290692
-1.80515
2.28493
3.08133
5.47557
-293.397
0.853918
-0.285908
5.30623
-0.766471
1.06856
2.77677
-0.28296
1.89331
2.25756
-1.43688
17.74
-2.16656
-0.341232
1.15817
-1.19545
-0.700162
-0.945155
1.26238
-3.89099
0.391767
-20.3536
-1.44788
-0.166577
-0.401844
-1.89936
-1.1439
0.434777
1.65355
-0.565689
1.56542
-0.659831
0.250192
0.53487
0.788201
0.575878
-0.414411
-31.384
0.461037
-3.27851
1.24065
0.124327
5.36882
-1.75091
-1.22932
0.963207
1.33513
-0.050864
4.2627
-2.13024
1.99118
-0.655065
0.260375
-0.638719
1.16291
0.00917225
5.7582
-1.30042
2.77675
0.213426
-1.1996
-1.18575
-0.424887
1.4526
0.545152
0.0997017
-2.33663
-2.62634
2.04912
17.4912
4.00681
-1.03097
-3.79338
5.7684
0.666465
-432.894
-1.39019
0.0584785
1.89389
82.7233
0.49465
-0.0370578
-1.20638
-0.681803
65.6206
-1.3892
-0.26187
-0.548796
1.53435
-1.71297
-0.603131
-0.279531
-0.591155
0.395283
-2.05544
0.960574
1.26815
-0.256697
-0.863237
-1.63683
5.19411
-3.84747
0.721271
1.934
4.64569
-2.55945
0.281192
0.020751
1.31774
-1.72715
-0.268413
-0.34977
0.349048
0.188184
-1.48025
-1.12377
-3.2164
-3.40641
1.77397
0.429895
0.345006
1.84646
1.78642
0.535491
-0.992809
-1.38888
-0.478646
11.6278
-1.63738
-1.71901
-0.36591
-0.231637
0.0841305
-0.166164
-1.33767
-1.83836
0.259449
1.82355
-2.8124
0.27646
-1.43795
-1.25351
0.0621726
-3.23217
0.90281
-1.34724
-12.9278
-0.159288
-2.19267
1.69401
-2.64069
-0.619051
4.21418
6.79004
0.690317
-0.088275
3.84574
0.608367
78.1614
-3.129
0.404092
-0.424921
0.288433
-1.37197
2.40299
-2.63018
3.22279
-53.675
-0.400592
-0.135111
-1.15311
0.933385
-2.27195
-0.555777
-45.1365
-0.501931
-0.096294
-12.6725
-0.17949
-4.65957
0.596446
0.0852444
-32.1182
-0.643424
-4.18511
-1.61227
7.15974
0.469402
0.289677
1.96306
3.58178
0.106395
0.606543
-3.82441
-17.9265
-30.6676
0.421604
-0.721512
-0.987345
0.657318
-6.66862
1.36787
0.721055
0.718193
-0.240645
-1.34299
-3.44081
-1.86508
1.49329
4.18679
-0.464458
0.695287
-0.390533
-0.784175
-0.249379
19.8296
3.2185
4.53646
-3.98832
-1.19665
0.796332
3.15166
0.317317
3.96024
-3.73693
2.11977
-4.52905
-0.55689
-0.822718
7.3093
1.70041
-0.39126
-0.229457
0.776895
0.485818
6.1259
-1.68372
0.263234
-3.63299
0.407296
-24.2451
-8.81216
-11.2514
14.1451
1.18634
-0.784689
1.36248
-2.35831
1.15352
0.500485
0.412401
-0.382182
-0.12853
-2.89329
-0.537035
-0.65972
1.97742
1.35438
0.473314
1.02256
-2.81889
29.537
9.72015
2.1439
-0.108483
-0.222768
-1.09354
-0.326185
-0.251105
-0.0470385
-9.49512
0.56531
0.55474
0.150564
-0.924017
-1.75744
2.13902
-0.52325
-0.497864
-2.41699
-7.15274
3.78572
-0.178584
-0.524768
0.052307
-1.05068
-7.43756
-0.345131
0.476891
0.444626
1.60884
-0.0618228
1.80322
1.10434
0.702317
-2.36739
3.13008
-1.03101
-1.30403
-0.295119
7.82511
0.535066
0.0981812
-0.895593
1.04037
-1.38064
2.84867
-1.26608
0.186494
-0.282288
0.451197
4.13012
-1.54306
1.31546
0.186962
-0.641205
5.02417
-3.07994
-1.24456
-41.9596
1.70268
1.85151
0.271024
-1.31446
2.56951
-0.592621
0.90304
13.0528
-0.0427267
-0.418097
-1.05311
0.292455
-0.556807
22.9089
-24.8756
-0.462696
0.471068
1.34225
8.95771
0.40863
0.895549
103.123
-0.0307578
1.4929
-0.656666
0.438348
0.834024
0.484878
0.844852
0.511986
0.666454
9.6075
0.78655
-0.775836
-0.15473
1.31992
-0.64533
5.66601
0.723472
-0.214811
0.601416
25.2199
0.974574
-0.0224688
18.6579
-0.443876
2.77889
5.44804
-0.178623
6.74084
1.47486
0.50842
-1.25609
-0.258322
0.415326
0.38838
-0.705872
0.898647
2.54343
0.469301
0.954657
0.145197
-0.497239
-1.15626
-0.343449
-12.1906
2.29623
-0.612357
0.675048
-41.6969
0.00119331
9.9152
-0.238644
0.686936
-1.04053
0.00481678
1.71544
-0.311224
-0.288241
-15.699
-1.21349
-0.0888953
-0.281046
1.08072
2.10097
-0.934303
0.510218
0.634701
-0.715734
-0.256228
0.417851
10.3249
0.0328255
-0.32525
-0.511388
15.6889
-1.66161
-0.744411
1.12719
0.212672
-0.838625
0.642977
-3.36727
3.03099
35.3735
1.31981
-0.121499
0.617781
-1.00759
-0.37488
-9.44174
4.29658
0.669175
0.735132
-0.398098
-1.3102
-0.917357
1.15431
1.20627
2.84961
-0.229818
-1.08793
-5.36626
0.330499
0.77077
-0.451043
3.72368
0.163362
-59.5759
-5.31839
-1.43925
0.220472
0.468659
0.985913
3.37103
-27.8854
-12.4392
3.85828
-0.981609
-1.88482
0.317084
0.87399
1.6716
2.46583
0.523438
-13.8895
0.507709
1.83301
3.19422
-0.476712
0.609398
2.56134
-1.20951
521.072
-0.129827
0.933305
0.463102
-0.241363
-0.633626
5.85907
-0.706108
1.63657
-8.18812
0.629375
2.24332
-1.15779
0.764503
-1.09653
1.04355
0.876947
-0.0781346
-0.0610045
-0.643415
-0.932712
0.507135
-3.43386
-1.77502
-0.422761
0.60671
-3.16515
-0.498347
18.4786
-0.758464
2.09635
-0.0703298
0.329373
1.74796
158.431
-0.15629
0.148834
-0.199468
1.84936
0.725139
-5.45971
2.00857
4.34633
-0.0506754
1.03631
0.22044
2.47093
0.548859
-0.15344
0.69591
-3.21731
-1.07056
1.2837
282.242
-3.37034
0.570281
1.06213
-1.12046
48.0033
24.078
-2.08665
5.02022
1.22321
0.588933
-2.81675
-0.24491
-1.72961
-0.0500852
-0.290186
-0.278492
9.43152
0.831246
-0.124792
-1.12651
5.19556
-0.333753
0.0248461
2.25529
1.76248
37.083
-0.697839
-0.817773
2.45111
1.98593
0.189379
1.83201
-4.66624
0.145144
14.3061
-0.782011
1.48638
-5.52476
0.739944
-1.24034
0.333005
1.03049
0.635389
4.38309
-0.119293
31.7089
0.160853
-2.32576
-0.558454
-0.13036
-0.499789
-0.0354449
1.1009
3.4457
-1.91016
8.24672
0.464575
0.493096
1.09387
-0.834258
4.37405
-1.19824
-2.46865
-0.410584
0.170321
1.61174
-1.33155
1.14691
2.19406
-0.179598
2.86041
-0.280328
5.5857
-3.24341
-0.613741
8.09565
-21.8192
-1.1031
1.36707
0.836587
-38.9928
0.533636
-0.0984315
-1.16325
-0.845304
-1.67685
-0.510642
-10.2629
0.100547
-5.12622
0.190651
-1.31492
1.19472
-0.219436
-0.295103
-1.14745
0.00790459
3.13427
-0.361157
0.526971
-0.535895
2.85328
3.24005
-0.445818
1.15571
0.751877
-3.29331
1.3641
-1.34584
2.33545
-0.649307
0.402219
-2.88033
2.54828
0.349481
-4.49108
-0.220456
0.769889
-0.335207
3.67445
-1.49541
-25.8428
2.10989
2.11635
-0.924818
0.0378681
0.368249
0.811001
-2.94004
2.9037
0.718203
0.918864
7.81068
0.48825
-0.594615
-3.45146
1.81146
-0.0395749
0.108263
0.656073
1.0525
0.983295
-0.0916691
3.55816
-2.67557
-0.342857
1.21036
0.71847
-5.73241
-6.70348
10.9266
-2.81028
0.400759
-1.0672
0.4485
0.783729
-0.237552
0.144311
0.897409
1.55591
-0.638188
2.00113
0.423173
-1.55961
-1.17798
-0.209674
-8.24416
0.730214
-1.08313
3.30611
-0.289816
0.54581
-6.02742
-0.82238
-0.483913
0.534307
-0.24687
1.78555
-0.332629
-2.30474
2.42332
0.125331
-0.573563
-1.97884
-5.24348
-0.301453
-2.4669
-3.19746
1.33263
-0.078772
5.11665
-2.74712
0.849903
0.778852
1.97984
-0.431628
-5.50278
-3.43012
-4.48788
0.772509
-12.1764
-2.19078
2.01957
-3.41552
-2.80691
0.805864
-16.0773
2.23195
-1.10042
0.0663899
2.02123
0.387331
-2.12225
-0.793009
0.274895
2.14636
-2.07304
-7.22756
0.808206
0.296423
0.0322342
2.82705
-2.42434
-5.29779
-0.283804
-1.29232
0.0983545
0.831052
0.139951
-5.24709
-5.35235
12.0367
3.04553
0.452677
1.54398
0.835947
-0.683304
1.69949
72.7799
1.19802
-0.9987
-0.180779
0.00577727
0.0231962
0.13826
-0.174496
0.357134
0.452459
1.85013
1.92214
0.185848
-0.221876
-12.7587
-1.7192
0.520835
1.53168
-0.432295
-0.0408245
9.68429
-1.04117
-1.26607
-13.3038
9.55515
0.600505
-1.31644
-2.1235
-0.991898
-0.0206223
-0.255393
0.554115
-0.802916
-1.77864
1.52305
0.669205
2.7771
0.613525
-1.2251
-0.923061
19.6855
1.80884
-3.56989
-0.434812
-0.927004
2.73321
-0.597165
0.066867
-0.434958
-0.627086
-1.85195
-0.330087
1.11826
1.9651
-1.66441
1.80914
0.759856
-11.8419
0.931428
2.58354
-3.18138
-6.46663
-0.115471
10.1152
-1.1841
-0.951905
0.153497
5.02049
-0.568582
0.0164799
5.60009
1.00495
-0.938551
1.03081
-0.996905
-6.99037
2.37764
-10.9589
-0.216069
0.162212
-1.10224
-1.2528
1.15616
-0.292185
0.916642
-0.278354
-2.7855
0.43304
0.647581
0.607315
-3.39155
-0.743948
0.664252
-0.338385
-0.744553
-0.115924
2.13286
0.202981
7.92979
0.327854
-3.22357
-3.59728
0.794507
4.79428
-0.461904
-1.67969
-21.3112
0.124712
2.57663
-0.206011
1.34033
-0.883678
0.389865
-9.43271
-0.282619
1.05304
4.87455
2.35707
-4.42631
-0.259923
-1.38821
-2.69467
0.696128
-3.19134
1.54578
-0.514745
0.703801
-0.153552
3.28835
-2.52088
-1.25943
-1.71601
0.624771
-0.976878
-2.02429
-0.976476
0.473022
0.654985
0.323047
-0.628874
0.63967
-0.132721
-0.557263
-1.76221
0.698368
-8.78113
-39.6129
0.0249512
-0.565162
9.60115
-1.15419
-0.0748939
0.116588
-1.85686
-1.11451
-1.29631
-0.220995
-0.158663
1.4389
-0.371673
0.0607333
-0.505967
-0.311841
0.0970022
-0.3488
-8.17415
17.4484
0.839956
-2.15015
-0.189972
0.759829
-0.835907
2.45492
-1.61378
-0.143082
-3.07574
0.284267
5.52049
-1.56674
-0.121976
-0.88837
78.0559
-0.048419
-0.264407
-49.8361
-0.618324
-1.24597
-2.92356
0.721469
-0.425458
-0.0349462
-2.00671
7.95306
-0.349321
-0.66641
-6.36018
1.76095
-2.28476
-0.0967985
-0.668232
0.13474
2.50644
-0.230136
0.657863
1.09025
-1.28948
0.591289
1.90245
0.599515
-0.495647
-0.568571
-0.832508
2.59863
4.27408
-0.262866
1.15525
0.644755
-0.322614
-1.85927
-2.73365
4.01246
1.84597
-1.82963
-0.0840222
-1.08723
8.26244
-0.0572736
-1.01941
-1.52775
1.66772
0.212542
-0.0837871
0.360564
0.147281
0.0498021
0.770172
0.367614
2.34165
0.714588
-0.459069
-0.554071
1.34196
-1.02098
1.26047
-3.27902
-1.10857
-12.5449
0.1798
68.6147
0.0637513
0.659883
-1.55376
1.70281
1.69788
195.016
-1.78025
-0.78706
-1.51519
0.241683
0.700681
-4.21521
-3.04579
-7.33323
-0.300118
0.421751
0.598666
15.0472
88.561
0.537967
-2.52432
0.173964
-66.6039
-0.242485
-0.185759
-0.595442
0.0949869
3.64142
3.58519
0.429151
1.11405
-12.8692
3.33199
-4.0779
-0.124768
18.212
-0.573013
-0.885113
-0.0866006
0.450948
1.53074
-1.13568
-0.606575
10.4448
-0.240493
1.53889
3.40065
0.627118
1.86988
-4.38368
0.166651
-1.74746
0.356467
-0.740891
-1.92695
-2.56911
-12.1771
-0.506121
-0.144077
0.373814
0.262399
0.395481
-0.387206
-6.50449
3.05348
4.56333
-1.0566
-0.750328
-0.535875
0.791472
0.414321
-1.85035
1.25844
-1.8374
146.165
-0.761269
-3.98108
-0.888458
-0.183563
1.45805
0.298601
-3.29709
3.33657
0.970997
1.7205
3.61584
1.86539
-2.64536
-5.66072
22.6504
-0.202445
-6.62446
8.46539
7.02494
0.26561
-1.05117
-2.80737
-0.311268
1.00982
-0.530837
-8.82598
-1.40217
0.177458
0.772699
-0.145378
-0.50811
0.137619
-1.8111
0.117178
1.07616
-3.06379
-5.52263
0.91827
-0.409575
0.136974
-1.42475
-3172.46
1.3894
2.46479
-2.17654
-1.6339
0.88899
-0.844604
-0.419355
-0.204735
-0.929128
-0.19064
-0.57151
0.451857
7.02707
-2.0942
0.718006
0.358713
2.43723
-1.94788
1.36272
-0.842228
0.514832
-0.236103
2.38046
0.157383
-0.610263
-2.90809
-1.3927
9.07861
0.886585
-0.371743
0.00631071
-1.38028
0.292073
-0.472814
-0.59807
-3.13707
4.21283
1.34343
0.962592
0.474622
5.9181
-0.257312
-0.201648
-0.325663
0.370106
-1.00728
-0.0879228
0.699849
0.653192
1.27584
-1.2184
0.164828
-0.886681
3.01197
0.550508
0.408424
0.430011
7.54741
-2.62152
1.55109
1.62496
1.01872
-0.315013
-1.01726
-3.19945
5.15078
-8.33872
3.08403
-8.25914
-1.7615
-0.178119
3.75017
-0.740319
0.227926
-1.20017
-0.703383
-1.14827
-0.495332
0.155423
0.82812
-0.71974
-4.69291
1.58065
-3.20465
-0.66723
-2.44436
-1.50011
-18.2156
0.305965
