0.706202
0.630179
0.775353
1.36845
0.60363
0.772592
1.43259
1.14457
1.11152
0.570618
1.21617
0.809316
1.81966
1.00513
1.31228
1.08128
0.863226
0.774113
0.475351
0.899548
1.06952
0.795785
0.926399
0.65577
0.97522
0.903991
1.19939
0.637579
0.712802
0.714521
1.15208
1.70686
1.15481
0.668028
1.12178
1.2156
1.32749
0.86608
1.25636
1.12172
0.89236
0.475354
0.921422
1.26733
1.16932
0.81973
1.03071
1.6596
0.852866
1.1527
1.11232
1.11444
0.670837
1.19313
2.10987
0.52755
1.19947
0.97513
0.639705
0.941562
0.954413
1.39677
0.712333
0.559999
1.13243
0.848471
0.881662
1.16944
0.973351
1.54155
0.468031
0.968876
0.197712
0.988289
0.681852
0.949074
1.59006
1.01697
1.16833
0.964034
0.705817
0.894753
1.33659
1.19406
1.04883
1.48839
1.58893
1.25413
1.34708
1.17987
1.26841
1.13892
1.10402
0.752501
0.83071
1.31207
0.761247
1.48224
0.568538
0.776912
0.527469
1.09018
0.725978
0.802204
1.10191
1.11573
0.815276
0.53775
0.873443
0.762956
0.638535
0.737035
1.21476
0.864346
0.623097
0.868201
0.835385
0.680342
0.363714
1.07237
1.00158
0.919349
0.632977
1.09495
0.918263
1.43618
1.20646
1.2951
0.834936
1.17498
0.954472
0.735122
0.867625
0.970256
1.29273
0.724522
0.590358
1.24798
1.30881
0.576778
0.843583
0.742564
0.837827
1.14239
1.06621
1.14021
0.476125
1.34853
1.34263
1.16168
0.807961
0.819583
1.30293
1.12796
0.828656
0.428643
2.00166
1.07247
0.955671
0.653278
0.865023
0.603428
1.34898
1.77365
0.829542
0.584741
1.10427
1.27897
1.08256
0.863868
1.0912
1.33935
1.49611
0.884545
0.837117
0.589856
0.709875
1.15218
1.07625
1.84701
1.24504
1.14039
1.02961
0.769376
0.838402
1.09433
0.805275
1.31326
1.39202
0.538505
0.933999
0.887977
0.930673
0.904699
1.10874
1.62863
0.725888
0.729399
0.776409
0.723365
1.11789
0.845498
1.32778
0.8043
0.638587
0.534415
1.00502
0.508512
0.958374
0.827154
1.61094
1.19128
0.605281
0.491114
1.43023
0.874868
0.72678
1.23232
1.12767
0.681288
0.982708
0.719325
1.12239
1.06816
1.33151
0.799043
0.728567
0.438729
0.938414
1.31395
0.950736
0.570086
1.08742
1.06879
1.00572
1.11755
1.11922
0.862078
1.8451
1.40989
1.01777
0.593625
0.920399
0.929354
0.503736
0.46149
1.2494
1.56256
0.968685
1.44432
0.705691
1.0576
0.537921
0.601038
1.25799
1.28555
1.21101
0.859061
1.58673
1.6709
1.07574
1.22174
1.36457
2.12739
1.19762
1.10732
0.97376
1.12387
1.33631
0.754421
1.56882
1.23784
0.481041
1.00807
0.492353
1.04817
0.985474
0.753443
0.899139
0.873176
0.942753
0.935678
0.792763
1.0743
0.848471
0.814915
0.71615
1.11654
1.18012
0.698373
0.880248
0.668835
0.713272
1.05422
1.48444
1.04926
0.91139
0.978927
1.239
0.583734
0.784001
0.895027
0.777802
0.778266
0.955493
1.05855
0.716897
1.50677
0.650427
0.444733
1.11421
0.640412
1.11501
1.19018
0.912607
0.824144
1.27317
1.13769
0.589518
0.994003
0.829726
1.04693
1.17158
0.650671
1.02911
0.789712
0.724681
0.888755
0.448038
0.865933
0.502204
1.26402
1.31198
0.664946
0.985363
1.69671
0.803453
0.852609
0.311537
0.903422
1.15044
1.19741
1.0326
0.818764
1.01736
0.61471
0.964976
1.07582
1.43269
1.61175
1.33116
0.829707
1.19654
0.967514
0.817821
1.51889
0.857647
0.799138
0.819717
1.1951
1.14141
1.09266
0.681011
0.813869
0.349081
0.685533
1.39358
1.37107
0.730832
0.962423
0.545892
1.04611
0.834332
1.19028
0.927896
1.00915
1.16617
0.958228
1.67376
0.993598
1.52026
0.940274
0.754123
0.984518
0.708363
1.1791
1.51673
0.361347
1.12874
0.873241
0.777053
0.818358
0.701416
1.36186
1.1574
0.772168
1.01866
1.61693
0.636907
0.868745
0.713386
1.30946
0.236391
0.836626
0.768637
0.762192
1.03681
0.519534
1.226
1.46598
1.29716
0.883459
1.15494
1.30956
1.14006
1.0929
1.9883
0.857077
0.760438
0.757975
1.50665
0.905863
1.08048
1.25237
1.09352
0.667412
1.33944
0.900735
1.01193
1.16431
0.91546
0.975094
0.537519
1.42199
1.54711
0.871582
0.955417
1.37239
0.700242
0.897089
0.937895
0.997594
1.71822
0.580555
0.596757
0.841169
0.670782
0.417696
0.738513
1.3028
0.814565
1.19581
1.32804
0.694076
1.30866
1.31293
0.811016
1.04975
0.531194
1.01579
1.12722
1.38546
0.655689
1.39264
0.661509
1.17615
0.796765
1.10851
0.641246
1.05951
1.10235
1.15523
1.63228
0.870912
1.64097
0.540664
0.873527
0.952569
1.26222
0.911906
0.905626
0.646138
1.01663
0.790411
1.01247
0.807351
0.801745
1.08685
1.05463
1.31992
1.31409
1.1499
0.960053
1.1354
0.84795
0.702753
0.71165
1.35817
1.04147
0.918425
1.14695
0.855253
0.942912
1.68328
0.812703
0.831848
1.26098
0.395427
0.537797
0.574048
0.790883
1.24021
0.848133
0.871104
0.846844
0.889492
0.479822
1.46328
1.22168
1.6675
1.28221
1.1492
1.09555
1.25695
1.2615
1.37134
0.65397
0.976612
1.25683
0.697028
0.923941
1.50844
0.544881
0.886095
0.94184
1.11173
1.16535
0.995887
0.959794
1.37892
1.89255
0.746791
0.976352
0.879594
0.851409
0.896161
0.804708
1.35585
1.28213
0.790463
0.468162
0.715759
1.33919
1.75677
0.803291
0.703549
1.1248
0.514898
0.829926
1.29463
1.17526
0.998362
0.980262
1.00914
0.899851
1.01139
0.78089
1.25672
1.36033
0.965815
0.806109
0.766871
0.79568
1.36879
1.37159
0.394909
1.25392
0.924411
1.29751
1.01407
0.972029
0.808984
0.860356
1.22849
1.06416
0.783655
1.30328
0.966945
0.66608
0.847032
1.45608
0.608958
0.97619
0.922692
1.11942
0.900636
0.687361
0.909095
1.24401
1.08454
0.824567
0.955781
1.16976
0.774682
0.477046
0.782578
0.866451
1.09212
1.38998
1.1755
1.52359
1.02947
1.02021
0.809883
0.665882
0.728554
1.07867
1.54039
0.450649
0.945845
0.907792
0.750419
0.652011
1.6037
0.75596
1.11786
1.36364
0.884118
0.648264
0.653445
0.299447
0.878387
1.11828
1.34583
0.677897
1.21189
0.637455
0.844
1.66296
1.42135
1.17794
0.562622
1.05159
0.774617
0.881348
0.883968
1.06321
1.04512
1.52154
0.716551
0.319604
1.85129
0.64089
1.42756
1.01496
0.651369
1.10874
1.35402
0.993694
0.717512
0.925074
0.836544
0.701931
0.882266
0.430347
0.736529
0.662519
1.17967
1.04854
0.934483
1.06907
1.92547
0.691572
1.30379
1.58924
0.789106
0.961355
0.847849
1.30937
0.871656
1.14123
0.872351
0.681009
0.972904
0.587316
0.512342
0.786992
0.999218
0.653925
1.11202
1.27833
0.527115
0.991188
0.518414
1.14168
1.14602
1.51253
0.635255
0.763229
1.64655
0.936186
1.20138
0.999623
0.71361
1.33373
0.588863
0.95565
0.422141
0.438778
1.09988
1.06751
0.683316
0.83168
1.49713
0.680066
0.821557
0.992026
1.0136
0.827062
0.585382
0.956052
0.484858
0.862635
1.36347
0.675809
0.513228
1.34781
0.674304
0.466756
0.845266
0.724537
1.60373
0.89741
0.73871
0.986888
0.823184
1.38072
1.52502
0.522554
0.836386
0.659775
0.668127
0.789264
0.978387
1.05547
0.714592
1.20138
0.786975
1.14196
0.991954
0.86633
1.05894
0.867529
0.608445
0.649475
0.81234
1.49047
1.22966
1.24831
1.14064
1.20186
1.07675
1.12971
0.57356
1.154
0.42691
1.00881
1.0977
0.640493
0.792152
1.69234
1.07791
1.00735
0.787121
0.550063
0.691577
0.980736
1.08688
1.44722
1.22776
1.10151
0.492743
0.630204
1.02107
0.987564
0.973461
0.886396
0.637158
1.22648
0.952546
1.01584
1.05426
0.694854
0.977806
1.03685
0.924097
1.28829
1.38163
1.14281
0.953671
1.19618
1.26154
1.30149
0.88658
1.55549
1.29575
1.51719
0.998322
0.785736
0.551895
1.75405
1.35989
1.44926
2.10942
0.870177
0.668945
0.75699
1.40612
0.90577
1.18057
1.00881
0.644158
0.758513
1.42068
1.11163
0.441244
1.20611
0.406648
1.14527
0.663728
0.752089
1.38799
1.32651
0.829152
0.614787
0.805995
0.944476
0.85955
0.637851
0.967036
1.27003
0.667039
1.40608
0.472943
0.804078
1.54293
0.861439
1.35658
1.22219
0.636623
0.820077
1.05734
1.23956
0.816224
1.17114
0.706046
1.08529
0.748103
0.791608
1.15546
0.492285
0.526266
0.733926
1.03853
0.833549
1.0992
1.25158
0.826199
0.962623
1.57346
0.860914
1.34164
0.636162
1.07425
0.905255
0.97788
0.705447
1.07875
0.971634
0.87308
1.5119
1.62117
0.800373
1.66144
0.765076
1.21527
0.854374
1.42061
1.52034
1.58368
1.04247
1.14643
1.52361
1.0081
1.21181
1.56668
1.02391
0.900125
0.877255
1.04643
0.956704
1.00454
0.974037
0.684778
1.03973
0.916417
1.07111
1.0093
0.859543
0.924927
0.953978
1.50073
0.854165
1.12224
0.689358
0.886424
0.94056
1.2229
0.903134
0.912588
1.26734
0.967823
0.987943
1.74084
0.922611
0.942999
0.949019
0.808134
0.754383
0.830954
0.659363
1.47971
0.899487
0.9228
0.699897
0.737765
1.02792
1.15543
1.38474
0.635882
1.0637
1.53036
1.40652
1.54957
0.775154
0.87298
1.1079
1.19174
1.08517
0.95439
1.19414
0.760634
0.463183
0.433507
1.1847
0.663092
1.02423
1.4221
1.08286
0.858234
1.10481
0.908825
0.678233
0.912338
1.35446
0.770232
1.40066
0.851712
0.767852
0.891717
1.10852
1.19767
1.59272
0.912795
0.789321
0.977534
0.605195
0.617417
1.17593
0.937774
2.18084
0.753132
1.08266
0.450158
1.09294
1.38739
0.505606
1.15484
1.08808
0.545935
1.56863
0.479989
0.907889
0.527309
1.26711
0.688869
0.463244
0.90662
1.091
0.975171
1.73986
1.2157
0.891602
1.06602
0.913996
1.25145
1.02173
0.862469
1.42517
0.873156
1.0371
0.888773
0.779452
1.34577
1.01727
0.90603
1.11605
0.63859
0.935087
0.88737
1.09889
1.28131
1.02174
1.20342
0.808143
0.951322
1.20267
1.12246
1.08968
1.01173
0.993544
0.784302
0.548524
0.555698
0.381447
1.14146
1.11642
1.13252
0.829991
1.47915
1.28674
1.39395
0.652471
0.543134
1.84078
0.765798
0.88532
1.45777
1.88741
1.7892
0.887777
0.979636
0.86537
1.3715
1.12409
1.2049
1.22881
0.861764
1.72415
0.939491
0.992025
0.874165
0.533699
1.00595
1.74889
0.743447
1.13386
0.39925
1.65008
0.546917
1.60153
0.577386
0.798684
0.966652
0.960887
0.897128
1.67209
1.31737
1.21545
1.1172
0.919045
1.00194
0.983819
0.515553
0.912296
1.16523
0.897149
0.623573
1.06557
1.03312
0.754264
1.00215
0.993902
0.739635
1.18431
0.91964
1.31374
1.57808
1.05076
1.11413
0.657051
1.36405
1.70134
1.85832
0.530279
0.779556
0.89556
0.698495
0.627828
1.41732
1.17461
0.408657
1.07331
2.08876
0.59623
1.11048
2.14901
0.394069
1.23905
0.951012
0.770784
0.850465
0.833697
1.11807
1.19687
0.801211
0.577193
1.13792
1.24525
0.986665
0.753429
0.731842
1.49831
1.18835
1.15159
0.83278
1.20321
0.382225
1.7658
1.0229
0.704438
1.26639
0.732195
1.27409
1.26829
0.850644
1.33228
0.638122
1.07084
1.38059
0.665001
1.15235
0.874991
0.996031
0.917252
1.22277
0.525635
1.39188
0.972482
0.813815
1.24865
0.976136
0.977224
1.61319
0.727955
0.660005
1.1632
0.66568
0.866575
1.05451
0.916055
1.06991
0.89054
1.00406
1.46825
0.782122
0.594707
0.791865
0.515991
0.975623
0.58381
1.44939
0.871982
1.48085
0.862623
0.963059
0.963779
0.71866
0.743468
0.810785
0.993478
0.698966
1.23564
1.21951
1.32312
1.25589
1.40841
0.686
0.575055
1.00209
0.808904
1.00178
1.40035
0.633151
1.08326
0.727528
1.64003
0.818224
0.977029
1.60319
1.10773
0.674905
0.667113
0.602365
1.16151
0.699548
1.46309
1.1989
0.513267
0.810314
0.891136
1.45398
0.797956
0.514591
1.05821
1.34667
0.877778
0.824726
1.28363
1.03758
0.709186
1.07975
1.10688
1.5965
1.04868
0.594102
1.62969
0.893863
1.13437
0.689397
0.724973
1.3503
1.37504
0.563715
1.06264
1.27535
0.915064
1.33053
1.29949
1.23181
0.670863
1.1145
0.88595
1.28038
0.787197
1.40766
1.23978
0.69851
1.10145
0.952427
1.06817
0.750328
1.12274
0.855986
0.894227
1.46573
1.27181
1.09623
0.664455
0.675999
1.38143
1.01038
0.653309
0.773314
0.903341
0.715164
0.766435
1.02952
0.988657
0.613047
0.893466
0.819923
1.48659
0.788392
1.35849
1.37989
0.857455
0.628812
1.03357
0.853526
0.931759
0.668802
1.19823
0.839222
0.846874
1.0566
1.15835
1.22527
0.556582
0.640721
0.592682
1.18684
0.980449
1.16291
0.565664
1.1897
0.642865
1.17403
1.03408
1.62365
1.57685
0.453018
0.806237
1.16414
0.874672
1.58568
0.461953
0.518973
0.872305
1.44248
0.838241
1.50333
1.20609
0.432068
0.802392
1.01883
0.818985
0.783543
1.44937
0.657489
0.647055
1.07594
1.09673
1.07525
0.583134
0.820907
0.811365
0.542213
1.31571
0.764661
1.20558
0.631125
0.4926
0.499161
0.891514
0.740629
1.0744
0.978227
0.733083
0.93635
1.06133
0.970692
1.29794
0.796957
1.16204
0.806576
1.30112
1.28122
0.810895
1.39054
1.34711
0.578087
1.1942
0.708328
0.765061
0.928857
0.690612
1.8179
1.36841
0.614518
1.10304
1.02841
0.575521
0.724687
1.11546
1.36669
0.875448
0.86839
1.09051
0.811033
1.00099
0.848064
1.11296
1.11506
1.26394
1.5303
0.547135
0.82674
1.05817
0.632558
1.64503
1.04147
1.30742
1.2739
1.11418
0.731263
1.34135
1.03527
0.764657
1.23959
0.542862
1.03145
1.41704
0.924222
1.06256
0.848146
1.15375
1.35824
1.03434
1.04709
0.966559
0.736528
1.01366
0.80812
1.03527
1.0062
1.28666
0.507139
1.2869
1.76507
0.863546
1.14124
0.778921
1.02361
0.818484
0.92336
1.23221
1.03066
1.43383
1.38107
0.598777
1.37113
0.885254
1.06922
0.812101
0.827327
0.97875
1.3008
0.985762
0.575606
0.729211
1.21476
1.21759
0.73383
1.08437
1.28069
1.15443
0.657354
0.700147
1.50522
1.47924
1.08383
0.889958
1.51205
1.21361
0.46129
0.826687
1.10078
0.883329
1.03097
1.47594
0.515996
0.600291
1.65614
0.816154
1.37582
1.49312
1.36792
1.46813
0.809777
0.718044
0.694473
0.561637
0.842805
1.08531
0.946856
0.93871
0.915641
0.875973
1.39096
1.09732
1.05793
0.987691
0.740734
1.06795
1.21688
0.790791
1.29579
0.741572
1.01445
0.981784
1.50745
1.38147
0.74254
0.584303
1.00934
0.390522
0.874333
0.854536
1.39533
1.05001
0.556293
0.922024
0.775642
1.04362
1.04622
1.72487
0.641783
0.924885
1.81434
0.890907
1.56622
1.02319
1.47815
1.39676
0.863868
1.22253
0.785694
0.961047
0.329896
0.947282
1.11718
0.91385
1.21467
0.855624
1.08552
0.999193
1.29877
0.656867
0.895989
1.09156
0.969426
1.14238
1.09393
0.817818
0.882198
1.56426
0.77872
1.29557
0.53179
0.537332
1.18938
1.22478
1.01062
0.793056
0.90821
1.21906
0.865844
0.812384
0.677282
1.02732
1.27306
0.945577
1.0742
0.993972
0.569662
0.645957
0.872307
0.636778
0.737555
0.810716
0.968497
0.718582
0.561694
0.6827
1.32692
1.04182
0.775846
1.12938
1.09037
1.17777
1.09695
0.833047
1.196
1.10143
0.941543
1.2333
0.57399
0.981062
1.23925
1.25688
0.804457
1.39706
0.863767
1.00214
1.49914
0.926017
1.15102
1.46437
0.861938
1.05788
0.753762
0.68837
1.06575
1.13767
0.71447
0.683701
0.770498
1.0041
0.866929
1.42646
0.96239
1.62793
1.10001
1.01249
1.32098
1.04857
1.5225
1.38969
0.721564
0.990623
1.23714
1.0755
1.05872
1.28441
1.02893
0.943474
0.619713
0.993722
1.21645
0.66161
0.739288
0.657239
1.40915
1.07284
0.607959
0.921221
1.39553
0.457152
1.36881
1.04114
0.569012
0.826874
0.595724
0.869054
1.29599
1.20363
0.956893
1.18205
1.25501
0.853424
0.706472
0.978298
0.902412
1.08413
1.6532
0.982551
0.786821
0.83435
0.594653
1.00111
1.19258
0.730699
1.02876
1.22617
1.21339
1.2271
0.713715
1.14965
0.815981
1.18947
1.04056
1.50007
0.735456
0.424825
0.710138
0.825759
0.761866
0.617879
1.33645
1.31497
1.04016
0.453063
1.50145
0.558853
0.785398
0.800731
0.945668
1.08604
1.02793
0.965285
0.682797
0.941721
1.00477
1.1807
0.975068
0.915853
0.758156
1.30688
0.637805
1.03483
0.812262
0.577044
1.5722
0.589662
0.649522
0.568803
1.62285
0.953991
1.89207
1.13106
1.01193
1.092
1.33879
0.86704
0.787394
1.00544
1.52101
0.758124
1.17536
1.39222
0.986596
0.828152
1.21667
1.05982
1.33204
0.907137
1.25532
1.13643
0.679164
0.907899
0.9594
1.15826
1.04822
0.872244
1.458
0.864631
1.12202
0.58141
1.23914
0.786422
1.0461
1.12149
0.930501
0.878057
0.929191
0.982821
1.38612
1.22589
0.782051
1.23684
1.84914
1.12589
0.688162
0.861568
1.44176
0.988714
1.10122
1.13214
1.11483
0.742279
1.05187
1.24382
0.842905
1.53122
0.714307
1.18558
1.14762
0.84422
0.82867
0.87166
0.695834
1.10921
0.806629
0.898927
0.631116
0.756246
0.903805
0.606448
0.53476
0.98317
0.753179
0.785742
0.639829
0.937185
0.899779
1.22484
0.991062
1.33337
0.692284
0.715562
1.36219
1.0485
1.77591
0.777384
1.04933
0.671759
0.993671
0.506054
0.811065
0.700633
0.710194
0.692735
0.487677
0.953016
0.779023
0.508176
1.31081
0.527731
0.582663
0.391612
0.906601
0.659838
0.726127
1.16741
1.06273
0.759058
0.916329
1.31596
1.29051
0.826627
1.12102
0.825479
0.555377
1.10565
1.33227
1.36055
0.937715
1.00513
0.836822
0.769637
1.47997
1.04318
0.720728
1.13621
1.06469
1.03614
1.08177
0.699627
0.936282
0.636494
1.07604
1.31368
1.40799
1.44999
0.95683
0.754954
0.522162
0.538441
0.968447
0.647347
0.465172
1.10166
1.26749
0.911601
0.883797
0.686978
0.903343
0.919751
0.779742
0.985993
1.55902
1.19844
0.518129
1.50915
0.922797
1.12158
0.760176
1.13473
0.806859
0.879929
0.956762
1.60613
0.816932
1.47751
1.25312
1.02396
1.47665
1.01764
0.935542
1.13722
0.755816
1.11678
0.614
0.853749
0.735689
0.968823
0.847304
1.45551
1.19638
1.23538
0.997454
0.630926
1.14134
0.588613
0.675
1.221
1.22887
1.12751
0.838988
0.833122
0.913573
0.707257
0.669893
1.18114
0.825149
1.45479
1.28775
1.1788
0.732765
1.54897
1.02867
1.2501
0.818279
0.793469
0.82146
1.51145
0.366694
0.912621
0.573231
0.930067
0.393577
0.687788
0.803028
1.4954
0.956327
1.048
0.825036
0.526478
0.918729
0.736472
1.26661
0.779705
1.38574
0.758221
1.19878
0.912098
1.70745
0.660815
1.41804
0.972883
0.769684
0.38524
1.04606
0.638605
1.39258
0.768352
1.0397
0.898942
1.11258
1.55912
1.04924
1.02303
0.678027
1.08183
1.2416
1.11423
1.10405
1.25716
0.684126
1.02796
0.967645
0.811803
0.940153
1.07776
0.399345
0.526445
0.617731
0.840215
0.858224
0.90737
1.05914
0.960844
1.01249
0.660022
1.1826
0.690592
0.558022
0.512689
0.346844
0.597187
2.01052
1.00965
1.27652
1.59898
1.05072
1.41882
0.549049
0.781887
0.798561
1.35035
0.783494
0.499427
0.912811
1.31874
1.19402
0.907694
0.811093
0.763079
0.772165
0.677664
1.40915
1.13236
1.71441
0.710651
1.18567
1.16775
0.957247
0.789873
0.911674
0.945792
0.627271
1.66796
1.3413
1.58916
0.678081
1.1972
0.91462
0.965979
1.45206
1.08105
1.97223
0.850245
0.805342
1.09232
1.46192
0.873571
1.41114
1.4375
0.903314
1.02184
1.7067
0.690727
1.12404
0.960339
0.372302
0.826503
0.682381
1.12215
1.06833
1.05918
1.28547
1.11217
1.52586
1.22918
1.09778
0.979945
1.79185
0.791715
0.568756
1.19702
0.757807
1.04175
0.932053
0.596641
1.13522
0.927676
1.38162
0.745569
0.59128
0.691571
1.79596
2.10467
0.939843
1.35063
1.28991
1.35448
0.798634
1.31162
0.511552
0.879552
0.665467
1.28478
0.858265
1.04697
0.44793
0.788228
0.864057
1.21797
1.05155
0.590837
0.764826
1.27781
0.977215
1.15075
0.944477
0.724407
1.44284
0.786586
0.526593
0.821567
0.934524
1.47394
1.14429
0.670479
1.55777
1.03469
1.21678
0.941884
1.37611
0.851019
1.13443
1.32234
1.17789
1.23889
0.791195
1.1836
1.12635
1.22358
1.19451
0.652367
0.927461
0.718419
1.6994
1.40763
0.589274
0.728263
1.23733
0.637774
1.07485
0.968961
0.983154
0.720656
0.709072
0.434377
1.66981
1.30231
0.41824
0.925049
0.714646
0.76148
1.32247
1.72298
1.63747
0.608162
0.932714
1.11528
0.795031
0.970033
0.911013
1.9413
1.00752
0.594771
0.693142
0.938407
0.647368
0.832434
0.849701
1.16312
0.77507
0.850844
0.856462
0.938128
1.07808
0.737509
1.11871
0.580073
0.98968
0.986818
1.02189
1.42401
0.535751
0.668935
1.49755
1.07048
0.701277
0.549505
1.18878
1.62467
0.705899
0.670704
1.24105
0.971894
0.514887
1.13934
1.362
0.842533
0.98214
1.58161
0.503618
1.08858
1.22117
1.04904
0.929636
0.918937
0.350098
0.870727
0.594542
0.683986
0.693697
1.13941
0.705461
1.08234
1.01357
1.25134
1.15199
0.655299
1.20625
0.849764
0.865328
1.05754
0.702985
1.01676
0.947058
1.05638
1.08955
0.813336
0.869326
0.887633
0.693265
0.921024
1.22777
1.30228
0.586684
1.14643
1.09345
0.922156
1.19944
0.785954
1.27375
1.02921
1.19635
0.671248
1.00417
1.43939
1.33928
0.980368
0.488955
0.521905
0.791515
0.95883
1.4436
0.555157
0.613189
0.80188
0.438688
0.855985
0.602495
1.65595
1.86299
1.06386
0.663181
0.494034
0.740905
1.45667
0.856567
1.40084
1.14803
0.517617
1.13579
0.777766
1.25246
0.459935
1.61483
1.13983
0.687178
0.813685
0.746854
0.94506
0.847091
0.775645
0.973631
1.42088
1.02091
1.17474
0.773524
1.10066
0.905827
0.613925
1.35007
0.830668
1.52237
0.884239
1.26068
0.809488
0.510073
0.777572
0.940641
0.986049
1.00493
0.482354
1.56019
0.945918
0.666946
1.75908
1.13153
0.804038
0.734592
0.635419
1.31588
0.775916
0.756201
1.15154
1.03183
0.758749
0.615444
0.759364
0.996222
0.917686
1.04878
1.14243
1.36717
1.07919
1.30522
1.17794
1.46746
0.839536
1.18325
0.872396
1.33833
1.4751
1.16012
1.03541
0.41692
0.994985
1.17141
1.38453
0.937274
0.544474
0.762411
0.487126
1.60189
1.10765
0.738876
0.43218
0.914995
0.832711
1.23373
0.649523
1.2365
1.15017
1.18162
0.914976
0.674613
0.686504
0.81906
1.13285
1.72237
0.605049
1.03148
0.813965
0.921526
0.634007
0.797076
0.59745
0.430394
1.15542
0.688374
0.568262
1.23587
1.3922
1.04994
0.729006
1.19262
0.378845
0.907469
0.988263
1.27921
0.824267
1.45671
0.983905
0.969047
0.918445
0.625768
1.05665
1.05843
1.41642
0.691228
1.01207
0.723758
1.16366
1.04896
0.880068
1.33431
0.983905
1.25043
1.1321
0.924609
1.15219
1.3449
0.982237
1.48919
0.547798
0.764137
1.2658
1.22757
0.822008
0.811799
1.36352
1.15357
1.0685
1.45305
1.0958
0.855509
0.998006
1.07079
0.977225
1.10455
1.70467
0.907792
0.860486
0.935193
0.887549
0.720292
1.04442
1.24551
0.90058
0.987468
0.906898
0.550403
0.883079
1.27153
0.958104
0.736343
1.37748
1.19773
0.677031
0.973673
0.72871
0.922815
0.680996
1.09658
0.812151
1.37613
0.989176
0.890406
1.37586
1.02945
0.798376
0.578398
0.679331
0.740189
1.21393
1.73267
0.908928
0.767835
1.00158
1.32675
0.739594
0.556189
1.16907
0.906335
1.28238
0.692824
0.971125
0.971167
0.869096
0.969815
0.675556
1.09425
1.23496
0.710545
1.06916
0.988032
0.473389
0.827851
0.852178
0.78023
0.946019
0.995534
0.701616
1.03731
0.91268
1.02809
0.650686
0.594442
1.48761
0.653196
0.453651
1.26558
1.93983
0.970397
1.13418
1.48462
0.778355
0.886693
0.701872
0.801938
1.14254
1.07896
0.784994
1.1635
1.49136
1.15849
0.611977
0.842492
1.06091
0.789072
0.911282
1.21681
0.521954
0.576419
1.15084
1.06117
1.02537
0.971012
0.575889
1.08332
1.01893
0.788329
0.996235
0.60644
1.23812
1.4806
0.736162
0.815759
0.686767
0.674279
1.01743
0.689417
0.690276
0.692627
0.866615
0.65337
1.04502
0.924473
0.697755
0.542207
1.39729
2.07965
1.38782
0.864211
1.65113
0.819061
0.960077
0.713079
0.910416
1.23072
0.898319
0.805094
0.669286
0.783323
1.45982
0.760817
0.659738
0.511976
1.01307
0.604146
1.01271
1.08918
0.897097
0.930554
0.771908
1.14193
1.51762
0.685609
0.933347
1.00303
0.776036
1.03691
1.46192
0.962855
0.426582
1.13846
0.596891
1.27033
0.787896
0.894104
1.35941
0.746185
0.937167
0.639303
0.650015
1.00548
1.2819
1.15646
1.00997
0.718089
1.49169
0.71463
1.12128
0.990603
1.06168
0.854231
1.51445
1.0388
1.31202
0.888615
1.0092
0.618087
0.963811
0.752523
0.943346
0.776248
1.11498
1.18611
1.12912
0.716585
1.07279
1.4775
0.799735
0.998205
1.03547
1.23469
1.14039
1.06515
0.920627
1.10578
0.943936
0.780547
0.697907
0.907856
1.22356
0.71819
0.567686
0.798396
1.13574
1.16641
0.461493
0.828312
0.727872
0.811034
0.700671
0.93547
1.40293
1.32021
1.19062
1.08639
0.658542
1.91261
0.800409
0.989011
0.658126
1.03425
1.1081
1.00971
0.620495
1.2757
1.03943
1.30318
1.05346
1.51723
1.32985
0.957061
0.910396
0.826134
0.795078
0.908245
0.744318
1.21642
0.956673
1.07162
0.614921
0.853326
0.956002
0.884776
1.13695
0.509747
0.643922
1.06504
0.950691
1.03743
0.792489
0.67331
0.809671
0.614325
0.671906
0.276344
0.838317
1.4211
1.22349
1.31992
1.12778
1.63615
0.797986
1.34244
2.28851
0.603464
0.479853
1.24803
0.78017
0.66003
0.683073
0.990356
1.48712
1.36352
0.939952
1.01718
0.59256
1.02135
0.717143
0.970206
1.42622
0.791288
0.761413
0.591654
0.87535
0.872157
0.361601
1.16028
0.983779
0.679521
0.87044
1.05508
0.864358
1.1852
1.29758
1.44709
0.839492
1.53538
0.621667
1.27119
1.19163
1.09232
0.785001
0.946658
0.632608
0.919085
0.807178
1.40106
0.769861
1.05986
0.664444
1.10336
0.748639
0.931447
0.820644
1.47597
1.05046
1.04156
0.764609
1.12074
0.503489
0.937989
0.697194
1.55424
0.705493
1.29132
1.03281
0.69047
0.569448
0.498429
0.938409
0.780686
1.58897
1.40411
1.37967
0.864609
1.56882
0.890328
0.955464
1.10147
1.01212
1.20081
1.14593
0.706785
0.653663
1.12294
1.28806
1.0393
0.760047
1.14609
1.13211
0.478079
1.32818
0.678687
0.903885
1.28407
0.632354
2.28375
1.22676
1.09663
0.99092
1.10434
1.40285
1.07464
0.584176
0.764723
1.60584
1.91793
1.14704
1.33904
0.493442
0.614273
1.48557
0.749661
0.510612
1.34976
0.690822
0.833961
0.810843
1.59424
1.13332
1.08466
0.864501
0.715584
0.64431
1.07764
1.29648
0.631499
0.777812
0.80264
1.41203
2.15529
0.960585
1.18425
1.17195
0.837821
0.845528
0.97334
1.37837
0.905994
1.36628
0.877664
0.790243
0.82398
0.597974
0.685701
1.22633
0.485852
0.73239
1.02782
1.51612
0.996918
0.757117
1.65673
0.868887
1.17112
0.636439
1.33488
1.35257
1.63028
1.21116
0.890648
0.888317
1.02454
1.11105
0.848419
0.875565
1.23694
2.25276
1.23034
1.58958
0.55167
0.702053
0.498999
1.30118
0.540019
1.77468
0.977353
1.41131
1.21477
1.39885
0.782133
0.863047
0.860049
0.98923
0.857485
1.38863
0.62893
1.00995
0.863138
1.30212
1.34083
0.870772
1.19481
0.870062
1.31495
1.05103
1.3842
1.04376
0.596495
0.915983
1.04805
1.25205
1.91881
0.941009
0.483738
1.02676
0.680923
1.28364
1.1053
0.932561
1.00245
0.507353
1.23032
0.493049
0.824056
0.863915
1.01435
1.22801
0.869122
1.01237
1.00473
0.882329
0.845503
0.769694
0.668843
0.66144
0.734987
0.819195
0.727625
1.01808
1.28972
0.775391
1.69603
0.715385
1.12116
1.40055
0.794458
1.71007
0.939987
0.733749
1.06469
1.40089
0.664152
0.561426
1.10382
1.94114
1.89163
0.556103
0.76215
1.15985
1.43457
1.15949
0.790435
0.791653
1.07128
0.826472
0.63342
0.971743
0.978727
0.640127
1.4744
1.01362
0.56826
1.656
1.03572
1.01051
0.979718
0.995776
0.753326
1.04928
0.90364
1.01744
1.39857
1.16828
1.1498
0.937013
0.592719
1.67772
0.926066
1.19592
0.541327
1.1591
1.32791
1.04254
1.1924
1.01002
0.41336
0.529659
0.895877
1.08773
1.01245
1.2928
1.02733
1.11229
1.12374
0.696659
0.756509
0.703366
1.06103
0.899289
1.22969
0.670133
0.75579
1.05381
1.08051
0.77655
1.30327
1.16949
0.777967
0.815093
1.2889
0.795204
0.660697
0.341867
1.08621
1.05563
0.858914
0.85931
0.524233
1.2183
0.858505
0.803892
1.05066
1.34489
0.80445
0.742147
1.12473
1.46307
0.444097
0.968216
0.726916
0.975746
0.979437
1.11752
0.624423
0.670842
1.4663
1.25401
1.17119
1.34817
0.969
0.50851
1.08184
0.616124
1.08939
1.05504
1.16224
1.16025
1.09402
0.971414
0.863175
0.977567
0.799832
0.993654
1.51251
0.724384
0.864989
0.822057
0.663433
1.61188
1.19536
1.06708
0.944035
0.753433
1.59404
0.511949
0.662454
0.738794
2.19336
1.20132
1.23536
1.48446
0.751477
2.74093
0.761158
1.03702
1.25852
0.736751
0.59567
1.58289
1.05288
1.13719
1.15953
0.943929
0.955557
0.809053
1.21071
0.621797
0.597438
1.45094
0.857651
2.19295
1.77368
0.868344
0.942459
0.972049
0.631279
1.25523
1.20053
0.907679
1.45824
1.07994
1.35874
1.12774
1.0319
0.968067
1.03533
1.03867
1.14191
0.904568
1.08432
0.634911
1.54571
1.24907
2.09694
0.666342
0.730914
0.977676
1.00928
1.69193
1.19661
0.724066
0.874882
0.930001
0.848727
1.52655
0.714993
0.899639
0.648793
1.18336
1.37182
0.833893
0.832951
1.30927
0.592661
0.620782
1.27648
0.460238
0.695435
1.24016
1.15892
0.713929
0.822867
0.45459
0.766278
0.974204
1.10654
1.12425
0.797627
0.920511
0.692418
0.825093
1.31394
1.14792
0.896378
0.585262
0.682002
1.15556
1.37491
0.854822
1.46339
1.32981
0.967894
1.06229
0.739869
0.891634
0.957652
1.09841
1.24408
0.893798
1.06923
0.589444
1.21402
1.18122
1.04519
0.715311
0.869054
0.921192
0.699279
0.753999
1.21683
0.771702
0.755455
0.711599
0.674721
1.19194
1.20559
0.636417
0.751829
0.745774
0.750909
1.35139
0.735395
1.10944
1.21489
0.671683
1.23333
1.28817
0.680488
1.97191
0.992021
0.851717
0.74687
0.631476
0.79121
1.16541
0.746333
1.69558
0.592425
1.32428
1.00122
1.01129
0.679262
0.50219
0.555971
1.42204
1.14791
0.609348
0.737131
1.0814
0.706871
1.14235
0.476783
0.880335
0.900972
0.990447
1.19946
0.806757
0.405001
0.61749
0.425506
0.754361
0.759738
1.346
1.35001
1.31352
1.10028
0.544169
0.794728
1.40277
0.467538
0.641891
1.05479
0.89984
1.61976
1.00744
0.806948
1.14284
0.731722
1.0688
0.913859
1.08946
0.755701
1.16425
1.3824
0.862792
1.00242
0.377494
1.23062
0.946675
1.17922
0.775584
0.955786
1.65779
0.928456
1.13392
0.438471
0.955597
1.46736
1.26688
0.998242
0.675675
1.12954
0.738359
0.948664
0.608384
0.945233
1.15776
0.96487
1.31986
1.06658
1.31228
1.06218
1.21685
2.00985
1.3854
0.834302
0.733312
0.674182
1.14566
0.836829
1.09661
0.594023
0.846858
0.754484
0.996816
0.797955
1.01252
1.16085
0.564192
1.02675
0.878587
0.888576
1.02495
0.572716
1.23986
0.82169
1.8852
0.994505
1.59632
0.689499
0.644947
0.872333
1.17256
1.0127
1.21221
0.972716
0.830179
0.905981
0.70004
0.828459
0.912228
0.582331
1.00146
0.615136
1.1047
0.423008
0.800753
0.993632
1.00554
1.01114
0.524392
1.15163
1.3633
1.31991
0.780322
1.20293
1.00064
1.06947
1.35986
1.21641
0.930762
1.33141
0.596832
0.845604
0.576002
0.615766
1.50393
1.06308
0.960962
1.26585
1.14496
0.877434
0.781043
0.813149
1.11247
1.41186
1.39502
0.662058
1.05402
0.730964
1.01593
0.792555
0.527262
0.713828
0.871432
0.923051
0.973328
1.50927
0.806009
1.3399
1.31626
1.47238
1.08044
0.99111
1.22284
0.538858
0.959774
0.886017
0.62296
0.557338
0.936925
0.707054
0.700728
0.878247
1.36729
0.734111
0.581687
0.703293
0.623261
1.83076
0.901538
0.681928
1.20473
0.714706
1.11678
1.52669
1.08946
1.21217
1.04163
0.975146
1.2508
1.1232
0.650209
1.09363
0.647664
0.800997
0.638705
1.11166
1.09764
1.09677
1.55093
1.08784
1.03491
1.23475
0.948585
0.970884
1.15999
1.16632
0.673444
0.539273
1.0186
1.41811
0.787976
0.884606
1.26781
1.0748
1.08862
1.27398
1.05464
0.989442
0.84905
1.28553
0.931592
0.818824
0.86297
0.633883
0.906755
1.41714
1.1682
0.943647
0.835844
0.894384
0.405867
0.97308
1.12951
0.810682
0.601308
0.823666
0.702828
0.998313
0.452464
1.49473
0.769865
0.840097
1.00895
0.772626
0.601925
0.992403
0.91099
0.855779
0.963924
1.63338
0.853807
1.36558
1.0336
1.09555
0.759299
0.584009
1.18265
0.645336
0.827432
0.800552
1.24385
0.761136
0.952999
0.853569
0.698852
1.40907
0.844041
1.07843
0.837054
0.947105
0.56022
0.84364
0.593296
1.46868
1.0892
1.27985
1.06521
0.80395
0.674389
0.715118
0.83399
0.602659
0.900547
1.14758
0.689013
0.618684
1.21293
0.418579
0.721609
0.600374
1.11957
0.798788
0.688663
0.767104
1.50747
1.20405
0.777848
0.769964
1.45626
0.786801
0.889465
1.26199
1.02519
0.337489
1.36845
1.21138
1.3933
0.53773
1.29409
0.744794
0.412706
1.22584
0.885726
1.5215
0.991115
1.04627
0.712606
0.964267
1.3324
0.60374
0.973448
1.11509
0.753694
0.933292
1.30904
1.20054
0.810396
1.22691
1.70774
0.805103
1.05058
1.24579
1.00069
0.919882
1.33205
0.904505
0.946368
0.800176
1.07798
0.434947
0.436122
1.34096
1.27808
1.22021
1.37069
0.938598
1.39566
1.01437
1.28919
0.514462
1.55112
1.38678
1.44284
1.35211
0.769354
1.17007
0.771154
1.11552
1.00898
0.554031
0.775068
0.60671
0.755372
0.579916
1.54751
0.820312
0.938669
1.63898
1.08268
0.547107
0.974587
1.19537
1.30892
1.10955
0.616813
0.91103
1.43619
1.00734
0.850327
0.904995
1.07068
1.29444
0.641252
0.740246
1.05714
0.94787
0.96602
1.22396
0.877608
1.12776
1.01069
1.16875
0.556502
0.890901
1.24067
0.670246
0.733876
0.97631
0.621079
0.564586
1.89704
0.679132
1.49464
1.78796
1.02415
1.40044
1.38966
0.799699
0.595574
0.865867
1.48171
1.37661
1.47561
0.555906
0.95225
1.13204
1.56915
0.933832
0.884599
1.21643
0.814592
1.15147
1.09711
0.530231
1.1884
0.988696
0.660717
1.58812
0.647908
1.24747
0.899118
0.865623
1.5988
1.13389
0.887343
1.20264
1.20077
0.855434
0.787283
1.319
0.799578
0.706073
1.08975
1.42259
0.863027
1.40911
1.00847
0.631695
0.985042
0.882261
1.16932
0.850286
0.913262
0.997091
0.989826
1.19841
1.15055
0.697099
0.825186
1.45422
0.62637
1.15396
0.921127
0.989554
0.862145
1.24085
0.727069
0.383539
1.31648
1.14778
1.18554
0.691757
1.48256
0.714018
1.71874
1.05717
1.33418
0.657568
1.04271
1.20224
1.19469
1.0696
1.12234
1.25359
0.941418
0.54509
1.26382
1.55752
1.19359
1.131
0.862382
0.94756
0.711256
2.00575
0.966249
0.77651
0.66057
1.02337
1.6288
1.32884
1.06623
1.6329
0.556895
1.33115
0.969169
0.740713
1.00204
0.492358
1.43789
0.828718
0.487343
1.59929
0.960055
1.40126
1.03262
1.33268
1.28312
0.701386
1.35708
0.957835
0.96103
1.03379
0.78726
0.506133
0.652519
1.05534
0.547649
0.801934
0.491127
0.840485
0.870854
0.862166
0.908145
0.889122
0.710525
1.03016
1.18078
1.02834
0.663005
1.13759
1.04492
1.60968
0.902813
1.55666
1.16797
0.617239
1.06972
1.74349
1.10331
0.795861
1.37658
0.983094
1.14989
0.497987
1.36152
1.10232
1.2925
1.38374
1.09194
0.707956
1.06271
0.482267
0.653583
1.31824
0.821699
1.04121
0.62234
0.706226
0.705474
1.12838
1.14824
0.509864
0.871146
0.90463
1.02103
1.17091
0.661031
0.703327
0.306647
0.65867
1.12255
1.19787
0.647413
1.20606
0.431631
0.820805
1.10367
1.29992
1.05729
0.623403
0.827748
0.831931
0.990431
1.16479
1.0524
1.39326
0.729278
0.884932
0.629071
0.952593
0.692101
1.0809
0.542886
1.40191
0.687348
1.11188
1.10781
0.939071
1.2353
1.20899
1.15402
1.09873
1.00157
1.14186
1.19849
1.37349
1.72863
0.69835
1.24969
1.65117
1.27988
0.936873
1.3094
0.718258
1.0034
1.45449
0.87029
1.40999
1.11876
1.52144
0.723633
1.668
0.704337
0.962491
1.1474
0.763773
0.966065
1.08261
0.776421
0.675441
0.877888
0.536899
0.848104
1.00627
1.40143
1.08296
0.897811
0.812002
1.17105
1.01773
1.06651
0.873475
0.693579
1.19111
1.37572
1.05817
0.903925
0.692743
1.26012
0.939308
0.691021
0.599646
0.97416
0.70533
1.3258
0.760546
0.662071
0.745706
0.837796
1.18497
1.29266
1.1077
1.20983
1.38722
0.895174
0.988652
1.02951
1.24579
1.52605
1.39482
1.09458
0.772288
0.960754
1.09683
0.711571
1.32422
1.65199
1.36567
0.775079
1.41698
1.08687
0.77144
0.563808
0.758584
0.801616
0.757843
1.36178
2.0451
1.37306
0.997899
1.07686
1.3898
1.10847
1.09266
1.38446
1.57565
0.942644
0.863476
0.615096
1.18282
1.41861
0.631213
0.812537
0.988637
1.28517
1.23552
1.58989
1.82509
1.30125
0.754667
1.17049
0.904875
0.557139
0.67881
1.36758
0.780524
0.617089
1.10062
0.865557
0.799391
0.98546
0.999132
1.49142
0.905395
0.910265
0.767156
1.24516
1.3655
0.627853
1.33752
0.741678
1.63689
1.51216
0.987892
1.00083
0.804491
0.797529
0.664119
1.65081
1.05846
0.95578
1.01776
1.05426
1.5411
0.8888
1.24621
1.7038
0.946582
1.35178
0.92872
0.90414
1.89504
1.05345
1.2394
0.657128
1.20058
0.772921
0.602264
0.993096
0.986566
1.17514
0.91223
0.975378
1.41133
1.33164
1.34969
1.32234
0.625628
1.36807
1.01462
1.05224
0.612584
1.58325
0.710491
0.546294
0.71701
1.11771
0.842671
0.991698
0.811964
0.945659
0.63552
0.931666
1.39711
1.57326
1.19132
1.06998
0.584092
1.078
0.64581
0.654949
0.978123
1.308
1.37718
0.919639
0.665822
1.04031
1.05383
1.03378
0.838211
1.33002
0.921067
0.839453
1.21072
0.820111
0.673787
0.789135
0.848896
0.579758
1.14713
0.828758
0.835869
1.37329
0.676727
1.07613
0.623326
0.902766
0.894238
0.518231
1.03504
1.10041
0.942582
1.42553
1.10619
0.890255
1.19658
0.93389
1.01961
0.768614
1.06874
0.603382
0.92834
1.00303
0.766238
0.994402
1.23219
0.681785
1.18566
0.909994
0.877016
1.97151
0.845543
0.958595
1.0372
1.3896
0.822424
0.978779
1.13647
0.731378
1.04969
1.33878
1.10236
0.909534
0.30451
1.24264
0.903946
0.990351
0.758518
1.30477
0.760652
1.57805
0.345366
0.664748
0.763569
0.868146
0.551128
0.845199
1.72773
0.965597
1.00327
0.74995
0.848296
0.847108
0.878472
0.859599
0.908664
0.880116
1.50707
1.23783
0.411102
1.06625
0.929989
0.960277
0.829078
1.0149
0.778008
1.09023
0.569362
1.29427
1.14566
0.845004
1.03145
0.624317
1.09633
1.07813
0.469706
1.13775
0.741009
1.31982
1.12178
0.779062
0.626091
0.858022
0.543504
1.0611
0.805009
1.52787
0.997919
1.34384
1.09439
0.617202
1.12459
0.528353
1.58351
0.799128
0.696828
0.877019
0.808445
1.19572
1.08375
1.06305
0.555344
0.672668
0.799843
0.820326
0.714457
0.959132
1.28864
0.908666
1.06935
0.667405
0.980021
0.94654
1.37461
0.976467
0.748379
0.873264
0.667478
1.44454
1.20044
0.898669
0.876207
1.77525
1.11256
0.926776
0.446412
0.78642
0.426196
0.824002
0.891339
0.905871
0.941054
1.46603
1.19597
0.694139
1.14921
0.625411
1.22693
1.20239
0.740233
1.55667
0.96163
1.20077
0.726379
0.697959
1.16561
0.92948
1.12469
0.722316
1.1168
1.14771
0.593441
0.82575
1.12406
1.56047
1.24877
1.30308
0.871034
0.641412
0.535982
0.912944
0.847761
1.14397
0.729697
0.774335
0.567609
0.872777
0.868429
1.09285
0.947506
0.375546
0.740006
0.708864
1.41838
0.925154
1.21327
0.864615
0.985914
1.14851
1.39497
1.31247
1.60902
1.63646
1.24703
1.11962
2.00607
1.50196
0.891895
1.18998
1.01515
1.09728
0.487956
1.29365
1.07327
0.799694
1.12382
0.9529
0.840515
0.651947
0.681647
1.18542
0.560428
0.976061
0.908102
1.66879
0.955933
0.971545
0.694457
1.30974
0.766877
1.10509
1.25486
0.454199
1.04953
0.66161
0.565461
1.36596
0.884716
0.943522
1.27103
1.04055
1.0803
1.54965
1.03824
0.774977
1.05062
0.656561
0.944055
1.94239
0.831971
0.987336
0.721266
1.32189
1.49894
0.900236
1.65685
1.13708
0.746103
1.23904
1.32354
1.33542
1.26388
1.02073
0.705906
1.05982
0.871398
0.784597
0.988228
1.30426
1.05116
0.60691
0.943247
0.681035
0.790815
1.09661
0.836997
0.674486
1.09672
1.15199
0.566123
0.652611
1.28759
0.866468
1.05302
1.3645
0.942312
0.887234
0.443917
0.588736
0.919673
1.42523
0.960268
0.514371
0.790864
1.62443
1.05263
0.785705
0.746363
0.74869
1.2825
0.636498
1.34526
0.915819
0.426007
0.914946
0.725542
1.05997
0.807762
1.19965
1.03548
1.07154
0.876653
0.809282
1.33962
0.845236
1.54929
0.339511
1.71929
1.66876
0.925996
0.610898
1.15338
2.02442
1.08476
1.0608
0.993477
0.986248
0.605314
0.892283
1.13534
0.768903
2.4197
0.91298
0.780688
0.899571
0.968788
0.556891
1.24864
1.41403
1.24904
0.94813
1.74671
0.68998
1.0133
1.00559
0.670447
1.06166
1.23501
1.27276
0.626981
1.66948
1.12145
1.04946
0.612898
0.74268
0.836514
0.801214
1.06268
0.878607
0.442551
1.47107
1.07449
1.46355
1.6243
0.458868
0.595712
1.48238
1.58288
0.962844
0.596186
0.774088
0.809748
0.671662
1.48324
0.973035
0.985699
0.686833
0.596247
0.681497
1.10449
0.87624
1.20556
0.962628
1.24435
0.815275
1.05136
1.01692
0.580575
1.0014
0.908423
1.04007
1.5751
1.26688
1.08967
0.901092
0.874785
0.836193
0.648741
0.96589
1.39412
0.962055
0.86335
0.944381
1.19944
1.24982
0.842257
0.878335
1.14229
0.855049
0.66116
0.519778
0.586674
0.877255
1.23287
0.854473
0.966565
1.05824
0.759823
1.653
1.0152
0.960343
1.1422
0.472466
1.36446
1.20035
0.68171
0.930241
0.63907
1.43926
0.695509
1.16994
1.12609
1.1047
1.2366
0.650516
1.50166
1.18208
0.508399
0.955157
1.13456
1.37774
0.777375
0.965683
0.663238
1.09159
0.777023
0.741909
1.24037
0.61434
0.943662
0.616646
1.78664
0.831185
1.24927
0.975079
1.19064
1.11149
1.4362
0.818841
1.04751
0.685204
1.08903
1.07523
0.852047
1.35255
0.788142
0.477784
1.54483
0.766239
0.808136
1.30292
1.0779
0.603079
0.811487
0.509272
1.05518
1.31304
1.02448
1.18192
0.896764
0.771653
1.21707
1.19461
0.871647
0.969422
0.958946
1.44963
0.613366
0.954534
1.1699
0.680704
0.586426
1.16146
1.30542
0.534788
0.701908
1.27821
1.08811
0.557192
1.71573
0.754585
1.19375
0.947607
1.19553
1.54242
0.863397
0.54871
1.30989
0.913202
0.817936
0.526324
1.34841
0.638409
0.536963
1.38157
0.864331
0.981785
0.737212
1.10724
1.16921
0.603466
1.06906
1.49848
0.879909
1.21623
0.818157
0.788485
1.25233
1.09661
1.45137
0.456446
0.896955
1.4069
1.01126
0.908258
1.1387
0.834954
0.833398
0.84871
0.878715
1.57582
1.36994
0.508083
0.833557
1.44044
1.20054
0.870529
1.17682
1.39477
0.848932
0.804738
1.00286
0.814774
0.862177
0.840534
1.18758
0.88561
0.624337
0.874963
0.788113
0.904203
1.08566
0.620704
0.63919
0.930394
1.19351
1.0952
1.63034
0.757199
0.746311
0.85767
1.31338
0.865009
0.983462
1.61051
1.03088
1.08993
1.32615
1.26146
0.911672
1.19922
0.666072
1.13972
0.946664
0.591474
0.528107
0.997399
1.24763
0.739591
0.9058
1.09737
1.32684
0.947716
1.18465
0.963815
0.546995
1.42746
1.25103
1.04363
0.746288
0.631703
1.78157
0.727171
1.0061
1.2718
1.331
1.62523
0.857001
1.15138
1.33947
1.03838
1.16265
1.8801
0.809844
0.625178
0.957506
1.31114
1.08565
0.794322
0.527722
1.11625
0.716835
1.18662
0.601397
0.989904
1.04694
0.770163
1.82271
1.76929
1.17156
0.871576
1.32054
0.567951
1.89438
0.736291
1.00331
1.21438
0.89596
0.98701
0.887177
1.18544
1.16764
1.17149
0.560017
1.14783
0.802647
1.09951
0.994372
0.854909
0.782514
0.43852
0.708794
1.11445
1.40014
0.668178
1.04674
0.794771
1.12322
1.86561
0.818865
1.05711
0.937854
0.899431
1.21407
0.962053
0.640253
1.08479
0.785499
0.948845
0.780101
1.00323
0.760461
1.02783
0.750639
0.776547
1.50586
1.19366
1.16832
1.42836
0.768807
1.33862
1.08944
0.653705
0.903895
1.26301
1.10914
0.699755
1.57576
1.48344
1.25052
0.851522
0.945019
0.626664
1.14266
0.59584
0.992264
1.09592
0.830699
1.25008
1.29457
1.15068
0.807073
0.959528
0.908353
0.79997
0.968782
1.60971
0.666179
0.985525
1.27498
1.08773
2.32664
1.09234
0.446667
1.37261
1.50382
1.06532
1.22942
0.683004
0.625771
1.38095
1.39304
0.780132
1.15765
0.870002
1.10247
0.875687
1.33164
0.841797
0.906176
0.740243
0.925077
1.09364
0.90616
0.524005
1.1169
0.787082
1.28721
0.947363
1.13907
0.388017
0.934282
1.04039
1.32789
0.903137
1.16122
1.01414
0.819241
1.11554
1.51654
0.787359
0.620304
0.487956
1.34351
1.13348
0.619631
0.998052
1.19807
1.03948
1.07775
0.826617
0.802623
0.812664
0.856367
0.565818
1.01619
0.72124
1.68608
0.914555
0.768729
0.671722
2.00763
1.46512
0.715949
1.57754
0.882848
0.878182
1.50211
1.48574
0.610737
0.799457
1.22124
1.58071
1.12156
0.601801
1.0844
0.736094
0.666595
0.863463
1.17275
1.04307
0.500903
0.692281
1.5989
1.02174
0.845373
0.720411
1.38097
1.21497
0.34339
0.923441
1.32295
1.26282
1.0011
0.907132
1.02333
0.7327
1.2212
0.745576
1.10836
0.722338
0.670804
1.52831
1.28813
1.03067
1.01747
1.3656
0.796089
1.24842
0.881624
0.754964
0.793556
1.56112
1.16126
0.940354
0.793562
0.753094
1.88858
1.02457
0.875858
1.77879
1.06162
1.19358
1.54342
0.368955
1.09682
0.524625
1.20621
1.44502
0.603674
0.88692
0.994715
0.969551
0.673693
0.651705
0.652859
0.62525
0.813095
0.774184
1.10014
0.871302
1.21608
1.24967
0.655199
0.740316
0.662841
1.40907
1.22542
1.78053
0.550111
1.35906
0.565418
1.07405
1.27182
1.5373
0.838888
1.27125
0.654321
0.939256
1.09778
0.985166
1.17975
1.3902
0.799132
0.936999
1.26212
0.936033
0.828849
0.730456
0.661875
0.900074
1.10923
1.50605
0.562834
0.621063
1.28315
0.550633
0.540267
1.05808
1.01404
0.735999
1.06757
0.896978
0.782702
0.73248
0.940583
0.979703
0.749015
0.918837
1.38871
0.833959
0.645791
1.17982
1.14937
0.979314
0.861771
0.660824
0.844477
0.814585
0.703463
1.21436
1.06364
1.15089
1.1928
0.988297
1.11813
1.76318
0.711837
0.737068
0.450677
0.998238
1.40394
1.71744
0.861617
1.32105
1.64242
0.786429
1.26446
0.780097
0.867673
0.910674
1.56765
1.26684
0.468168
0.673073
0.947301
1.12788
1.19641
1.10822
1.16363
1.16717
0.535974
0.906467
1.02341
0.907209
1.04554
0.840634
0.889308
0.983985
0.946275
0.771777
1.25149
0.714604
0.925946
0.726402
0.594596
0.788308
0.833857
0.937006
0.980273
0.631011
0.703292
1.02593
0.392515
0.869004
0.704077
1.10521
0.840649
1.31561
0.783977
1.95254
0.748847
1.18722
1.17097
0.747731
0.989654
1.11827
0.914631
0.95838
0.800953
0.98619
1.27922
0.521131
0.904912
0.674302
0.938747
0.960236
1.35799
0.781554
0.861717
0.534848
0.783918
1.75643
0.896271
0.841632
0.915196
1.08678
1.28088
0.749546
0.562052
1.15391
0.938094
0.932417
1.19734
1.30492
0.993759
1.01038
0.880338
1.12744
0.758832
0.72347
1.1842
0.84528
0.895024
1.34422
1.01544
0.825656
0.598658
0.85351
1.18102
2.0662
0.656237
1.31193
1.40099
1.58419
0.938577
0.888758
2.05195
0.960551
0.953718
0.729715
0.835756
1.32566
0.641697
1.15149
1.43329
1.16823
1.63416
1.58482
0.701196
0.673961
0.840828
1.35121
0.810656
1.07211
1.61386
0.643971
1.00183
0.818478
0.831396
0.768376
0.587995
0.626436
1.05425
0.699524
1.21714
0.929673
0.631045
0.616435
1.249
0.791124
1.58007
0.658678
0.798771
0.933524
1.53196
0.677342
0.656774
0.80034
0.858329
0.487158
0.740155
0.717312
0.623912
0.997639
0.683642
0.749194
0.520558
0.892131
0.611963
1.16481
0.720002
1.02827
1.64605
0.590773
0.93262
0.635619
0.913816
1.58541
1.06425
1.14905
0.763239
1.29035
0.565803
0.727351
0.670605
1.32408
0.700582
0.751583
0.648567
0.636468
0.944008
1.48796
0.850372
1.27404
0.555876
0.905994
0.784978
1.4036
1.3428
1.47954
1.07495
0.537953
1.86602
0.852282
1.05806
0.834236
0.75342
1.35431
0.835841
1.60299
1.29181
0.9691
0.405673
0.747914
1.12098
0.880469
0.682421
1.03259
1.09373
0.900228
1.14375
1.0905
1.11135
1.35473
0.560151
1.36154
2.08406
0.700622
1.07244
0.756858
1.60785
2.01072
0.279102
0.659089
0.659575
0.83199
0.573898
1.17611
1.11132
0.953385
0.888932
1.37119
0.777092
0.897146
0.656707
0.693709
1.23185
0.864998
1.18425
0.591677
1.49783
0.779081
1.13571
0.746796
1.34767
1.9063
0.693416
0.834986
0.921989
0.550569
1.15546
1.09966
0.646234
1.31487
1.6628
0.803457
1.19141
1.03812
1.50219
1.11993
1.52513
0.750212
1.69011
1.61274
0.926719
0.918815
1.69108
0.929029
0.847861
1.12792
1.19838
1.124
0.778614
0.701761
1.18023
1.00637
1.05709
0.929793
0.825462
0.627175
1.10429
0.918423
0.831785
1.06205
1.03139
0.691462
1.1891
0.773675
0.993298
0.906003
1.02796
0.898189
0.884406
0.715331
0.313998
0.678526
1.15342
1.78885
1.23746
1.53498
1.0073
0.941589
0.966531
1.49649
1.62204
1.5368
0.815959
0.374229
1.02595
0.691113
0.986687
0.940422
1.09909
0.669291
0.487158
1.01266
1.02798
1.44196
1.10155
0.748281
1.30986
1.09704
0.926689
0.731173
1.02303
0.420947
0.668631
1.05091
1.04631
0.557367
0.679904
0.931264
1.3275
1.00166
1.06792
0.871952
0.915706
0.937919
0.941503
1.26785
0.799165
0.420874
1.1039
0.395198
1.3066
0.409591
0.344369
0.752269
1.58285
0.725242
1.18734
1.18887
0.936445
1.21975
0.765408
1.80966
0.851151
0.80809
0.670844
0.709131
1.21267
0.953598
0.877957
0.990157
1.42446
1.37843
0.733753
0.860723
1.33681
1.13865
1.46496
0.537773
0.803821
0.850233
1.49889
0.510135
1.10437
0.802436
1.29743
0.657981
0.983765
0.483335
0.785293
1.11681
0.824269
1.1653
2.00901
0.778443
1.56191
1.13153
0.662066
1.07425
1.32279
0.382741
1.13587
0.945187
0.761755
1.49937
0.936287
1.1747
0.939012
1.01162
1.53888
0.594688
1.01674
0.680666
1.02926
2.38531
1.12401
1.43931
0.613258
0.94041
0.768
0.992705
1.25456
1.2535
0.68388
1.06627
0.815042
1.48732
1.54797
1.08852
1.11078
1.0676
1.04245
1.04105
1.20615
0.947524
1.24666
1.5288
0.545845
1.69726
1.25866
0.936311
1.03183
0.866845
0.775048
0.441731
0.942315
0.380375
0.79156
0.919905
1.21769
0.991605
0.345146
0.867762
0.861364
1.06754
1.52613
0.676953
1.04106
0.979107
1.12748
1.11905
0.901121
1.51169
0.732106
1.21275
0.999309
0.950444
0.972871
0.770967
0.901334
0.642369
1.34723
1.03412
1.29496
0.902388
0.396
1.20159
0.659638
0.791998
0.761546
0.571683
1.0692
0.789785
1.02778
0.880063
0.92468
1.05243
1.51751
0.897712
1.26927
1.19288
0.639969
1.30478
0.993625
0.61226
1.02509
0.877931
0.918344
0.942017
0.930304
0.515452
0.486158
1.06263
1.32327
0.716504
1.82701
0.586692
0.959327
1.20989
0.547037
0.985413
0.680202
0.912941
0.748425
1.02538
0.888856
0.564856
2.15242
1.7703
1.66395
1.31497
1.18811
0.624245
1.18554
1.52488
1.09378
0.987144
0.821151
1.32646
1.23281
0.786165
1.34132
0.747378
0.827302
0.668203
0.512152
0.59449
0.985502
0.436974
0.755648
0.675429
1.13128
1.11686
0.866292
0.54227
1.07801
1.33434
1.08485
0.687773
1.51438
1.04857
1.19459
1.12749
0.558074
1.11291
0.917759
1.09597
1.40899
0.746798
0.867057
1.0308
1.01452
0.281455
0.532364
0.771467
0.564762
1.03672
0.376781
1.14239
1.19853
1.10331
1.03436
0.845376
1.07017
1.43308
1.09377
0.512716
0.956757
0.768194
0.630445
0.825914
1.39658
1.31526
0.94724
0.460245
0.700736
0.824164
1.04647
0.843373
1.09876
1.25328
1.64692
1.43475
1.17662
0.337698
1.13191
0.945953
1.37274
0.757963
0.782577
0.649799
1.25854
0.977315
1.02308
0.926661
1.28804
0.568841
1.08947
1.10698
0.893113
0.803657
0.956411
1.16852
1.39752
0.69222
1.88169
0.906054
0.57186
0.98326
0.872578
0.484875
1.36432
0.971974
0.675549
1.14636
0.91113
1.11222
0.841092
0.832596
0.788695
1.10513
0.971076
0.818159
1.09681
0.497818
1.83591
0.745562
0.649467
1.28915
0.986918
0.799427
1.25722
0.801695
1.09102
0.586403
0.822334
1.44889
0.907489
1.29585
0.877389
1.12057
1.2807
0.69445
1.23913
0.526157
1.21027
0.594603
1.5507
1.34475
1.4388
0.964091
1.26752
0.831653
0.522034
0.668696
1.05677
0.637104
0.697582
0.57017
0.976937
1.74403
0.589943
0.841169
1.3818
0.601817
0.668565
1.39558
1.12237
1.54512
1.56965
1.31604
1.03944
1.29759
0.968427
1.1437
1.09358
1.11511
1.6378
0.806852
0.467058
1.07669
1.80867
1.04975
0.80206
0.822864
1.10315
1.43153
1.36056
0.966736
0.481904
1.2511
0.858475
0.799517
0.62623
0.931958
0.840179
0.950647
0.468952
1.24331
0.905293
0.513911
1.55145
0.89632
0.652672
1.05921
0.675562
1.04472
1.35181
0.614838
1.71582
1.52439
1.47453
1.24549
1.42904
0.842359
1.08338
0.878086
1.4276
0.675647
1.37074
1.0948
0.941757
0.829894
0.806064
0.676663
1.0827
1.11979
0.986162
0.904534
1.37735
0.827817
0.802404
1.15655
1.22704
1.10447
0.836069
1.28565
1.37272
1.29731
0.670222
1.01292
1.19373
1.26948
1.39396
1.05162
1.09329
1.33612
0.768223
1.70182
1.08158
1.27027
0.711883
0.587098
0.720307
0.96412
1.45054
0.983926
0.911039
0.977419
1.05278
0.948941
0.650682
0.53699
1.32156
0.713283
1.10224
0.522602
0.717055
2.02066
0.700984
1.27571
0.878597
0.518043
0.636517
0.83792
0.683722
0.954696
1.44955
0.594953
1.01245
1.65024
0.880094
0.873792
0.997252
1.4815
1.2271
0.638472
1.35464
1.35491
0.741946
1.45489
1.11393
1.22805
0.766462
0.855124
1.01017
0.952402
0.648519
1.21114
0.866238
1.58778
1.61369
1.83997
0.891919
1.07172
1.18331
1.31002
0.709575
1.10046
1.10184
0.935001
0.782388
0.935877
0.783948
0.919066
1.25154
1.03438
0.977943
1.28989
0.522785
0.873218
1.24874
1.15907
0.889085
0.50447
1.77408
0.644891
0.722194
0.673025
0.735805
1.00027
0.77263
1.1541
0.461119
0.963309
1.38094
0.653406
0.928645
1.04699
0.757416
1.17743
0.965021
0.787771
1.01057
0.998728
1.64953
0.492828
0.558132
0.41675
0.610809
0.952932
1.42463
1.34699
1.82661
0.714843
0.724332
1.15836
1.18227
1.21498
1.55146
0.469955
1.21349
1.08742
0.658101
1.55243
0.796607
0.845523
0.686501
0.97127
0.761831
1.4571
1.46251
0.958282
0.493831
1.26716
1.60703
1.54564
0.901984
0.752542
0.704167
0.956525
1.05062
1.19513
0.503948
0.775032
1.12179
0.876679
1.54996
0.803292
0.608462
0.83103
0.817413
0.94698
1.08526
0.803448
0.605189
1.21912
1.226
1.21023
0.605546
0.977511
1.63794
1.17896
1.0446
0.483361
1.16744
1.15562
1.08513
1.2589
0.658452
0.849965
1.39923
1.40101
1.66146
0.802318
0.877563
1.16131
0.570759
1.22981
0.801534
0.897333
0.82765
0.871924
0.705476
0.859496
0.746494
0.968359
0.659465
1.1421
0.713511
0.75677
0.894566
0.605727
0.984815
1.28817
1.10261
0.857172
0.936215
1.39514
0.82863
0.777141
0.967853
0.719381
1.16216
0.878636
1.03875
1.27634
0.828014
1.47581
0.741849
0.673497
1.41648
0.492331
0.723034
1.47638
1.19535
1.61078
1.1738
0.555846
1.19861
1.08645
1.27869
1.39562
1.00587
1.0889
0.805301
1.33843
1.01679
1.5157
0.708443
0.335403
0.987889
1.37376
0.853787
1.52614
0.82462
0.816345
1.18104
1.00395
0.832302
0.999867
1.26058
1.05457
1.17026
0.581652
0.994607
0.773197
1.31503
1.63633
0.847299
1.46194
0.769921
1.34644
1.28731
1.0658
0.647183
1.20234
0.605413
0.989308
0.779399
0.886424
1.56069
1.13515
0.644692
1.47038
0.823988
0.745381
0.747001
1.67809
0.683513
1.19048
1.12035
1.2434
0.781061
1.3646
0.740483
0.806814
1.56115
0.781754
0.876102
1.05694
0.783584
1.32177
0.727342
0.884412
0.879518
1.56287
0.66802
0.713518
0.820514
1.26214
1.37263
0.590438
1.14128
0.509878
1.14894
0.800463
1.59587
1.29461
0.598631
0.819084
0.821024
0.760694
1.02715
1.18843
0.788274
1.62516
1.38668
1.20196
0.595441
0.654384
1.10748
0.84444
0.397354
0.946216
0.709644
1.92088
0.92174
1.14225
0.891153
1.1518
0.760939
1.13343
1.32752
0.81008
0.844864
1.05001
0.756047
1.454
0.852113
0.804237
0.854803
1.3304
1.10421
0.48946
0.677868
1.60107
0.495449
0.815576
1.0846
1.07961
0.925883
1.57846
0.697706
1.08074
0.582273
1.22355
0.886442
0.949887
1.05984
0.937544
1.08078
0.863707
1.22653
1.14067
0.836844
0.575383
1.09963
1.29307
1.28419
0.965027
1.25652
1.99673
0.852811
1.22322
1.27596
0.47333
1.03297
1.39324
1.79479
1.1663
0.891498
0.943114
1.00288
1.43474
1.18653
1.21958
1.14658
0.653231
1.05004
0.856772
1.53325
0.572537
0.764768
0.537601
0.548856
0.448115
0.998938
0.84596
0.537408
0.974867
0.537305
1.17144
0.677424
1.46378
1.38186
0.877874
1.60779
1.16106
1.0951
0.562596
1.05774
1.49531
0.791729
1.08859
0.816172
0.733713
1.75881
1.0388
1.1497
1.59068
0.838923
1.85673
1.07165
1.06335
1.00061
1.10521
0.945892
0.949081
1.2564
0.625347
1.23069
1.53647
0.881543
0.978655
0.776633
1.14142
0.943764
1.20553
1.10694
1.18725
0.47427
0.96214
0.659394
0.549927
0.98285
0.570496
1.1342
0.617864
0.754761
0.89223
1.22225
1.15087
1.19724
0.490021
0.695736
0.616646
1.65224
0.780452
1.09323
1.96629
0.980431
0.712165
0.877856
1.10896
1.38671
0.893849
0.539019
0.564679
0.716309
0.62446
0.58425
0.650251
0.515863
0.841179
1.16638
0.875483
0.816453
1.51602
0.919189
0.950005
0.778063
0.852769
1.16709
1.24649
0.547587
0.723933
0.679823
1.26796
0.940293
0.783658
0.763676
1.4178
1.4638
0.918347
1.13135
0.802586
0.735451
1.18145
0.82568
0.594426
0.99569
1.75233
1.33379
1.20901
1.12669
1.17423
1.5694
0.599089
1.0415
1.03835
0.775578
0.568783
0.774956
0.786985
0.517367
0.646244
0.485625
1.0408
1.50406
0.406578
0.934882
1.03956
1.03341
1.69069
0.59186
0.454301
1.03503
0.941099
0.972393
0.919589
0.921639
0.699062
1.46496
0.730178
0.381392
0.545713
0.878264
0.916488
0.913378
0.669407
0.675938
0.716198
1.21791
1.51629
0.745493
0.910909
0.731857
1.13448
1.42999
1.54992
0.689363
0.900421
1.03115
0.846887
0.959163
0.966471
0.465673
1.25044
1.19303
0.772814
0.877608
0.879823
0.711801
0.752104
0.599161
1.04591
0.66296
1.47586
1.05063
0.959099
1.37806
0.944736
0.610429
1.63436
0.977226
0.874201
0.629951
1.04322
1.3952
0.970406
1.12406
1.68203
0.998661
1.04981
1.03343
0.55082
0.951619
0.683537
1.35718
0.979681
1.49373
0.865656
0.579133
0.650649
1.2639
0.762128
0.975594
0.71553
0.526754
0.752495
0.913185
1.19399
0.727958
0.803043
0.946679
0.885818
0.922252
1.46211
1.25056
0.8021
0.931449
1.33823
0.878835
0.547978
1.07891
1.28068
0.693827
0.55916
0.730296
1.18978
1.45818
1.16397
0.840381
0.704122
1.13733
0.965057
0.899508
0.97257
0.868965
0.964339
0.567827
0.842921
1.13569
0.790592
1.16011
0.760706
1.05679
0.609159
0.983853
0.883226
0.999277
1.56368
0.728109
0.948997
1.07718
0.85699
0.571745
0.985637
0.958683
0.990395
0.877911
0.437459
0.759535
0.526619
1.2708
0.87691
1.00191
1.71192
1.29623
1.00525
0.720912
0.730998
1.48298
1.13422
1.05904
0.756676
0.257821
0.902615
1.22827
1.22764
1.07591
0.894837
0.917402
0.96921
1.97355
1.25312
0.700734
1.36079
0.730109
0.817784
1.56592
0.953456
0.91685
0.910281
1.08842
0.744422
0.561086
0.520371
0.795772
1.34193
0.314849
0.6566
0.991882
0.717598
1.61844
0.704937
0.998024
0.60072
0.80339
0.470515
0.765706
1.4845
0.466914
0.856455
1.0889
0.696254
1.94018
0.808219
0.976435
0.773541
0.949176
1.02459
0.965013
0.636327
1.07086
0.777856
0.706807
1.63581
0.646207
0.999542
0.752829
1.2841
1.68626
1.43823
0.966651
0.774207
1.29256
1.26547
1.23525
0.794311
1.30714
1.22683
1.51316
1.0746
1.33918
0.977218
0.742167
1.37431
1.11507
0.430051
0.782369
0.915746
0.99276
0.80373
0.954076
0.889856
1.02372
1.00978
1.06344
1.46992
0.930571
0.809236
1.40291
0.652532
1.16373
0.558233
1.33285
0.951635
0.840781
0.608046
0.809335
1.05582
1.53776
1.56851
1.62713
0.780173
1.00859
0.839314
0.70235
0.507853
0.72791
0.680197
1.62314
0.785455
0.839362
0.860277
0.843061
0.891223
1.13616
1.26613
0.763515
1.37317
1.36309
1.14719
0.60377
0.663167
0.601103
0.580639
1.31252
0.989951
0.610103
0.880704
1.3926
1.28185
0.766922
1.10338
1.31492
1.0413
1.41136
0.840152
1.21552
1.55491
0.643384
0.806591
1.17926
0.938969
1.23023
2.10471
0.751463
1.16246
0.868183
0.954448
0.719053
1.37292
1.12082
0.630138
0.457337
1.36223
0.96497
1.1961
1.10371
1.0272
1.56405
0.873827
1.31449
1.18284
0.777292
0.68128
0.779614
0.819835
0.787922
1.24035
0.864832
0.797317
0.786307
1.42103
1.28749
1.20011
1.14147
0.930424
0.648599
0.792313
0.398954
0.919889
0.630816
0.884433
0.478795
0.958356
1.16347
1.1781
0.922597
1.35778
0.517597
0.598167
1.09436
0.944559
0.702162
1.17082
0.781986
0.993046
0.84311
0.732279
0.868202
0.964111
1.13805
0.83284
0.844969
0.888514
0.90413
1.32898
0.970986
0.940486
1.00237
1.36279
1.24662
0.731708
1.52332
0.844058
1.25162
1.6766
1.32813
0.894629
1.81134
1.19943
0.758349
1.09003
0.720611
0.988764
0.775324
1.5999
0.492865
0.550976
0.822064
1.27906
0.987069
1.24609
1.55274
1.23941
1.08796
1.17298
1.21234
0.647161
1.02706
1.73915
1.18588
0.933709
1.22041
0.931408
0.810618
0.871301
1.50286
0.945178
0.833909
0.56497
1.20306
0.85856
0.985241
1.47056
0.829584
1.05266
1.01407
1.41701
1.08648
1.06255
0.970059
1.05178
0.686253
0.940957
1.13067
0.450016
1.37868
1.05993
0.838261
1.17122
0.896233
0.969565
0.507792
1.53107
0.984641
1.02459
1.05277
0.918331
1.51001
0.951763
1.21875
1.16279
0.634344
1.08525
0.991681
1.27651
1.18361
1.07778
0.871621
0.923775
0.770323
0.89883
0.721919
0.566581
0.934792
0.722918
1.02271
0.880939
1.52585
0.721181
1.19244
1.2981
1.02529
1.1045
0.977454
1.13724
0.951456
0.71279
1.03587
0.741663
0.638084
1.53777
0.767074
1.09882
1.75388
1.63964
1.06796
0.954763
1.23371
1.04731
0.476204
1.47647
0.634042
0.858697
1.05877
0.882563
0.95941
0.859467
2.44611
0.67744
1.52704
1.2579
1.17138
1.07129
1.07436
0.930355
1.12269
1.59155
0.867918
0.882721
0.934114
1.12207
0.893928
1.09162
0.768956
1.03463
1.09812
1.50341
0.948934
1.06671
0.878333
1.1154
0.935339
0.581154
1.3107
0.688862
0.668193
0.870633
0.692709
0.997765
0.597962
1.06447
0.82297
0.948249
0.408497
1.65357
0.353542
0.826616
0.777269
0.668994
0.844133
0.880833
0.758433
1.25734
1.00713
1.04915
0.939113
1.66517
1.04961
0.60565
1.02234
1.01288
0.501453
0.604753
1.0054
0.430624
1.72365
1.02571
1.35606
1.11704
1.06385
0.444555
0.628538
0.911848
0.829382
0.982469
1.10542
0.864546
0.877376
1.37963
1.16838
1.01372
0.817015
0.877925
0.880033
0.556352
0.519319
2.2094
0.821349
0.829731
0.772471
0.746072
0.617171
1.37581
1.83273
0.983097
1.15121
1.22435
1.27761
0.887307
0.906469
0.774178
0.846095
0.821454
1.00575
0.879639
1.23992
1.35434
1.13658
1.09471
0.818904
1.54009
0.783222
0.888863
0.833681
1.17696
0.70102
1.30344
1.817
0.885241
1.73998
0.89386
1.34184
0.898906
1.08873
1.13659
0.91831
1.2665
0.644431
0.779971
0.708325
1.02658
0.739315
0.602284
1.33682
1.23999
0.74322
0.882028
1.06462
0.721387
0.895719
0.476999
0.835493
0.808743
1.13494
0.997869
1.12193
1.47662
1.32789
1.01495
0.61912
0.785582
1.18876
0.922732
1.62598
1.28047
1.06123
1.06603
0.598518
0.7971
0.88582
0.875027
1.3301
1.26845
0.998338
0.905758
0.811247
0.620402
1.55797
1.39174
1.70843
0.497348
1.1584
1.06265
0.774681
0.635591
0.999775
0.949668
0.694259
0.933589
1.22294
0.69817
1.0391
1.56381
1.59641
0.948526
1.1242
0.786367
0.978844
1.55818
1.19173
1.30072
0.887208
0.876334
0.808438
0.990717
0.684497
1.15599
0.931766
0.705353
1.32006
0.734397
1.44352
0.664701
0.845503
0.872237
0.69297
0.806076
0.964088
0.890476
0.486568
0.895854
1.42942
1.31562
0.484572
0.918955
0.548416
1.11864
1.01112
1.0199
1.1398
0.617713
0.680458
1.20155
1.02555
1.0419
0.932774
0.590625
1.36272
0.76259
0.947151
1.38924
0.822735
1.45275
0.67189
0.453223
0.980755
1.48484
0.944462
1.23292
1.12315
0.805534
1.35139
1.09018
0.887429
0.73101
0.607268
1.04925
1.17563
0.652845
0.726966
0.689341
0.741426
0.839716
0.709752
1.87468
0.986771
0.698506
0.889541
0.751931
1.28577
1.07573
0.545548
0.612095
0.932008
1.38753
1.94536
0.963214
0.838992
0.729909
0.757704
1.20769
1.6878
1.44785
1.39323
0.732493
1.40994
0.997749
1.62138
0.893077
0.84572
1.25701
0.678621
1.07736
1.39011
1.00748
1.23275
0.999918
1.10192
1.11173
1.18739
1.10358
1.53043
0.491249
0.85991
1.3759
0.89591
0.63621
0.991554
0.910596
0.860085
0.58337
0.687129
1.07693
0.887538
1.11997
0.748503
0.528945
0.943107
0.812914
0.64819
0.793754
1.14018
0.865098
0.70466
1.82585
0.864833
0.976887
0.732342
1.44231
1.05779
0.776241
1.21738
0.70491
1.49877
0.403126
0.873203
1.11057
1.12025
0.689316
1.12262
0.718313
1.08069
1.38989
0.740964
1.45432
1.04202
0.560606
0.856583
1.3021
1.34037
0.634784
1.44654
0.621528
0.819459
0.885342
0.498351
1.04948
0.687863
1.05807
0.444832
0.703063
0.855722
0.662884
1.72872
1.07251
0.707146
0.85567
0.969551
0.931355
1.34686
1.00333
0.716433
1.15621
1.05533
0.575169
1.2691
1.15532
1.17056
0.461915
0.90782
0.690943
1.28158
1.5625
0.817349
1.43941
1.23542
1.09135
1.01265
1.08638
0.920954
1.02456
0.859714
1.33463
1.40859
1.03963
1.19106
1.1893
0.995216
1.17293
1.05925
0.769044
1.08546
0.743318
1.78571
1.06378
1.22187
0.972538
0.907834
0.857551
0.861936
1.08704
1.0061
1.48383
0.452993
0.509088
0.478263
0.766938
0.534342
0.97101
1.21723
0.555441
0.598215
1.11343
1.28142
1.31214
1.0932
1.14386
0.865604
1.53652
0.955241
1.03937
0.764991
0.905106
0.750809
1.16478
0.706772
0.717605
0.95129
0.743568
1.34822
0.983986
1.48587
1.15758
0.546289
1.10616
1.24361
0.973778
1.3259
1.05048
0.684274
1.56041
0.933615
0.971916
1.07036
0.865528
0.925893
0.877968
1.30651
1.49215
0.964724
0.937935
0.843582
1.27441
0.828764
0.726656
0.818064
1.28498
1.02468
0.721684
0.71997
0.894799
0.879165
1.10791
0.784644
0.490594
1.0155
1.15315
1.87217
0.775369
1.34194
1.48109
1.37597
1.46757
1.38335
1.32935
1.42223
0.727189
1.35739
1.06007
1.08285
1.52379
0.754798
1.68514
1.22817
0.698503
1.1077
0.605301
1.15665
1.8814
1.512
0.80184
0.912672
1.07747
0.962061
0.89402
0.823083
1.481
1.08275
1.1654
0.86581
0.918552
0.566818
0.529539
0.802285
0.667903
1.14281
1.06036
1.69528
0.994706
0.647623
1.05103
1.33712
1.38759
0.957209
1.23883
1.1368
0.693697
0.698269
1.10026
1.0348
0.999373
1.12523
1.56065
1.38335
0.502423
1.14967
1.01822
0.808143
0.523031
1.22788
0.636976
1.17179
0.864358
0.786087
0.799045
0.735962
1.56715
1.12584
0.928428
1.23589
0.721138
1.17567
0.79217
0.989687
0.640865
0.944598
0.976364
0.819071
0.970213
0.980662
1.14478
1.24125
1.669
1.02998
0.400344
0.795084
0.700818
0.984815
0.863808
1.00807
1.0152
1.00809
0.848686
0.612048
1.61041
0.984858
1.15617
1.26873
0.811527
0.518467
1.3829
1.08567
1.09571
1.1929
1.40845
0.768642
0.870239
0.557113
0.704518
1.09545
1.16102
0.490298
0.752896
1.05743
0.917544
0.678515
0.857528
0.87152
0.945325
0.766772
1.13397
0.892472
0.933329
1.91698
1.02875
1.14902
0.658035
1.76201
1.28351
0.908519
0.934505
1.0446
0.424785
0.762854
1.43289
1.16317
0.82991
1.27191
1.2682
1.164
0.886801
0.764
2.14945
0.877442
1.50238
0.81039
0.75955
1.30201
1.21979
1.30973
1.22187
1.04955
0.828285
1.19665
0.866599
0.708633
0.769915
1.06414
1.7442
0.503232
0.604552
0.563262
0.787465
0.792986
0.938971
1.26322
0.56285
1.04559
0.72807
0.729948
1.50043
0.856576
1.29092
1.5851
0.441229
0.537236
1.08815
1.50103
1.15927
1.10865
0.735251
0.670157
1.08392
1.04178
0.657127
1.06438
0.931588
0.412211
1.13407
0.934125
0.773054
0.785854
0.787257
0.759451
0.862818
1.21421
0.982458
0.61248
0.982471
0.628507
0.925635
1.04888
0.739648
1.09107
0.974287
1.42414
0.901823
1.65642
0.790362
0.426223
1.03631
1.27631
1.39155
0.99551
1.54739
0.899371
0.87047
1.07375
0.834917
0.83768
1.13808
0.75764
0.686589
1.69202
1.32871
1.10026
1.07325
1.01225
1.06404
0.937356
1.25344
0.541961
1.12468
0.6632
1.45811
0.564785
0.951845
0.890873
1.47923
1.12179
0.984028
0.840613
0.961307
0.854711
1.00863
1.24658
0.956757
1.20604
1.96924
0.665418
1.21261
1.84112
1.43609
0.82799
0.504936
1.10584
1.16472
0.955768
0.591565
1.52305
0.93869
1.14087
1.39139
1.33275
0.844285
0.921224
0.902442
0.902192
0.925404
1.02716
1.25403
1.16428
0.916463
1.13635
0.640929
1.10142
1.01052
1.19024
0.696151
0.682458
0.896946
0.736213
0.801425
0.394366
1.02655
1.20643
0.823775
1.27239
1.04695
0.587053
1.13145
0.522563
0.899355
0.828097
0.981706
0.624979
0.619155
0.68851
1.35741
0.496558
1.23273
1.04616
1.74574
0.955353
1.27445
0.916745
1.14737
0.888755
0.683087
1.53175
1.21668
0.865997
1.09395
0.875306
1.39011
0.892745
1.05244
1.46897
1.20797
1.31848
0.928411
0.985481
1.31517
1.17101
0.655959
0.947329
1.19242
1.76505
0.725118
0.89661
0.730018
0.978724
1.2546
1.19768
0.753079
1.22646
1.21744
0.935366
1.36705
0.989733
1.41323
1.34529
1.20863
0.80113
0.817801
1.35398
1.18
1.1662
0.777748
0.73855
0.606457
1.0295
0.836967
1.13022
1.15178
1.18802
0.781371
0.567165
0.713776
1.26928
1.05818
0.853613
0.723842
0.768602
1.46753
1.19808
0.835073
0.841999
1.19106
0.577886
1.04507
0.449316
0.960112
0.751636
1.08486
0.670463
2.13299
0.955878
0.932669
1.00636
1.00534
0.418872
0.768171
0.627362
1.12492
0.579977
0.568603
0.841061
1.61173
1.18592
0.870462
0.76795
1.13848
1.1621
1.28088
0.838407
0.975464
0.662044
1.71415
0.934286
0.700071
0.969164
1.21716
1.23052
0.642671
1.03055
1.02141
0.592214
1.24783
0.774203
0.54154
0.560146
1.35191
1.12851
1.17972
1.14467
0.711498
1.06086
0.864534
0.638327
1.0527
0.962032
0.886164
0.875331
0.776512
1.60027
0.841889
0.762296
0.740116
0.940347
0.748871
0.983567
0.720349
1.89005
0.582525
0.680548
1.48722
1.3649
0.53786
1.09747
0.867197
0.760199
1.23655
1.13772
1.4119
1.26794
2.20103
1.10055
0.702212
0.770359
1.1508
0.592787
0.621833
1.1698
1.05958
1.27073
1.48004
1.59618
1.13742
1.38878
0.869814
0.755199
1.02067
1.1947
0.879046
1.33362
1.10302
1.57005
1.07921
0.457884
1.23491
0.7088
0.896967
1.12479
0.720899
1.03338
0.898656
1.8556
1.34572
1.21132
2.11862
0.701124
0.953488
1.17223
1.1661
0.825063
1.18102
1.04343
0.741946
0.410759
0.865485
0.735436
0.979075
0.636839
1.0751
1.10772
0.684183
1.14232
1.98174
1.15526
0.980119
0.626124
1.1362
0.512532
1.30691
1.37898
0.837525
0.638382
1.38134
0.889639
1.61336
0.663954
1.0327
0.565241
0.854924
1.14121
1.25877
0.740539
0.779812
1.26172
0.730153
0.609429
0.767542
1.63028
1.19434
0.613868
0.619372
1.24459
0.905828
1.15096
1.19543
0.945049
1.17678
0.65653
1.72595
0.462169
1.21247
1.40661
1.05035
1.00383
0.997029
1.33671
1.05558
0.986592
0.842021
1.07838
0.936605
1.25504
0.662383
1.24727
1.06353
1.45837
1.06019
0.472413
1.39464
0.756575
0.952962
0.775122
0.932224
1.85764
1.02538
1.03329
0.890532
0.83174
0.950464
1.15804
1.13119
1.20404
0.809209
1.00951
0.670521
1.07549
1.16488
0.828425
0.778585
0.830812
0.916982
1.10639
0.958225
1.38385
0.642679
1.02361
1.02285
1.15903
0.796902
1.14538
0.689835
0.913953
0.898082
1.17525
0.615106
0.856266
0.846561
0.996563
1.37662
1.78695
0.773661
1.10236
0.647751
0.975542
1.02578
0.818881
1.06871
1.51999
0.965799
1.055
1.1144
0.930879
0.998112
1.30117
0.982285
1.23434
1.29543
1.14529
1.03956
1.45629
0.635056
0.694204
0.785844
0.866057
1.07184
1.10325
0.71308
0.745725
1.41584
1.24827
0.840318
0.629904
1.28967
1.3113
1.25719
0.746363
1.29204
1.00797
0.761134
1.06119
0.624648
0.740657
0.701236
1.80125
0.891197
0.972819
0.798542
0.914592
1.36926
0.664611
0.855518
0.999593
1.53473
0.947182
0.82131
0.425866
1.41214
0.604628
0.607641
0.987593
0.554664
0.930657
0.731009
1.07848
1.02692
0.9249
0.53399
0.80066
1.09009
0.817128
1.35624
1.06351
0.970715
1.42527
0.878209
1.04929
1.56616
1.86145
0.706912
1.13259
0.758076
0.629816
0.529437
1.65545
0.910312
0.448264
0.938917
1.40798
0.822838
0.90508
1.054
0.921773
0.436268
0.901255
0.904432
0.518916
0.964215
0.643437
0.584768
0.901384
0.908551
0.555134
1.05989
0.796594
1.02089
0.742719
2.08799
1.45471
0.861382
0.857261
0.960219
0.878723
1.04512
0.804719
0.896657
0.858589
0.769019
0.719597
0.809441
0.453688
0.776395
1.50744
0.954553
0.996752
0.732352
1.19491
0.922052
1.08903
0.952449
1.53174
0.5429
0.705769
1.01376
0.773666
1.33202
1.35921
1.17151
0.910315
0.737983
1.01284
1.44465
1.481
0.922238
1.47706
1.12383
0.629761
0.688509
1.24173
1.29858
1.21595
0.51687
0.775915
0.872981
1.51632
1.27167
0.897294
0.700011
1.52869
0.702338
0.631595
0.978832
1.19685
0.764355
0.738166
1.05395
1.04031
1.03236
1.11712
0.901535
1.26562
1.16403
1.00715
0.886671
0.753792
1.0145
0.418739
0.836742
0.677756
1.46815
1.51879
0.980859
0.65058
0.422809
0.801499
1.72905
1.24938
1.24701
1.15755
0.869653
0.755621
0.893773
0.983556
0.708202
1.27255
1.4091
0.401654
0.635325
0.923303
1.27697
0.529113
1.54912
0.696268
1.35557
1.15452
1.45261
0.828319
1.14263
1.52675
1.1449
0.877382
0.754736
1.15489
0.987061
0.87682
1.0944
1.73482
0.556579
0.783316
1.43771
0.600533
0.879658
1.11117
0.766635
1.24159
0.769099
1.06042
1.65411
0.60086
1.17591
1.17458
0.732775
0.671345
1.43769
0.366824
1.62515
0.679162
0.914127
1.32868
0.717019
1.01162
0.885772
0.937605
0.536942
1.154
1.19866
1.20237
0.813438
0.880835
0.829353
1.15666
0.976218
1.61586
0.988146
0.840175
0.753865
1.38485
0.79127
0.712273
0.465885
0.769691
0.598198
1.97881
0.462111
1.43268
0.763227
0.606596
1.17043
1.47911
0.812603
1.18206
1.13232
1.40145
1.4836
0.961484
0.884793
0.963418
1.08895
1.91708
1.16787
0.888883
1.66238
0.532637
1.30282
0.963768
0.94671
1.026
0.971554
0.96615
0.615117
0.953251
0.602225
0.582837
0.997842
1.38892
0.735888
1.19385
0.892759
0.988084
0.852798
0.698597
1.5402
1.37083
0.854951
1.87743
0.484298
1.11377
0.935199
0.757146
0.968211
1.1117
0.474979
1.18812
0.600553
1.00693
0.863326
0.910181
1.63733
0.654421
0.920188
0.933214
0.839513
0.6377
1.22257
0.745541
0.641719
0.625656
0.705548
1.13884
1.01304
0.960454
1.5541
0.765897
1.09778
0.650951
1.08058
0.912411
1.19478
1.16774
1.24425
1.35547
0.936299
1.30405
0.846257
1.39389
0.739474
0.618265
0.53876
0.802728
0.881922
0.944178
0.744728
0.617761
1.00042
0.676853
0.910646
1.48107
1.51488
1.18359
0.773915
0.880999
0.776954
0.744564
0.83424
1.38834
0.780265
1.33814
1.08738
1.36469
0.269736
0.541041
0.956574
1.11591
1.11167
0.495742
0.918964
1.09265
0.807303
1.12769
1.0279
1.87874
1.22788
0.683565
0.823812
1.27108
0.807725
0.729128
0.995346
1.93567
0.782235
1.4374
1.22208
0.696573
1.03482
0.298084
0.863106
0.737787
0.957487
0.845829
1.3504
0.978956
0.710056
0.929959
0.627672
0.960301
1.44809
0.730774
1.78996
1.8612
0.659603
0.658767
1.82979
1.49156
1.42797
0.885463
0.887738
0.97263
0.846162
0.882612
0.4652
0.573626
0.66064
1.00895
0.768758
0.848974
0.837721
1.36068
1.04861
0.882054
1.1257
2.48452
0.530048
1.24642
0.805773
0.922253
2.17833
0.733759
0.820147
1.33844
1.39075
0.690159
1.33305
0.583826
0.85312
0.636169
1.00033
0.950799
0.870689
1.31429
0.684105
0.973879
1.97294
0.52169
0.631623
1.16131
1.77715
1.03624
0.921096
1.49481
0.80912
0.701251
0.882814
0.580188
0.950287
0.538788
1.47007
1.12838
1.42795
0.965541
1.23171
1.30098
0.826368
1.14284
0.995966
2.02718
0.595323
0.479595
0.983796
0.854315
1.06559
0.908131
1.0437
1.56415
1.03771
0.53936
1.31834
0.923866
1.13707
0.576774
0.760495
0.807085
0.955694
0.661536
1.19097
0.905394
0.672477
0.772092
0.594452
1.31128
0.703409
1.0643
1.61715
1.22349
0.9967
1.04319
0.453928
1.06176
0.999942
0.832722
1.39499
0.700008
0.749781
1.29601
0.949729
0.703703
0.772938
1.8716
0.609635
0.975969
1.06861
1.18105
1.08271
0.933318
1.21964
0.939631
1.17674
0.466528
1.48992
1.013
1.03276
0.942122
0.87467
0.878357
0.683131
1.20016
0.995551
1.17809
1.06672
0.848877
0.855309
1.79986
1.1679
0.878524
0.647843
1.23067
1.16059
1.28138
0.797992
1.75506
0.545939
1.39155
0.830578
0.851068
1.11655
0.694702
0.412034
1.02213
1.40521
0.99299
1.01302
1.34642
1.21357
0.681592
1.03249
1.13529
1.70411
0.76632
0.911471
1.30139
1.0436
1.02159
1.16147
0.846643
0.735061
0.831026
0.902487
1.10482
0.976743
2.11028
0.930606
0.974559
1.1632
0.71264
1.37629
0.506757
1.11875
0.388824
1.17928
1.3595
1.33341
1.18579
0.841966
0.912528
0.868375
1.01453
0.558344
0.763848
0.949083
0.841674
0.77565
0.828661
1.00987
1.19967
0.847869
0.816207
0.728948
1.36927
1.00008
1.16476
0.959116
0.95686
0.86287
0.961636
0.757686
0.523076
1.0272
1.65395
0.945324
0.939196
0.723424
0.921953
0.677707
0.625161
1.28659
1.03156
0.828259
1.10091
1.25924
1.15222
1.09977
2.04938
0.904721
0.79631
0.953405
1.04861
0.938385
1.1111
0.753193
1.05425
0.595341
1.15046
0.552125
1.02662
0.749109
0.654434
1.00433
1.39611
1.49112
1.39545
0.790359
1.01737
0.928775
0.670205
0.779815
1.30732
1.83603
0.950614
1.53346
1.19132
1.00146
1.1192
0.709198
0.936903
1.49187
0.962167
1.21493
0.963954
0.987997
1.20617
0.614699
0.965297
1.00047
0.815084
0.632898
1.378
0.926113
0.427477
0.304287
0.46623
1.24427
1.02747
0.775026
0.239166
1.22586
0.821507
1.04765
0.934444
1.01789
1.03767
0.457608
0.504679
0.865657
1.42295
0.864387
1.08671
0.652521
0.926773
1.55184
0.915867
1.65191
0.562868
1.11825
0.964694
1.36098
0.746798
1.00581
0.725284
0.995994
0.76578
0.724048
1.13164
0.7079
0.822755
0.787379
1.08176
1.0554
1.19672
1.27449
0.673856
1.08583
1.11575
0.668499
1.0373
1.01117
1.76091
1.21331
0.708595
0.908045
0.484037
1.03148
1.09378
0.975665
0.316007
0.959488
1.67161
0.734133
0.886789
0.965619
0.675907
1.05754
0.824764
1.39255
1.34757
1.30004
0.914324
0.876654
0.880523
0.812483
0.848475
0.952153
1.58254
0.65457
0.869158
0.679384
0.732991
0.832203
1.09804
1.67823
1.73106
1.45792
1.31633
1.20799
0.726519
1.35088
0.51921
1.01187
0.704094
0.891362
0.657102
0.741268
1.01138
0.805285
0.904497
0.690028
0.89915
0.941168
0.945329
0.875047
1.03109
1.11211
1.0061
1.15175
1.0654
0.937282
0.76227
0.84336
1.07494
0.54375
0.703581
0.680278
1.46313
1.33161
0.575276
1.28054
0.935364
1.34128
0.590512
1.1663
0.566794
1.19162
0.821306
1.47592
0.970074
1.01747
0.541517
0.759636
1.19504
2.34837
1.10997
1.03748
1.00731
1.05907
1.08773
1.32447
1.10414
1.48254
1.01132
0.805776
0.63022
0.896568
1.82335
1.07459
1.56797
0.869198
1.07807
0.955143
1.311
0.93198
1.23874
0.966989
0.969953
0.862044
0.746135
1.25546
1.09981
0.77235
0.445604
1.48484
0.895306
0.952972
1.54092
0.831865
1.03438
0.936335
1.00034
1.00178
0.835867
0.577515
0.838791
1.10007
0.770931
0.89017
0.713045
0.960841
0.563826
0.68219
1.08566
1.06396
0.689822
0.683424
0.794293
0.607556
1.31416
0.792249
0.829309
1.16656
1.2192
0.6994
1.59366
1.06781
0.961631
0.705765
0.816594
1.5029
0.632008
1.13073
1.22245
1.0826
0.913668
0.983535
1.30142
0.358351
1.14829
0.962452
0.43183
0.756017
0.802528
0.624505
0.767534
0.855136
0.754109
1.71872
1.22916
0.968511
0.883952
1.08555
0.528245
0.802628
0.409002
1.12014
1.25136
0.690695
0.656675
0.731127
0.918491
1.1068
1.00459
1.45013
0.918085
1.65363
0.480664
1.53569
0.991909
0.887731
0.661288
0.971959
1.11484
1.24182
1.51203
1.72029
1.41422
0.922876
0.906116
1.3807
0.935377
1.23509
1.508
1.06315
0.884967
1.02259
0.883124
0.963836
0.600919
0.898205
0.753841
1.07793
2.17004
0.843126
1.02588
0.964175
0.934558
0.912422
0.743813
0.800491
0.73904
1.0173
1.43869
1.44701
1.01693
0.718194
0.992465
0.890986
0.706119
1.69859
1.62845
0.968333
0.869109
0.701935
0.990417
0.936238
1.17081
1.44654
0.454012
1.51893
0.933193
0.81264
0.780005
1.05856
0.683648
1.12803
1.46611
1.25863
0.58154
0.964505
1.46901
1.14888
0.881343
1.26925
1.4692
0.798226
0.81929
0.887456
1.93839
0.51892
0.833901
0.788398
0.580103
0.722223
0.945613
1.8024
0.693565
0.951468
1.19678
1.01925
0.99836
0.731488
0.854516
0.782424
0.73806
0.808771
1.36488
1.63391
0.982703
0.781989
0.7027
0.924321
1.35882
1.34056
0.825526
1.34592
0.818773
0.822315
1.10343
0.986477
0.662161
1.07042
0.817301
1.42924
1.11588
0.622932
0.837383
1.03172
0.823909
0.40343
0.89002
0.85353
1.41089
1.13904
0.778984
1.3493
0.81592
0.858211
0.980143
1.28513
0.74748
0.943541
0.443068
0.709023
1.26702
0.644153
1.5006
0.783749
1.52979
1.0209
0.522863
0.71825
0.930929
1.30187
0.895871
0.700082
0.990671
1.17909
1.0589
0.593178
0.394977
1.10864
0.800703
0.948509
1.5377
0.827635
0.700238
0.553852
1.1673
0.746447
0.956267
1.11337
0.781066
0.712943
0.892461
1.05673
0.932857
0.717691
0.639933
0.662002
0.670512
0.794419
0.975213
1.09905
1.14528
0.633688
1.16706
1.22558
0.785475
1.32037
1.00771
0.7329
1.26531
0.62599
1.01548
0.896084
0.933093
1.73789
1.36029
0.671803
0.690463
0.57844
1.30746
1.2825
0.669772
1.08465
1.30805
0.472589
1.08542
1.08733
1.0921
1.74363
0.67819
0.67258
0.45084
1.00229
1.10546
0.977388
0.899207
0.752909
0.899948
1.16443
1.30684
0.723948
0.666085
0.916385
0.778138
1.45236
0.842716
1.2555
1.55772
0.856021
1.1136
1.03405
2.34616
0.5088
0.345468
0.777627
1.01836
1.00544
0.521842
1.14724
1.22008
1.46236
1.21456
0.608378
1.35941
1.39349
0.603056
0.889229
1.10457
0.895637
0.471799
1.17689
0.794957
1.30111
1.82926
0.931981
1.31721
0.647412
0.691817
0.704476
0.576024
0.793392
1.00631
1.09263
0.350279
1.02657
0.730167
1.20956
1.2081
0.70775
1.2276
0.627332
1.30689
1.02921
0.734337
0.598125
0.751647
1.04229
0.918869
0.759984
0.959471
1.26256
1.62439
0.860842
1.01675
0.624711
1.10631
0.677772
0.857862
0.945118
0.584846
1.95131
1.21545
1.52592
0.961264
1.32052
0.506275
1.09667
1.15304
0.947527
0.80035
1.08453
1.02836
1.02376
0.641665
1.40284
1.72308
1.04291
0.825625
0.652895
0.88626
1.5856
0.816455
0.898018
0.596217
1.07008
0.937122
0.977912
1.3949
0.756369
0.784139
0.8906
1.26781
1.24036
0.550787
0.786499
1.58443
0.632035
0.445271
0.855766
0.658201
0.76321
1.2749
0.965804
0.889123
0.897644
0.629124
1.54693
0.578321
0.71651
0.825481
1.00969
1.09521
0.955168
0.68187
0.908676
0.878802
1.16804
1.18266
1.14291
0.779323
0.91897
0.899402
1.06352
1.03261
1.66471
0.555705
1.78152
0.884401
0.771957
1.26443
0.959778
1.18675
0.807253
1.07869
0.673174
0.901402
1.0945
1.37338
1.07104
1.54952
1.16009
1.04525
0.645388
1.2084
1.03519
0.694002
1.09177
0.747007
0.791188
1.10123
0.566149
1.52442
1.26861
1.38394
0.891849
0.475194
0.881108
0.56748
1.11329
0.850801
1.71375
0.70122
1.84292
1.15943
1.57638
0.64556
0.927627
1.29297
1.14517
1.03736
1.43481
0.849376
1.10122
0.447069
0.97382
0.810507
0.902941
1.14672
1.19071
1.23555
0.598515
0.841504
0.528249
1.13078
0.691862
0.721964
1.10412
1.02097
1.16438
0.954801
1.45441
1.13533
0.538531
0.967023
0.87204
0.969303
1.20368
0.836529
1.04637
1.12875
0.961432
1.5631
1.05419
1.3049
0.619258
0.662932
1.01075
0.644233
0.755879
1.3974
1.14052
0.704641
0.840532
0.525419
1.05397
1.01564
0.840591
1.00113
0.957428
0.902497
1.13644
0.633943
0.808998
1.1469
1.40997
1.48895
0.670477
1.26338
0.714284
1.12838
1.42759
1.28313
1.04973
0.621782
1.08373
1.44241
1.15135
1.55548
1.01953
1.15706
0.712503
1.08641
0.739646
0.664319
1.05914
1.44389
0.999294
1.36875
1.1027
0.726568
1.68612
0.803933
0.541598
1.31889
0.936341
0.577238
0.797006
1.44733
0.710891
1.1813
1.02952
0.839781
1.29282
1.59581
0.997521
1.22664
0.907926
0.716077
1.16817
0.994964
0.736683
0.503007
0.809008
0.874783
0.524104
1.22406
1.089
1.3304
0.732023
0.730769
0.705357
1.25476
1.39284
0.966983
1.0749
0.721946
1.35404
1.01348
1.23033
1.05114
0.793301
1.42639
0.796321
1.19108
1.15322
1.11639
1.26933
0.742159
1.51588
0.934414
0.952051
0.854738
0.823477
1.05649
1.26445
1.33071
1.13823
1.08064
1.1983
1.07785
0.7828
0.565081
0.927451
1.2193
0.761652
1.2215
1.47442
1.41934
0.906285
0.688172
0.86023
0.881886
1.18082
1.88355
0.833093
0.638769
1.24579
0.809467
1.35929
1.38361
1.08424
0.663884
0.726344
1.04358
0.71159
1.72994
1.3061
0.433748
0.878968
0.630411
0.936358
0.864546
0.917975
0.500001
0.646166
0.57252
0.675311
2.50645
0.488785
0.69835
1.44016
1.52759
1.4438
0.818257
1.1306
0.477986
1.17533
1.31978
0.818248
1.55266
0.96539
1.66298
1.20288
1.15814
1.0551
1.25082
0.932953
0.955131
0.683048
0.793993
1.5832
0.706895
1.12191
1.2813
1.02224
1.16954
0.65666
1.87835
1.42163
0.863801
1.69954
0.968899
1.0578
0.699952
1.04481
1.26816
1.43139
0.912562
1.48748
0.924526
1.40112
1.05909
0.859195
0.773403
2.22447
0.652537
0.785857
0.849137
0.76016
1.19344
1.45053
1.08143
0.867157
0.577105
0.897779
0.65495
0.868996
1.12373
1.37986
0.963359
0.974601
1.17936
0.373382
1.07001
1.35454
1.24932
0.581437
0.607006
0.882058
1.11915
0.961587
0.893194
1.94664
1.12456
0.892893
0.855376
0.97028
0.779672
0.921705
1.23291
1.36286
1.14062
1.2854
1.07485
1.0423
0.824796
0.529811
0.611655
1.06542
1.26617
1.46385
0.876618
1.42349
1.22717
1.36862
0.765197
0.675869
1.00594
0.555121
0.974153
1.31789
0.669781
0.771379
1.23367
1.01238
0.675261
1.2875
0.76003
1.2192
0.902011
1.96536
1.5675
1.10592
1.07522
0.638736
0.45593
1.05368
0.954069
1.13045
0.734563
0.843037
0.830176
1.39477
1.45795
0.928102
0.791534
1.07068
1.76967
0.73097
0.99391
0.707606
0.460057
0.456837
1.93951
0.859013
0.753874
1.36578
0.669753
0.775197
1.55776
0.901525
0.909032
0.587792
0.650756
1.29397
1.37437
0.513409
1.08071
0.825599
1.04552
1.4318
0.830292
0.723814
1.2686
0.689061
1.08657
0.7626
1.18566
0.870012
0.712363
0.807146
0.98757
0.939777
0.968311
0.931767
0.925486
0.700978
1.04783
1.14659
0.977236
0.762879
1.16494
0.449517
1.53355
1.42556
1.08794
0.885178
0.743362
1.12285
1.12924
0.887628
1.70718
0.971521
0.850645
1.5512
1.02343
0.675324
0.759231
0.987974
1.04593
0.950637
1.24017
1.14269
0.625853
0.78634
0.655853
1.67243
0.727602
0.992301
1.07489
1.03278
1.05129
0.71108
0.7945
1.32269
0.530754
1.49445
0.913937
0.682178
1.01653
0.813498
1.17513
1.35595
1.14192
1.00594
1.12686
1.05013
1.16312
1.38362
1.1565
0.507857
0.934179
0.865687
1.64944
0.78585
1.08064
1.34685
0.904501
0.794907
0.689758
1.08438
0.866553
0.772619
1.03006
1.6536
0.905313
0.481279
1.17484
1.10455
1.32017
1.55048
0.844365
1.29903
0.798792
1.07697
1.18307
1.50135
0.900559
0.685706
1.20281
0.823381
0.602609
1.18276
1.31488
0.95626
0.994066
1.35992
0.373422
1.20833
0.852603
0.655707
0.866175
1.19262
0.885218
0.795259
0.998845
0.965097
0.952892
1.02378
0.953987
0.81987
0.449999
1.25422
0.959239
0.651752
0.809124
0.953022
0.638517
0.753057
0.790107
0.704342
1.0354
0.848787
0.708331
0.793783
2.3728
1.17292
1.04286
1.49763
0.936275
1.35585
1.01477
0.988897
0.860128
1.01681
0.530599
0.895143
1.12585
0.503037
0.907324
1.09853
1.20905
0.837235
0.756814
0.937943
1.23929
0.830972
1.09057
0.763943
1.1591
0.793206
0.842721
1.04351
0.721068
0.829337
0.654299
0.88105
0.55752
0.82055
1.1398
0.799542
1.391
0.628512
1.19003
1.0212
1.05897
1.00834
0.84192
1.08051
0.555246
0.594612
0.887336
0.55627
1.01187
0.970297
1.21605
0.603251
0.80251
0.906546
0.783198
0.826435
1.60205
0.841269
1.215
0.860751
1.48298
0.756533
0.902336
1.18676
0.97761
0.824471
0.837775
0.919831
1.19808
1.04985
1.08939
0.33801
0.519023
1.46808
1.12095
0.960107
0.699537
1.5904
0.995378
0.848746
1.17923
1.38602
1.12187
1.24075
0.859141
1.17744
1.26261
0.997207
0.942793
1.54209
0.546667
0.874294
1.45937
1.05929
1.31716
0.888256
1.1596
1.47779
0.679899
0.665365
0.590725
0.50503
1.1046
1.02905
1.01921
1.42976
1.0013
0.628983
1.18762
1.41257
0.940615
1.08418
1.02011
1.02464
1.442
0.436583
0.740017
1.03432
0.768347
0.726764
0.742641
0.639879
0.807516
0.766321
0.495941
0.765436
1.14558
0.697766
1.23851
1.19318
0.852822
0.860548
0.645216
1.20776
1.06469
0.807386
0.58273
0.379214
0.713586
1.00723
0.488176
1.39965
1.21236
1.51698
1.09959
1.01836
0.538252
0.911623
0.907225
0.685389
0.825988
0.756209
1.00167
0.754512
0.730369
1.4845
0.478905
0.8163
0.797712
1.23414
0.934372
1.05321
1.20522
1.13055
1.12511
0.67325
1.76699
0.523831
1.4835
1.09021
0.771942
0.835508
0.977328
0.562733
1.20689
0.757188
1.43807
1.43219
2.28179
1.03229
1.11454
1.1712
0.800945
1.04639
0.331563
1.40487
1.33299
0.51143
1.31628
1.30066
1.26723
1.11387
0.83104
0.702248
0.537382
1.12149
0.795626
0.946787
0.68904
0.652762
1.07249
1.03009
1.49217
0.716976
0.736582
0.869261
0.838205
0.503368
1.39304
0.960635
1.23179
0.650903
0.762989
1.54119
1.28532
0.84498
0.81071
0.970919
1.19913
0.540608
0.84626
0.810111
0.745004
1.20415
0.916549
0.732553
1.54289
0.894309
0.79885
1.35166
1.12892
0.512194
1.3776
1.09773
0.731442
1.26874
0.709636
0.891118
1.21437
0.879113
1.11846
0.645778
1.34603
1.08994
0.859221
1.19647
0.922257
1.0652
0.842172
1.21546
1.00249
1.14269
0.67327
0.816764
0.830891
0.778001
0.271853
0.925661
0.872814
1.1157
1.27524
0.967992
1.62501
1.18251
1.17099
1.02554
1.04573
0.889973
0.639104
1.50068
1.5989
0.779729
1.10446
0.590722
1.58974
1.39758
0.602271
1.253
1.20375
0.645986
0.919734
0.655496
1.24457
0.934282
1.00924
0.908172
0.931095
1.51362
0.623957
0.68643
0.739271
0.670153
0.58712
0.800436
0.794889
1.3796
1.71618
0.764348
1.21577
0.937315
0.630468
0.765999
1.03464
0.968441
0.748157
0.884346
0.988617
1.15602
1.11305
1.26212
1.07218
0.878705
1.07632
1.64078
0.978684
1.63101
0.73545
0.92829
0.825826
0.61326
0.543207
1.59019
1.14051
0.970908
0.707982
1.09895
0.87874
1.26837
0.851915
0.742899
0.810395
0.794577
1.02085
0.966596
0.822053
0.64105
1.28629
1.25801
1.57669
0.771142
1.88991
1.16844
1.49198
1.10657
0.75614
1.31932
0.606529
0.826834
0.96368
0.916784
0.457206
0.835151
1.593
0.765606
0.624751
1.39136
0.817384
1.17119
0.695696
0.820469
0.745216
0.921343
1.28853
1.35841
0.672949
1.53371
1.18026
0.637075
1.2964
0.762818
1.18334
1.2805
0.92405
0.781395
0.902862
1.05425
0.83748
0.927854
1.27598
1.10378
0.864153
0.500038
1.149
1.13056
1.52419
1.43423
0.675619
0.859223
0.834662
1.13979
1.66748
0.508236
1.55166
0.948454
0.822527
1.22797
0.58968
0.868464
1.31022
1.01073
0.820139
1.35605
0.779189
1.45131
1.15788
1.10234
1.22961
0.869216
0.913322
1.28777
0.468158
1.26267
0.807255
1.371
1.16432
0.96228
1.10024
0.396895
0.582966
0.953678
0.629108
1.01051
1.30841
0.958747
1.24571
0.777157
1.53742
0.781754
1.03265
0.947145
0.683043
0.965275
1.44985
0.757624
1.03028
0.948349
1.0069
0.66044
0.950687
0.897317
0.948497
1.11739
0.787685
1.31992
0.544866
1.55827
0.574545
0.766583
1.22067
0.88631
0.666418
1.38335
1.50254
1.62596
1.33836
0.945775
0.967343
0.928283
0.678422
1.56375
1.41506
0.871743
1.30898
0.729788
1.24573
1.48429
1.45473
0.737182
1.49884
0.981671
0.909083
1.85907
1.01603
0.930034
1.05414
1.46346
0.750041
0.551823
0.92677
1.21534
0.967599
0.785223
1.26371
0.861217
1.60291
1.48475
0.708485
1.21297
0.845406
0.85178
0.641753
1.07737
0.885576
0.83124
0.986778
1.1297
1.02639
1.54558
1.06814
1.02881
0.680761
1.61438
0.889318
0.784165
1.32315
1.03411
0.548216
0.72113
1.08195
0.809678
1.00678
1.07118
0.880094
1.19281
0.601257
0.854929
1.02215
0.949638
1.17851
1.3035
0.836491
0.832072
0.597485
1.05514
0.782368
1.21882
1.2793
1.20305
1.35465
1.04186
1.43934
0.994282
0.874809
0.643223
1.17884
1.23186
0.661976
1.14823
0.96529
0.98439
1.03798
1.12104
0.629092
0.637341
1.01779
1.0782
0.91231
0.776659
0.789408
1.02663
0.586897
0.70951
1.63499
1.20742
0.979672
1.28571
1.09024
