0.997215
0.630797
0.494604
1.49533
0.7543
0.976347
2.36484
0.900237
0.289381
0.620959
2.49954
1.15009
0.805569
0.966882
1.82771
0.611849
0.39846
0.518611
1.23561
0.89347
0.241618
0.551785
0.480505
1.49545
0.0621013
0.518143
2.04265
1.09531
0.975103
1.36196
1.93487
0.0795356
0.416583
0.440726
0.656738
2.2996
0.788985
0.238735
2.42735
0.436542
0.604493
0.784749
0.604242
2.14984
2.12884
0.612445
1.3359
1.6616
1.41294
1.34925
0.747474
1.72897
0.1666
1.28888
0.40421
0.639914
0.470632
1.0214
0.475482
1.65467
2.5968
1.74339
0.766543
0.241683
0.784766
0.605221
0.680881
1.46926
1.92711
1.61461
0.44208
0.9142
0.455172
1.7614
1.01091
2.15105
1.38068
0.0666185
1.0812
0.96399
0.22437
0.188552
0.793269
0.574107
0.646992
0.756189
0.694778
0.626986
0.583999
2.61021
2.76631
1.03503
0.336504
0.91118
0.61205
1.79281
0.932125
0.796612
1.91268
0.879625
0.0500147
1.77077
0.513542
2.01614
2.07084
1.64428
1.06754
0.740874
0.692816
1.26502
0.517512
1.18965
0.636479
0.328982
0.790484
0.0561638
0.253763
0.141189
0.816189
2.22851
0.369287
0.151463
0.0347553
0.736164
1.45002
1.1362
1.14839
0.806156
0.588186
0.530374
0.602963
1.40852
0.0397275
0.917814
1.44844
0.0400737
0.602506
1.63381
2.40892
1.30865
0.678991
0.991177
1.64755
0.271319
1.48474
1.16215
0.686984
2.98756
0.716201
0.936679
0.780934
0.430643
1.58829
3.25247
1.40131
0.199097
0.356643
0.175701
1.00566
1.77481
1.21225
0.791434
0.442773
2.76258
0.360554
0.393756
0.620901
1.45348
0.476279
0.971603
2.74086
1.0805
3.13242
0.213276
0.907535
0.294713
1.00915
0.556236
2.47477
2.89013
0.683898
1.42684
1.47592
0.441905
1.19661
0.635727
1.26359
0.19725
1.3801
0.341936
0.24294
0.769016
0.68931
1.45883
1.73192
1.44226
0.875291
0.826573
0.778483
1.06922
1.18071
0.0580156
0.892885
0.69467
1.19941
0.615369
0.962865
0.67197
1.28914
0.285309
2.92896
1.55171
0.248738
0.696705
3.51652
0.345612
0.442502
1.02222
0.834418
1.1309
0.664136
1.58767
1.86976
0.889105
0.88309
0.358598
0.0275449
0.616026
0.493576
1.49872
2.05701
0.509513
2.21205
1.01972
0.453563
1.47333
0.860424
0.313755
1.54608
0.795983
0.245521
0.29245
1.32232
0.888787
0.460412
0.180296
0.856088
2.56388
1.60148
1.06951
1.10021
1.04278
0.27231
0.233932
1.0402
0.576912
0.327141
0.219134
1.20614
1.30542
1.07491
0.686721
0.964647
1.95706
0.913964
0.48917
2.18735
2.34392
1.51354
1.28535
1.61252
0.741385
0.386838
0.938873
0.541692
1.04539
1.40453
0.642587
1.02525
1.25996
0.631154
1.10464
1.0516
0.584598
0.137502
0.295165
0.37504
1.37408
0.876602
0.39843
0.11547
1.27514
1.31945
0.557011
3.10603
1.67752
1.12564
1.35335
1.43059
0.0875381
0.316776
1.00814
0.0110663
0.635774
0.632954
1.41559
0.414664
3.50086
1.83893
1.21412
1.29493
0.751256
0.233604
1.02294
1.33658
0.295087
0.898919
0.724438
0.15996
1.21149
0.154027
0.447556
0.47175
0.324721
1.01307
0.549452
1.01063
0.254941
0.569471
0.122672
0.207798
1.23168
0.654211
1.07671
1.3495
1.67926
0.462498
1.05759
0.200055
0.439221
1.30732
0.644291
3.21032
0.673038
0.581028
0.39839
2.69675
0.649253
1.74933
2.49842
2.28516
0.982836
2.03767
2.18723
1.43964
2.08317
1.04784
1.68469
0.695275
0.28516
0.495542
2.34382
1.19694
0.909037
0.571453
0.10316
0.668839
2.10097
0.125539
1.71926
0.451514
1.06786
0.557821
1.90684
1.44028
0.0574723
2.35516
0.711393
0.754151
0.395111
1.59236
1.24524
1.70512
1.19738
2.22267
0.018229
2.92424
0.299309
2.26966
0.708137
1.19696
0.741476
0.353324
1.16776
0.592057
0.468932
1.24137
1.14949
0.780044
1.27148
0.209034
0.384391
0.143058
0.686287
0.862352
0.758877
1.01525
0.465289
1.59686
0.66193
0.785229
1.40773
0.206372
1.29377
0.488862
0.44503
2.14469
0.525723
0.562024
0.764306
1.39378
0.369853
0.772912
0.229284
0.82242
1.52562
1.58484
0.848287
0.267341
0.586632
0.482346
1.78727
0.358337
0.580741
0.54193
0.20528
0.224218
1.03795
0.56768
0.552779
0.44865
1.29726
2.71417
0.559294
0.246331
0.618467
1.59024
0.151595
0.989998
2.25273
0.857361
1.06319
1.40884
0.765064
0.614477
0.215087
1.29813
1.44632
0.378216
0.757858
0.644125
0.79061
0.83132
2.01197
0.269461
1.00672
1.49795
0.588434
0.119115
0.205612
0.595653
0.24748
2.81417
0.0708528
2.8776
0.474594
0.962185
0.212673
1.25988
0.466575
1.38281
0.314915
0.477217
1.39979
0.50614
0.480326
0.934517
0.851699
0.25043
0.908494
0.408444
0.122457
0.226674
0.736439
1.77535
0.746353
0.614619
1.01479
1.17224
2.76603
1.67232
1.56294
1.04493
0.400522
1.35334
0.69023
1.07255
0.161181
0.762356
0.381996
0.258354
1.6479
1.44649
0.451104
1.28484
1.03159
0.14745
1.90655
0.553442
0.890931
0.922572
0.23676
0.238219
0.794506
0.721176
2.60137
0.269362
1.95159
0.603532
0.277606
0.604367
1.14925
0.254568
0.458011
0.393295
0.645583
0.503732
0.92994
0.728105
0.390698
0.512273
0.77821
0.300688
1.17973
0.958987
1.32769
1.15578
1.02729
0.84478
0.985505
0.0909044
0.622202
0.246702
0.230956
0.572719
0.687299
1.32599
0.312391
0.805361
2.73005
1.04131
1.37922
0.873122
0.130307
0.450424
1.30204
0.731894
1.05203
2.13616
0.712164
0.31006
0.606666
1.3009
0.513373
1.6351
0.335014
1.70796
0.213258
4.80066
1.85686
0.786079
0.740431
0.206899
1.454
0.763613
1.37042
0.749747
0.863766
0.335473
0.540751
0.396692
0.663762
1.61853
1.90837
0.978479
0.851842
0.449636
1.15487
0.288997
0.551708
0.179685
0.52184
1.76261
0.595093
0.262899
1.15111
0.218064
1.15564
0.610625
2.20133
1.08083
1.753
0.599873
0.25067
0.799829
1.4808
1.3725
0.792582
0.280166
0.407226
1.90021
1.72291
0.791212
0.960563
1.00789
0.112522
0.698579
0.495334
1.00464
0.854929
0.309165
0.305971
1.91426
0.162234
0.398604
2.27487
0.80142
0.911681
1.31187
0.240833
1.95893
0.602891
0.886099
0.774368
0.164588
0.536725
1.62053
0.0979969
1.34121
1.06137
0.295973
1.35138
0.403039
1.48196
1.69188
0.764818
0.223313
2.56344
1.13342
0.514849
1.7556
0.67291
0.529339
0.947885
0.836955
0.550215
0.862007
2.02692
0.423581
1.18719
0.462461
1.52892
1.1397
0.756631
0.819725
0.339017
0.403918
0.093331
1.62274
0.559322
1.14957
0.794829
1.26705
0.105893
0.912683
0.0264026
0.438583
0.867236
0.952851
0.592557
1.14819
0.206415
0.49782
0.328268
0.160217
0.400943
2.37267
0.267623
0.502016
1.29949
1.2753
0.698242
2.04223
1.15383
1.4752
0.619436
1.24194
0.120353
0.287519
1.49724
0.157208
0.425965
0.760663
1.44238
1.23215
1.37505
1.28558
0.454529
0.644348
0.064091
1.12271
0.507693
0.190716
1.1152
0.425052
1.62557
2.71818
0.950993
0.865657
0.113991
0.564788
0.737209
2.22453
0.113703
0.739914
0.563817
1.36933
1.03123
0.0749176
1.32106
0.186047
1.19387
0.0100118
0.627468
0.199243
0.838639
0.463279
0.309406
0.839385
0.520083
0.388656
0.815689
0.32702
0.515602
1.53345
0.470172
0.644644
1.41782
2.46688
0.760293
1.20312
0.430164
0.530314
1.09243
2.09133
0.340349
0.228252
0.231538
1.11668
0.702994
2.62056
1.96228
1.82666
1.60492
0.243553
1.34194
0.501927
0.976485
2.09221
0.381681
0.364479
0.817619
0.245923
0.343225
1.89304
0.208805
0.826018
1.00277
1.3281
1.20153
0.404415
0.367474
0.879499
0.459239
2.12723
1.388
1.69316
2.57449
0.65028
0.93733
3.10813
0.394923
1.76074
0.298889
1.32621
0.213232
0.7476
1.0609
0.662797
0.806295
0.884284
0.896895
2.42758
3.54095
0.314252
0.347872
0.908411
1.35133
0.535901
0.933693
0.348968
0.229744
1.18599
1.00824
1.04589
0.146716
1.7169
0.69625
0.366798
0.464962
0.582084
0.240945
0.306702
0.381336
0.708712
0.606063
1.62844
0.733677
0.393381
0.279904
0.560913
0.473254
2.67745
0.437001
0.954907
0.65448
0.884995
1.27932
1.3948
0.298904
0.715501
0.75423
1.79375
0.324665
0.7264
1.11333
0.744413
1.22963
1.71328
0.627077
1.05514
0.277051
0.678757
1.61471
1.16253
2.98691
1.0745
0.842552
2.00896
3.64804
0.702314
1.56011
0.510514
0.487786
1.91846
0.700646
0.349459
1.02488
0.809873
0.372736
0.831279
0.488296
1.54983
0.555454
0.17797
0.795269
0.304044
1.91548
2.5469
1.40495
0.619337
0.672351
1.25168
0.580349
1.46096
1.48073
0.996518
1.56498
0.431718
1.80776
0.933607
1.46836
1.35049
0.894792
3.217
3.37384
0.949164
0.841096
1.46581
1.63771
0.862122
0.236038
0.844146
2.47102
0.246673
0.606289
0.416081
1.40211
0.39334
0.14929
1.5162
0.935193
0.405076
1.93445
0.140062
2.21995
0.764753
0.175565
0.998025
1.10649
0.523152
0.291783
0.481087
0.543042
0.374392
0.488807
0.676433
0.547178
1.05061
1.14734
0.814947
1.29052
1.10655
1.82868
0.737212
1.24698
0.866556
0.284351
1.51032
0.876746
2.33645
0.618344
0.313383
0.344782
1.26074
0.947468
1.01254
0.717499
0.750758
0.303014
1.02798
1.15899
0.627878
0.907089
0.853312
0.215778
0.145975
1.05593
0.691975
0.567902
2.93143
1.71978
0.793283
1.60576
0.764493
0.40858
1.11442
0.199958
0.41604
0.729662
3.44967
0.860713
1.36716
0.43149
1.31597
0.236461
0.163133
1.81496
1.14931
0.707342
1.85324
0.213367
1.07722
0.570753
3.12776
0.583169
0.258006
0.547999
0.704751
0.62252
0.275776
0.745532
0.895948
0.440471
0.568076
1.05479
0.514795
0.231052
0.648165
1.48558
1.73
0.670538
1.57567
0.596652
0.936275
0.285151
0.235752
0.471325
1.13829
1.41915
0.708387
0.393152
0.362358
2.43602
1.64798
1.1583
0.262546
0.934374
1.24206
1.76071
1.05217
0.688543
0.767802
0.398692
0.326288
0.111845
1.31286
0.183532
1.90347
1.13906
2.6008
0.447381
0.697858
0.204777
1.20239
0.424055
0.950044
2.82117
0.641791
2.3212
0.279236
1.97747
0.598266
2.66635
1.81869
1.7599
1.43814
0.359241
1.09636
0.504146
1.18661
0.080283
0.256261
0.609185
0.833742
0.50202
1.47226
0.255719
1.89816
1.49805
2.87928
0.49859
0.451581
1.04541
0.640139
1.02977
1.08397
0.604323
1.90333
1.77134
0.891379
0.888299
0.905867
0.155478
0.466207
2.38437
0.508164
0.372587
0.177938
1.1416
0.730024
0.397505
0.152566
1.15939
0.354681
0.624429
0.896384
2.40723
0.159207
0.548454
0.248355
0.78801
1.96661
0.402769
0.637395
0.533528
0.875369
0.348616
0.676322
1.69001
0.539142
0.490065
0.628456
4.83584
0.198209
0.717815
4.38307
0.187963
0.21496
0.473502
0.681613
0.808545
1.12984
0.800878
0.647436
1.346
0.758892
0.403122
1.00388
0.0943888
0.594801
0.619952
1.0381
1.54271
1.06497
0.625625
0.723545
0.722833
2.31129
1.49386
0.480351
3.28474
0.536276
0.862528
0.283996
1.16268
0.583596
0.436189
0.835173
2.81831
1.30035
1.27626
0.830128
1.02368
0.868261
1.11461
0.723065
1.99872
0.82541
0.636401
0.730411
0.476918
0.586106
0.870524
0.658863
0.338053
1.16219
0.311826
0.919317
1.77449
1.1733
0.968745
0.674405
1.5424
0.949549
0.521555
0.388881
0.229268
0.289054
0.317843
0.604195
1.72175
0.832254
1.17947
0.276961
0.990899
0.0776877
0.604124
1.36683
0.512528
1.31243
1.10502
1.19021
0.558016
2.55924
0.246506
1.61345
1.3996
0.707643
0.128903
1.03919
0.684264
2.00108
0.311745
0.983239
0.883064
2.42716
0.638331
1.04648
1.30814
1.53092
0.378622
0.0635758
0.379629
1.929
0.221555
0.839041
0.872328
0.721236
0.558189
0.863186
1.82144
0.312025
0.410897
0.259367
1.64703
0.315032
0.966979
1.06705
0.892296
0.557034
1.15533
1.24683
1.0464
1.45862
0.848204
2.10835
1.89085
1.23661
0.703391
1.12426
0.944206
0.539204
0.242668
2.13291
3.26517
0.875048
0.801772
1.74832
1.00101
0.226933
2.06797
0.932892
0.589393
0.88809
0.622861
1.76623
0.709148
3.0488
0.954286
0.511708
0.894294
1.18392
1.10362
1.85188
0.161563
0.35196
2.07019
0.0710473
0.329055
2.59323
0.977969
0.395435
0.259729
0.607437
2.20599
1.36188
0.58347
1.08745
0.36825
2.31642
0.663077
2.18315
0.208779
3.44867
0.90095
0.362074
1.18111
0.393082
0.809431
0.66184
0.553477
0.295179
0.789982
0.541988
1.35877
1.14013
1.1282
0.730532
0.626592
0.890972
0.936748
1.40293
1.09891
0.418703
0.699318
0.32383
2.86989
0.714316
1.0621
2.18926
0.219735
0.726509
1.848
1.25217
1.93427
0.462168
0.446191
0.927646
0.374345
0.888072
2.12501
0.435291
0.716355
1.75697
1.66347
0.268563
0.800555
1.26253
1.77338
0.710554
1.04884
0.937392
1.13023
0.542395
1.101
0.196136
0.177778
2.33071
0.520579
2.09605
0.781159
0.32203
0.194696
0.26694
1.3902
0.313468
1.21236
0.927962
1.50351
0.566142
0.575565
0.605397
1.18184
1.68158
0.28251
2.52193
2.10557
0.263485
2.20988
2.75012
0.406605
0.400653
0.433602
1.20261
0.602145
0.237787
3.34592
2.34707
0.138595
0.144204
0.588177
0.79977
0.87667
1.90576
1.59769
0.388476
0.313545
2.02852
0.443479
0.9307
0.796459
2.61082
0.828731
1.98839
2.05345
0.402126
0.123823
1.75164
0.903874
0.70937
1.49284
0.925193
0.482098
1.01188
1.40093
0.794796
0.456471
0.868157
0.462564
0.979689
1.10273
0.350038
0.639124
0.939341
0.15314
1.3003
1.79413
1.07966
1.57054
0.964366
0.440507
1.43959
1.61959
2.36286
1.00583
0.762461
0.371401
2.52217
1.78948
1.0237
2.84612
0.187634
1.03087
1.97682
2.16934
0.677564
1.49696
0.410833
2.27365
1.24946
2.66488
0.235462
1.07443
0.754236
0.599207
0.863929
1.1341
0.746789
0.521055
0.448764
0.73207
0.859176
0.753665
0.429355
1.64182
0.962274
0.726996
1.11798
1.28061
1.84323
1.57279
0.9462
2.38592
1.1993
0.360364
1.30562
0.740491
1.84226
1.92575
1.89711
0.988167
0.762953
1.82236
1.26134
0.498105
2.92923
2.29179
2.91266
1.39642
0.614785
0.260449
0.47407
0.467273
2.18749
2.32175
0.0291951
1.21338
0.630287
3.37625
0.282714
1.1884
0.813217
0.295027
1.96816
0.907071
0.936366
0.922062
0.517908
2.9072
0.589625
1.5254
1.02139
0.610152
0.493277
1.93049
0.329427
0.410358
0.780996
1.91994
0.214715
0.272944
0.207797
1.34318
2.38313
2.40705
1.8358
0.205057
0.325902
3.72453
0.25567
0.981933
1.49872
3.00144
1.97435
0.141004
1.10857
0.488711
1.83092
0.108361
0.740129
0.911788
1.08528
1.20691
1.13204
1.69453
0.906888
0.842151
1.204
1.51735
1.33159
1.14744
1.44938
2.26249
0.0482578
0.466983
2.6962
1.10297
0.215905
0.998791
0.644634
0.962486
0.414457
1.19032
0.996279
0.276637
0.31852
0.450098
1.0967
0.329209
0.228159
2.0443
0.137114
0.731178
1.69744
0.120466
0.39005
0.216747
1.72051
1.05679
0.633415
2.48117
0.819816
1.00413
0.187172
0.621918
0.625519
1.14567
2.11079
1.86581
1.07495
0.347225
0.999811
0.181757
0.433833
1.11202
2.35781
1.0787
1.08016
2.10506
0.795427
0.830982
1.95826
0.743899
0.304601
1.3814
0.624988
1.27634
1.91519
0.420127
0.950961
0.207275
0.282076
0.474677
1.20106
0.594568
0.199275
1.37697
1.10379
0.1643
0.162911
0.275477
2.67351
0.279646
0.150488
0.110542
1.8196
1.88697
0.58298
0.760698
1.15277
0.619524
0.772465
1.4313
1.37769
2.14587
0.85865
0.484684
2.1265
0.159052
1.1499
0.376566
0.863956
0.973561
1.13935
1.02933
1.35913
1.1192
0.567329
1.22991
0.945048
0.637886
0.800978
0.407255
1.03914
1.90849
1.14614
0.0455982
1.44271
3.11837
0.411984
0.408363
1.18202
0.609909
2.65443
0.775026
0.758701
0.775269
1.11129
0.134105
2.19842
1.62334
0.95469
0.844572
0.904901
0.737736
1.15712
0.0832068
1.06302
0.382946
1.07883
1.68006
1.14346
1.04099
0.410693
2.12987
1.08112
0.54498
0.374341
1.1145
1.24667
0.40575
0.505134
1.3378
0.148508
0.49769
0.507761
0.966939
1.07767
1.7237
0.338538
1.40553
1.07721
0.952401
0.751346
0.595007
0.853757
1.01688
0.666327
0.30351
1.43423
1.6417
0.686856
1.40345
0.676934
0.57117
0.832864
0.647194
0.555661
0.596592
0.353359
1.73486
0.606895
0.300035
0.389316
0.489308
2.12643
1.62321
0.556613
0.302823
2.29235
0.203286
1.37901
1.11987
0.649564
1.4361
0.236434
0.879562
0.0490904
0.503949
2.43611
0.24569
1.54027
0.0698352
0.178122
1.95028
0.896292
0.982174
0.314666
2.52191
0.658318
1.80756
0.886276
0.177413
0.480563
1.56521
1.37848
1.89544
1.62167
0.689639
1.58249
2.41045
1.59594
0.199616
1.21048
4.43761
1.80435
0.845024
0.0540875
2.20959
0.402132
2.96169
1.36313
1.23121
1.16601
1.53423
1.43506
0.969422
0.386081
0.188908
0.905063
0.145733
1.50065
0.653788
1.65093
0.735023
0.616424
1.38689
0.440331
0.598987
2.30289
0.402915
0.443959
0.444967
0.636676
1.25899
1.20397
1.13512
0.813527
0.154733
0.389169
0.938243
0.641908
2.03273
0.557821
1.67767
0.773898
2.01217
0.309551
0.327293
1.38125
0.80583
0.467085
0.65945
1.32159
1.48355
0.604041
2.18018
0.474942
0.502267
0.331199
0.533326
0.533669
0.586115
0.845551
0.0894294
0.626008
0.543867
0.9853
1.51803
0.734291
0.797798
0.705772
0.677512
1.25152
0.274918
2.77547
0.846851
0.405831
0.579861
0.567665
1.05323
1.29223
0.660534
0.365993
1.17721
0.143239
2.20003
0.986194
1.32279
0.173835
0.15738
1.46433
1.02037
0.64402
2.24623
0.908027
0.166554
1.41969
0.693615
1.31828
0.220327
3.29905
1.59689
0.89937
1.3534
0.0670524
0.730839
0.907928
0.14203
0.928145
0.851931
1.33414
0.881515
1.37224
0.797125
0.967523
2.05064
1.14341
1.07094
2.82818
0.714133
2.77161
1.63147
0.807586
1.18235
0.333101
0.816994
1.12253
0.803856
0.449753
0.942703
1.97111
1.13607
1.15168
0.325466
0.611919
0.587578
0.0906516
1.55397
0.687973
0.849703
0.571229
1.00915
0.928415
0.276662
0.735284
1.52477
0.540637
0.956129
2.2337
0.325576
0.319427
0.600447
1.39404
0.498197
2.11857
1.03463
0.600671
1.01449
0.734912
0.494369
2.10139
0.30278
0.520456
1.77836
0.302026
0.535259
1.73661
0.413705
1.54452
0.0617288
0.742452
0.39315
1.04478
0.696064
0.792142
1.71866
0.215126
1.3549
0.566688
0.427378
0.332694
1.68506
1.04592
1.85754
0.593328
0.742092
0.355327
0.924684
1.74095
0.377341
0.213457
1.42851
0.240577
2.47104
1.00271
1.20984
2.13079
1.77902
1.32231
0.779747
1.41915
0.343528
0.302399
0.316166
1.01904
0.674633
2.8886
0.131773
2.00132
0.794201
0.90768
0.982115
1.13097
0.372665
0.365047
0.967337
0.449782
0.416973
0.259973
1.05215
1.19345
0.840638
0.133642
1.81989
0.267511
0.326576
0.778274
0.0500109
0.159054
2.11969
1.6605
2.08306
1.22307
0.695475
1.33676
0.271773
1.1671
0.9
1.76298
0.140372
1.18184
0.675707
0.632178
0.811194
0.202177
0.377767
1.70288
0.999996
0.991232
2.0339
1.18406
1.63934
0.934438
2.98002
1.25341
0.0818422
0.368987
2.04346
0.691839
0.139004
1.0323
1.61463
1.60253
0.42203
1.18497
1.8361
1.5252
0.689673
1.27317
1.58194
1.1281
0.86508
2.32159
1.55794
0.302282
2.12292
1.1957
0.326094
1.26367
2.2622
0.325704
0.824626
1.53564
0.582491
3.00928
1.61534
1.71358
1.05542
0.457498
1.0628
0.951552
1.68494
1.67024
2.14749
0.6657
2.28178
0.132163
0.646144
1.5839
0.318391
0.366991
1.56028
1.38555
1.79236
0.299834
2.43273
1.09686
0.374444
0.419818
1.62839
2.4608
1.02962
1.03992
1.17233
1.31636
0.600064
1.23961
0.642276
0.512517
0.505837
1.66317
0.273576
2.56131
0.346526
0.787807
0.431486
1.48799
1.29358
0.517611
0.494216
0.42518
0.954292
1.0428
1.08405
0.930673
1.11414
1.16217
0.672076
0.742664
0.774442
1.35036
0.63402
1.1505
1.03487
0.513605
0.260876
0.216797
1.22978
0.548108
1.36667
1.15927
1.30216
2.07372
0.899819
0.613698
0.522386
0.0978468
1.28986
0.347145
1.60557
0.399345
1.69653
0.309044
0.458501
0.758181
0.784828
0.74718
1.32521
0.503151
1.63464
0.436351
1.08797
0.727274
1.33734
2.13437
0.183507
1.81547
0.697423
0.359421
1.78004
4.1061
1.38945
0.684034
0.3366
1.09255
1.59908
0.529774
0.86695
2.82055
1.8467
0.395585
0.585268
0.0631576
0.0891388
1.64029
0.464925
0.873147
1.10459
0.784407
1.40752
1.53563
0.479435
0.347231
0.0841402
1.6848
0.741409
0.653557
0.0497413
2.21303
0.155156
0.872385
1.37776
1.32267
0.434417
0.191115
2.89181
2.18377
0.788175
0.50457
0.23672
0.682585
0.832982
0.976429
1.97402
1.01399
2.08523
0.552788
0.815273
1.13138
0.805577
0.602446
1.28989
0.320851
0.36369
0.755876
1.27352
0.191428
0.48952
1.20145
1.45359
0.238061
1.96993
0.285258
0.639024
0.775137
0.264569
0.969918
1.22152
0.421537
0.855266
0.761804
0.803063
1.73723
1.05694
1.5043
1.03529
0.31484
0.768202
1.42787
0.868868
1.39987
0.209817
2.32338
1.03618
1.48876
0.71267
0.296377
0.276443
0.53517
0.22793
0.98232
0.659271
1.77685
1.16219
0.500168
0.0810449
0.0862825
0.391487
2.20166
0.350809
1.32524
0.690698
0.576259
1.16621
0.221147
1.41645
0.956398
2.43949
1.91519
0.302035
0.540087
1.56517
2.83026
1.71063
1.47148
0.464689
0.0877423
1.28065
0.972403
0.448874
0.526188
0.0296025
2.81841
0.875795
0.573238
0.687804
0.350378
1.10649
0.639568
0.0397266
2.73744
1.90913
0.481762
0.743873
1.27382
0.429664
0.281157
1.00036
0.0919669
1.85675
1.75442
0.0759225
0.463165
0.166651
0.384955
0.743947
1.06222
0.694597
0.530236
2.05839
0.918746
1.00024
1.06938
0.944772
1.23
1.04892
0.182384
1.9384
0.740095
0.206067
1.52732
0.385092
0.862054
0.286211
1.01244
1.33597
0.72975
1.32121
1.72535
1.45815
2.4715
3.73276
0.257263
0.770555
0.387017
2.12536
1.09882
1.54433
2.406
1.60675
0.691909
0.55171
1.84321
0.167797
0.683341
1.1397
0.236016
0.781369
0.596977
3.62049
0.874846
0.576221
0.0812254
1.25076
1.04634
0.805786
1.25413
0.602466
0.298505
0.0766092
0.591626
0.418557
0.653021
0.497128
1.02633
1.11972
0.66271
0.42982
1.34622
1.13692
0.0414336
0.740469
0.454969
0.236446
0.461562
0.0253378
0.895665
0.318573
2.625
1.48724
1.17558
1.44623
0.28746
1.17955
0.866398
0.180945
0.471651
1.0876
0.701171
0.735162
0.226006
0.25048
0.145148
0.930305
0.526845
0.678272
1.45639
0.750106
2.02863
1.13709
0.766112
1.43286
1.64004
1.05903
0.640631
0.544203
0.81089
0.631441
0.457543
2.78386
0.876651
0.640309
0.320306
1.04815
0.449241
1.23602
1.48839
1.0002
0.544029
1.30608
1.19642
0.996751
2.57242
1.06002
0.216699
2.19495
0.916193
1.14712
0.154868
0.615772
0.807706
0.2686
1.11466
1.53077
0.517257
1.03214
1.26029
0.522773
1.65165
1.64607
2.80891
0.426548
0.874943
2.76935
1.01229
1.09488
0.216123
1.60763
0.712017
2.01058
0.735413
2.18693
1.15326
1.29881
1.25453
0.816154
1.00667
0.315276
0.636009
0.477041
1.14135
3.14354
0.642221
0.937141
2.19324
1.53745
1.11449
0.63594
0.634318
0.569341
0.697552
0.0355787
1.05929
1.55044
1.53702
0.428381
0.723849
1.53562
1.022
0.775358
0.323931
0.971625
0.276684
1.71952
2.37695
0.181816
0.402616
0.358469
0.816597
1.15632
0.242742
0.0837658
0.824615
0.84974
2.4388
0.469368
0.32746
1.26193
1.74009
1.65011
0.93444
1.22889
0.136317
1.16439
1.98693
0.204934
0.760501
0.461125
0.948304
2.2332
0.216741
0.335571
0.128208
0.553834
1.59666
1.10359
0.859786
0.318968
0.958538
1.24669
0.688606
1.62471
0.564003
1.11298
0.15944
1.33254
0.69919
0.455465
0.318558
0.321921
0.775333
1.68521
0.695793
0.604688
0.675508
1.071
0.263135
1.42297
0.801338
0.559522
0.308044
0.645984
1.14162
0.408101
0.0317165
0.702559
1.57089
0.348431
3.7244
0.465291
2.82822
0.62584
1.27055
0.110628
1.19631
2.31754
1.18798
0.11262
0.432665
0.409594
0.79967
0.413416
0.71611
0.565344
1.41759
0.370816
1.52243
1.19061
1.01793
1.00909
0.217936
1.05673
1.21869
0.537292
0.587712
0.872851
0.524614
1.17115
0.337567
0.643865
0.26642
1.18364
1.04987
1.23515
0.670327
1.36398
0.825137
0.702707
1.65316
0.101139
0.705103
0.287201
0.770531
2.47621
0.691635
0.283092
2.06002
1.02827
1.03205
1.36931
0.0214455
0.336832
3.03841
0.502047
1.19323
0.992762
0.402697
0.439728
2.30205
0.998879
1.296
0.628156
0.678397
2.15978
1.38638
0.736024
1.12133
1.77009
0.256942
0.356863
1.30982
3.13076
1.97117
1.32312
0.614773
0.823561
1.26903
0.715714
0.30065
2.00361
2.42081
1.53911
0.380818
1.70158
0.549697
0.418528
0.416034
0.342009
0.505453
1.06334
0.739042
0.814088
1.13276
1.38014
1.22785
0.77935
0.428077
1.22159
0.929374
0.323192
0.788312
0.137116
0.65241
0.505983
0.545824
0.928872
0.471178
1.38016
0.332483
0.521716
1.59852
0.898609
1.46106
0.614512
0.254594
1.06045
0.844156
1.14659
0.60155
0.250783
0.455099
1.00353
1.4031
1.15634
0.663796
0.769533
0.518511
0.214053
1.12041
1.62203
0.475807
0.499695
0.992121
0.0882937
0.778703
0.151879
0.441729
1.24937
2.26737
1.87108
1.77545
0.509439
1.15456
0.941498
3.41332
0.607577
0.102428
1.65551
1.36336
0.872821
0.400095
1.37933
2.38858
1.84054
0.300095
1.51756
0.335198
0.8721
0.613636
0.836829
0.723482
0.686803
0.413417
0.960169
0.19244
1.02574
0.597053
1.16878
0.970746
0.600614
2.2026
1.11045
0.329098
1.31535
0.863496
1.06657
0.385459
1.38991
1.05263
0.822886
2.44854
2.55246
1.46948
1.18508
0.787802
1.32346
1.19908
3.77713
0.910366
0.195532
0.541179
0.655896
1.79012
1.57876
0.920746
1.73738
0.415779
0.540845
1.32955
1.12721
0.732241
1.34725
0.388902
1.76306
0.986112
1.02093
0.735095
1.23108
0.312943
0.214532
0.548813
1.76199
0.89828
2.78562
1.57694
0.659116
3.70059
0.551174
1.70901
2.56298
0.8947
2.0005
1.24222
0.703781
0.573702
0.354762
1.50949
0.341622
1.13966
1.8531
0.484738
0.235871
0.596218
0.589124
0.558168
0.753874
0.275486
3.32909
1.77685
0.913633
1.17367
0.915785
1.7576
1.00109
0.311487
0.574802
3.52583
2.99282
2.41221
2.00739
0.442028
0.520408
0.347619
0.238181
0.517009
0.446191
0.432526
1.24633
0.458335
0.962833
1.88987
0.681598
0.388771
0.222606
0.214362
0.642179
0.687263
1.17593
1.1182
0.641195
1.00164
6.41357
1.63684
0.855617
0.206659
0.328321
0.483303
0.841654
1.14149
0.719737
0.792504
0.511183
1.67773
0.35205
0.195418
0.568794
0.701484
1.05536
0.646958
0.898557
0.61049
1.35765
0.0288499
3.75562
1.14131
0.33075
0.41269
0.807081
0.703723
0.155637
0.676739
0.159898
0.380049
0.333675
1.11896
0.247371
0.610016
0.773183
3.75497
1.70017
0.583101
0.865983
0.490174
0.250551
1.27112
0.725173
1.99411
1.2652
1.67268
1.64306
1.65608
0.615258
0.242717
0.842213
0.30181
0.303511
0.230374
1.18548
0.341744
1.08831
2.85924
0.68966
1.28484
0.436864
0.30682
2.44002
1.52381
2.37451
0.450238
0.200096
2.4331
2.51714
0.980067
1.86519
0.611753
0.207698
0.655432
0.599312
2.14427
0.427045
0.273288
1.74842
0.204824
0.47941
0.496078
1.77433
0.136401
0.221673
0.448856
0.329081
0.546362
1.53996
0.344303
0.840609
0.868047
0.43661
0.308418
1.39954
0.436014
0.96396
2.52815
1.61503
0.878307
4.53721
0.74851
0.648
2.06652
0.762775
1.4582
1.04441
0.608272
0.6222
1.004
1.5242
0.528317
1.42897
1.02448
0.169998
0.572229
0.551473
1.98417
0.369394
0.879002
1.09956
0.700113
1.56162
0.230892
1.172
0.918236
1.42294
1.18071
1.47449
1.74174
0.833883
2.53998
0.374024
0.893296
0.713316
0.59985
0.633805
1.07874
0.854274
0.757546
0.751848
1.81679
0.751815
0.616682
0.266044
2.59335
1.30869
0.630452
0.397234
0.660678
0.364685
1.21622
0.279565
1.12482
0.314748
0.230002
1.15842
0.239304
1.71219
0.531603
0.364125
2.01773
0.0171113
1.06269
0.859517
0.783731
1.05606
0.0982594
1.70566
0.87261
0.468567
0.0831065
0.901389
0.917998
1.44231
2.03558
1.19909
0.853095
2.10681
0.753533
0.629847
0.304857
0.938914
0.101081
0.422169
0.802161
0.71042
1.08874
0.318276
0.199605
0.958912
1.17252
0.629569
1.26467
1.84577
2.10956
0.486184
1.14105
0.823727
2.44103
0.797829
0.597096
0.870803
0.693775
1.53607
1.52912
1.22647
0.30467
1.91813
0.828784
0.846997
0.588385
0.594057
0.482842
1.10524
2.18958
3.07717
1.12908
0.219365
1.10692
0.406863
0.769972
0.812173
0.413827
1.6854
0.554026
0.226447
2.9265
2.14128
0.681565
0.612486
0.305755
1.08769
1.00706
0.362922
0.952157
1.48442
1.91642
1.23301
0.231856
1.5242
1.78545
1.72408
0.362819
2.48893
0.446141
0.444206
2.01943
0.151702
4.03804
0.624538
1.03684
0.816731
0.929203
3.31137
0.517796
0.410244
2.16406
0.350931
2.95822
1.14668
0.417082
0.466689
0.762478
1.13578
1.8577
1.17456
1.23309
0.20622
1.13066
0.160004
0.344071
0.506909
0.728019
0.646979
0.456815
2.10003
0.443691
1.52228
0.937119
0.690124
1.55985
2.18384
0.398836
1.56586
0.441592
0.884426
3.00759
1.34068
0.137444
0.221832
0.902883
0.35631
1.63043
0.235463
0.756471
0.644574
3.15361
1.45992
0.870667
1.13129
1.13948
0.608529
0.985282
0.405139
0.943339
0.145762
0.455548
0.217293
0.698232
1.03777
0.480919
0.83
1.16837
0.88715
0.160671
1.49675
1.27036
0.648115
0.525815
2.05742
1.29711
0.550851
1.04734
0.0662673
0.32746
1.81221
0.948733
0.350494
0.478825
0.956401
0.564696
0.222948
0.480128
0.900024
2.00479
1.42299
0.384087
0.730812
0.835004
0.154501
1.83123
0.806319
0.655236
0.25323
0.0856624
1.21294
0.510953
1.37263
0.58615
0.544198
0.784389
0.675955
0.488386
2.22966
0.514086
0.76913
0.529193
1.03801
2.00202
0.655049
2.20881
1.84488
0.159432
0.689893
1.70765
0.615413
2.37776
0.798942
0.965024
0.295888
0.935977
1.4296
0.463702
0.565123
1.17863
0.413167
0.661086
0.344201
0.641611
0.365986
0.21724
1.29148
1.14213
2.47526
0.480889
1.43424
0.309809
0.538563
1.08677
0.508958
0.783239
0.532902
0.447505
2.20253
1.43344
1.0159
1.10686
0.121434
0.572456
0.0940328
1.0189
1.57829
0.804981
1.37504
0.273333
0.307476
1.22264
0.138846
0.62505
0.630796
0.85928
2.90344
1.16694
0.567276
0.290995
1.16851
0.539406
1.29163
0.899577
1.51694
0.343962
1.05172
1.00923
1.36657
0.279497
1.23527
1.80743
0.266481
1.08043
2.35934
1.53774
1.61012
0.191549
1.02675
1.16696
0.513725
1.46912
0.989347
0.800572
1.056
1.04846
1.47039
0.125923
0.87112
0.964722
0.638037
2.26327
0.873947
0.233826
0.378435
0.808345
1.45393
0.410562
0.312908
0.796944
0.319116
1.03698
0.0541983
0.680693
0.100132
1.06697
0.844328
0.743996
0.18793
0.107725
0.142549
0.949024
0.238465
0.925885
0.628915
0.85363
0.550945
0.433377
0.179092
1.71525
1.16151
0.258178
0.255497
0.297201
0.674923
0.0673169
1.92661
2.501
0.935215
0.799607
1.33465
0.437458
0.081607
1.16542
0.346649
0.586511
1.28661
0.923912
0.175162
1.01671
0.584348
1.03464
0.880369
0.526519
0.215989
2.36119
2.38632
0.0880268
0.503239
1.12666
0.740408
0.678513
0.160343
2.23269
0.420036
0.812171
0.0980082
0.373365
0.713221
0.0384179
0.0462867
0.860406
1.90235
1.11041
0.439971
1.13785
0.768279
0.542697
0.619267
1.79997
0.491194
1.02103
0.199986
0.262186
1.06618
0.516468
0.301704
0.371243
0.23749
1.68882
1.41715
1.03154
0.6879
1.16983
2.4498
0.626814
1.62888
0.745773
0.559984
0.864019
1.15973
0.547057
0.572329
0.497277
0.542409
1.06649
1.71913
3.5998
0.141497
0.164741
0.356578
1.09035
1.58639
0.70419
0.039142
2.19171
0.664637
1.12702
0.815536
0.59028
1.4147
1.43128
0.802257
0.459123
0.98622
0.514189
1.35754
0.205195
0.34748
0.962017
1.92071
1.48946
0.954113
3.43651
2.63351
1.09974
0.468542
1.76026
0.702454
0.100487
0.271825
0.540939
0.424137
0.210349
1.05666
1.1756
0.432372
2.03959
1.70298
0.882294
0.701723
0.59013
0.664442
0.912659
2.26538
0.98552
0.226074
0.76079
1.05328
1.09929
2.17963
1.9554
0.882288
0.812732
0.213684
0.386723
1.20957
0.628637
0.872753
0.834092
0.868611
0.360863
0.728505
0.420244
1.91285
0.817756
1.63587
1.24483
0.774068
0.292432
1.09718
0.888331
1.55998
1.25553
0.232166
1.29946
1.58598
0.968279
0.790401
0.785894
0.623935
0.744831
0.716325
0.359861
0.396853
0.790252
1.05124
1.37225
0.393075
0.98533
0.810392
0.384216
2.0477
0.739364
1.71059
0.434455
0.0519367
0.910613
1.43885
1.23651
0.583578
0.918098
1.5667
1.50363
0.982407
0.982112
1.38092
1.45071
2.36425
0.212968
0.0700126
1.22097
0.893052
0.203906
0.493677
1.25308
0.592717
0.661989
0.692287
1.86709
1.07629
0.507459
1.19255
1.52069
0.825678
0.77635
2.77273
0.152615
0.221573
0.959012
0.965057
0.684928
0.821983
1.18154
0.503418
0.155986
0.216605
1.29167
0.950338
0.725787
1.27932
1.84971
0.414441
2.11648
0.177332
1.38081
0.856064
0.350706
0.0924964
2.38262
1.82627
0.512514
2.09513
1.73698
0.714128
0.368728
1.57847
1.62682
0.323927
0.615079
1.60539
1.28601
0.295721
1.09186
0.501433
0.411347
0.155415
2.31881
0.346147
1.10456
0.364657
0.788873
2.41545
2.56363
0.203521
0.846793
1.54053
1.13115
4.16705
0.145501
0.669872
0.880099
1.29663
1.04633
0.772762
0.845331
0.507622
0.713162
1.26891
2.84024
0.794301
0.528278
1.03262
1.12762
1.41182
2.2053
0.406336
0.846966
0.292237
0.717004
1.4642
0.264208
0.567086
1.05048
0.299871
0.846368
2.16768
0.645598
0.466055
1.35494
1.64427
0.288201
1.8599
0.413855
1.49775
1.4183
0.667626
0.29857
0.947947
1.04104
0.269562
0.460559
0.700684
0.809157
1.43828
3.37433
0.687288
0.83321
1.35039
0.276357
2.92723
1.70517
0.651881
0.376931
1.54921
1.93968
0.704094
0.491871
0.755844
0.993499
1.60628
1.51775
0.837796
1.3745
1.35293
0.722982
0.903776
1.42318
0.179738
2.24117
2.32517
0.660623
2.05511
0.419616
0.973392
0.691616
0.944936
0.787
1.44674
0.882922
0.838477
0.593521
0.402209
2.08609
1.67999
1.28126
0.611601
0.713403
1.80521
0.77453
0.673358
1.61145
0.696882
2.25795
0.493719
1.73457
0.593834
1.14047
0.341439
0.473233
1.18843
1.82299
0.827638
1.41186
2.62228
0.159679
2.10313
1.28486
1.67382
0.503189
0.37388
0.372167
0.269852
1.40584
0.551488
3.61485
0.213963
1.27057
0.508939
1.61318
0.758576
1.73017
1.48543
2.33216
1.63066
1.27559
1.33893
0.822169
0.972498
0.48973
0.336057
1.46335
0.8194
1.80243
1.26272
0.988815
1.34602
0.447862
4.26795
1.76434
0.217411
1.11288
0.633159
1.93349
1.83356
0.483011
3.05434
0.0780321
1.42575
1.13354
0.471565
1.44983
0.824941
2.40254
0.592671
0.783131
0.717271
1.09679
1.64797
2.63042
0.985803
0.475444
0.224112
2.68141
0.677486
1.10071
1.61963
0.442625
0.076083
0.598847
0.749522
0.43799
0.984929
0.76405
0.774033
0.367052
0.446044
0.393607
1.04103
0.735766
0.502995
0.833573
0.736693
0.446446
0.599535
0.523821
1.56648
1.47509
0.390068
0.648849
1.0585
0.416312
2.35637
1.40486
1.09283
1.64678
0.498946
0.0890805
0.28814
0.879275
0.158649
1.66028
2.4684
1.82638
0.507799
0.417308
0.1513
0.805048
0.147307
1.82128
1.50255
1.2527
0.240832
1.33094
0.393771
1.82771
0.528666
1.47754
2.53535
0.333215
0.773657
0.576942
0.223451
0.0603276
0.59013
2.28992
0.221166
0.163964
0.379007
0.373042
1.28629
1.04378
1.60699
0.438977
0.256177
0.845348
0.957044
0.234391
2.18739
0.369216
0.804699
0.734916
0.465311
0.465027
1.14046
0.916806
0.847101
0.385454
2.86342
0.354355
0.896138
1.07266
0.874138
0.387072
0.750232
1.11532
0.0977578
0.691564
1.28963
2.93258
1.05141
0.516127
0.811429
0.523113
1.83019
1.582
0.791158
1.08086
0.540952
1.48261
1.52081
1.13388
0.618738
1.45078
2.25643
0.957408
1.52407
1.13784
0.32781
0.534003
0.381779
2.16813
0.376539
0.809598
0.235348
0.134171
0.594137
0.838933
0.145437
1.97777
0.405169
0.291836
1.24914
1.26049
0.478373
1.44633
0.0892127
0.171857
0.425183
1.48394
0.549391
1.79948
0.918879
1.82596
0.832319
0.138122
0.302572
0.788622
0.590334
1.10522
0.641293
0.539866
0.894589
1.33322
2.3039
1.11539
1.09363
1.31
0.825655
0.994404
1.83787
0.895905
1.24146
1.03679
0.969466
1.74056
0.885396
0.726094
2.46088
1.39551
2.22554
1.0612
2.73596
0.425764
1.17699
0.926949
2.10769
0.127462
1.9637
1.05805
1.20343
1.74241
1.53439
0.898764
2.65072
1.05334
0.848352
0.469363
1.30184
2.85774
2.31544
0.289656
1.13026
0.854975
0.763477
1.64129
0.680761
0.336984
1.29465
1.44669
1.85742
0.812433
3.23877
0.633791
0.223991
3.014
1.73162
0.389131
0.470785
1.23106
0.374687
0.402371
1.34781
0.684117
1.14117
0.890281
1.45743
2.56582
1.73828
1.51946
1.28637
0.636003
0.933301
0.611998
2.36202
1.34477
1.46448
1.37866
0.767311
0.0804319
0.773717
0.798647
0.568482
1.15392
0.339557
0.7196
0.33004
1.03783
1.86422
0.5244
1.81838
3.81989
0.572076
1.61239
0.701496
1.33184
2.34471
0.950746
1.10302
1.22408
1.64333
1.15549
1.49959
1.78144
0.146696
0.136259
0.383762
0.723728
0.99857
0.925545
1.1596
0.759562
0.589805
0.849371
0.668212
1.03911
0.172652
0.875947
0.16845
0.371279
0.542124
0.528048
1.74097
1.0976
0.899356
0.65057
0.130627
0.842786
3.7081
0.570827
1.25632
1.0174
0.0477994
1.22019
0.287982
0.0809055
2.00985
3.7018
2.12574
1.12324
1.47563
0.977374
0.649212
0.908565
0.384673
0.378667
0.00629121
0.475649
0.479499
0.431153
0.308825
0.16329
0.609549
0.936156
1.70633
0.4815
1.37904
0.736037
0.448739
0.369838
0.548178
1.39404
0.977599
0.799447
0.996285
1.47579
1.19413
0.782014
0.340578
0.560853
1.31965
0.68994
0.877888
0.991495
0.315824
0.08892
2.3675
1.7776
0.103678
1.61681
1.77108
0.374968
1.41386
0.873177
0.780048
2.61057
0.0788504
0.909927
1.21644
1.78408
0.130153
0.847179
1.75694
1.27287
0.983186
1.01489
0.872353
0.300539
0.326759
0.970437
0.42936
0.764286
0.956312
1.70743
0.417333
2.7664
0.409345
0.980314
0.827378
1.68604
0.827157
0.0658443
0.662382
1.09417
1.40017
1.2907
0.875027
0.582392
0.347931
1.64508
0.768719
0.536073
1.56112
1.07044
0.707765
1.63837
0.998686
0.834721
1.82455
0.484167
1.24413
0.429753
1.11172
0.465503
2.31386
0.527757
0.972805
0.562572
0.785102
0.924479
0.0523708
1.13449
0.287768
1.36772
1.35349
1.30235
0.301114
1.73353
0.555319
0.809887
1.19507
4.85265
2.05189
2.35577
0.921601
1.28676
0.422134
0.65128
1.28992
1.53292
0.322174
0.248753
0.714151
1.23286
0.119115
0.808471
0.282867
0.980687
1.11571
0.130555
0.477304
0.564634
0.560254
1.10791
0.0661567
0.94345
0.359396
0.438877
0.34276
0.448287
1.99458
1.28914
0.193984
2.27966
0.434462
0.643416
0.590793
0.651374
2.89023
1.32861
0.492216
0.626937
0.702851
0.635503
0.149422
0.273918
0.641072
0.848989
1.21026
0.997576
0.534388
0.361112
0.800123
2.41053
0.454196
3.65412
1.21373
0.740724
1.28208
0.397751
1.85173
0.798035
1.25638
0.633212
1.74653
1.32301
0.659759
1.02192
0.939609
0.514745
1.0912
0.990221
0.439436
1.2165
0.272353
0.523249
0.138847
0.489346
0.409852
0.743487
0.828012
0.746069
1.76415
3.60081
1.6139
0.572301
0.30237
0.542255
2.9767
0.364226
2.63018
0.782236
0.353773
1.95337
1.03041
2.30956
0.627893
3.13565
1.27357
1.56657
2.40084
1.68757
0.372601
0.210695
1.7061
0.242196
0.664162
0.778298
1.13078
2.56053
0.369978
1.00064
0.570046
1.01291
0.436519
1.45715
0.647773
0.675759
0.154966
2.56556
0.279786
0.774706
1.40733
1.08535
0.851673
1.49026
2.21821
0.14877
1.62856
0.195248
0.549139
0.2799
1.08884
0.858701
2.45626
0.918689
2.32092
0.530633
0.575422
0.346859
1.09007
0.843878
1.92176
3.01589
0.690321
0.917962
1.02871
0.547083
0.636533
0.988305
1.03007
2.24191
0.149705
3.44774
1.5146
1.71593
2.75214
0.129436
0.289545
0.225498
1.14371
0.594806
1.37689
0.945399
0.358065
1.68596
1.05497
0.864877
0.222717
1.32096
0.882256
0.0495951
1.53429
2.00524
0.390558
0.61365
1.16929
0.785158
1.52096
0.770911
0.529974
0.252423
0.626866
0.914313
2.33445
2.42061
1.27102
0.885669
0.465716
1.27787
1.20176
1.87667
0.0799064
0.509227
0.751273
0.534636
1.74493
2.32393
0.126555
0.350648
0.235987
2.05271
0.37861
3.24353
2.40863
0.898644
0.569033
0.532098
0.400145
0.680593
0.901796
0.0967687
0.77983
1.42963
1.14547
1.54172
0.284841
2.56188
0.543126
0.366085
0.32226
0.276485
0.153346
1.36929
1.23208
0.737242
2.48166
0.870265
1.03696
2.47342
0.893956
0.318335
1.42968
1.83972
0.434207
0.901763
0.160532
0.803553
1.74394
0.532677
0.452934
0.986928
1.44084
1.10105
0.071073
0.979848
2.36894
0.929413
0.938045
0.50821
0.716166
0.623874
2.32959
1.37037
0.232394
1.85351
1.14093
0.838926
3.04868
0.298215
0.578196
1.08795
1.33326
0.847017
1.03609
0.454224
1.13044
0.427566
0.894771
0.762413
0.264966
0.639263
0.477639
0.504964
0.657619
0.224794
1.56615
1.0714
0.301616
1.03237
2.01442
1.95494
0.406668
0.585073
1.14109
1.20957
0.452564
0.445952
1.2996
0.840378
0.984355
0.0582097
0.543362
0.955854
2.20648
0.614766
0.634306
0.951586
0.406169
1.43153
0.683668
0.182888
1.79031
0.703408
0.193195
0.393969
0.689621
0.489022
0.806717
0.752313
0.229361
1.42459
0.623412
1.53012
0.552935
0.501484
0.0327779
0.30708
3.62753
3.5127
0.130984
1.61498
0.767684
2.1219
0.339356
1.36123
0.916847
0.27048
0.368134
0.338192
3.01744
1.27934
0.992031
3.52647
0.380027
1.82814
0.795962
1.14966
0.854219
0.711696
1.09725
0.537533
0.671118
0.602181
0.941088
0.439368
0.672694
1.51716
0.50256
1.8507
0.672385
0.219375
1.43793
2.22516
2.07247
0.929502
1.14927
0.530855
0.702722
0.198566
0.540273
1.08678
0.820918
0.214346
1.33575
2.25526
0.177057
1.15753
2.44368
0.697571
0.507547
1.80334
1.30335
1.50254
1.56615
0.491743
1.54044
1.29122
1.76821
1.93163
2.38804
1.38276
0.470534
1.21492
0.554929
0.660206
0.524593
1.09754
1.32887
0.266118
0.623609
2.47342
0.507407
0.204798
2.88741
1.3361
0.29267
1.68028
2.94285
1.25094
0.949773
0.681265
1.98475
1.67328
0.407191
0.190804
1.12774
1.11089
0.78608
0.964219
0.764221
1.09132
1.60892
1.50898
1.90395
0.351538
1.5773
2.13315
0.700823
1.02392
1.47448
0.829605
1.59197
1.21171
0.775747
0.568019
0.428555
1.09009
0.725877
0.698243
0.654438
1.25432
0.599347
0.46786
1.02071
1.25089
0.626015
0.916054
1.00285
2.25246
0.612669
1.73701
1.30414
2.8744
0.582169
2.32598
0.500835
0.412504
0.80828
0.332107
1.78586
1.42148
0.233174
0.507484
1.2272
0.660512
0.502018
0.435121
0.408884
1.67011
0.565801
0.956002
0.625701
0.625267
1.04564
1.96191
0.958523
0.207335
0.749942
0.65985
0.455757
0.557735
1.74633
0.449562
1.06724
3.10813
0.479521
0.861065
1.8088
0.514291
0.235329
0.394349
0.436339
1.31535
0.583883
1.96651
2.80597
1.17019
1.73339
1.07931
0.272227
1.85698
1.71258
2.25841
0.60064
0.459596
3.66124
0.680637
0.260163
0.788693
2.37268
1.88502
0.933531
0.267315
0.763935
1.6311
2.13541
1.81433
2.07268
0.547252
0.997069
2.59118
0.97243
0.152631
0.876129
0.534715
0.786539
0.933016
0.429321
1.9347
0.924945
1.45959
0.073164
2.43292
0.791648
1.17242
2.10641
0.245105
2.39338
0.853947
0.385602
0.444382
0.893943
0.327265
0.195601
1.29326
0.66666
1.24982
1.45942
0.453298
0.498258
1.5559
0.764301
1.3695
0.942915
0.196653
0.281123
1.04853
2.74618
1.0259
0.437914
1.82651
1.33592
2.64938
0.458551
1.25905
0.530069
0.952776
0.768185
1.83932
0.193819
0.922931
0.476121
0.267882
0.62985
0.605214
1.1612
2.29183
0.32598
0.824474
3.47032
1.4201
1.2663
1.21893
2.29225
0.119426
1.9601
1.11979
1.14839
1.26484
0.232106
0.393198
0.49921
0.281769
0.824535
0.386886
2.13273
0.163342
1.94588
0.223395
1.74568
0.62761
0.680259
1.36734
1.91677
1.15433
0.679183
0.597306
0.467833
0.149402
0.252471
1.73736
0.631456
0.59931
0.406551
0.798645
1.62279
0.306451
0.758879
1.67927
0.429374
0.812145
0.561911
0.295316
0.396082
0.722883
0.526325
0.0577843
1.30324
0.372189
1.78826
0.247967
1.58143
0.758737
1.03633
0.53078
1.7223
1.5421
0.531054
0.76374
1.82894
0.0936665
0.464098
0.572255
1.66004
0.554184
1.52893
0.85109
1.75803
0.69114
1.65899
1.24235
0.83907
0.160076
2.74682
1.10643
0.175658
0.416082
1.16416
0.823394
0.154707
1.0959
0.88497
0.825017
1.40567
1.16359
0.823445
0.331268
0.516448
0.835693
1.48725
1.95406
1.88847
0.275806
0.218032
0.645791
2.62157
0.889726
0.475362
1.25863
0.88731
0.885263
0.861395
0.554952
0.216853
0.246956
0.806255
1.72102
0.791783
1.41316
0.942183
0.337816
0.36781
0.437966
1.5072
1.21209
0.142686
0.297585
1.56436
1.48731
1.20127
0.604374
2.85995
0.681652
0.150079
0.181069
1.09402
1.50563
0.632781
0.9047
0.80004
1.59441
0.999987
1.14866
1.2464
0.11307
0.87259
1.0742
1.59606
0.930023
0.566875
1.35689
0.64951
0.337866
0.350289
0.381735
0.602457
1.68154
1.31095
0.483566
0.439979
1.41754
2.00458
0.830318
0.684138
0.807383
0.717045
0.241812
0.388919
0.018137
2.81336
0.591671
1.57133
1.55203
0.997005
0.786785
0.79493
0.889609
0.267619
0.585866
0.780943
0.124166
0.320986
0.126976
1.0726
0.831416
0.592593
1.24866
1.0752
0.510849
0.35775
0.892326
2.08441
2.82307
0.351726
3.305
0.196773
0.137794
0.717075
0.621703
0.37917
0.212338
1.27311
0.234273
0.76888
0.524083
1.43395
1.59368
0.619301
1.11792
2.34749
0.253582
1.22658
0.304143
0.156137
0.815979
0.95405
1.08161
0.795764
0.471177
0.935041
0.535913
0.700514
1.14683
0.763181
0.647867
0.931363
1.63234
1.40444
0.527531
0.83667
1.43478
0.736202
2.41441
0.856834
1.34551
0.674668
1.35746
0.570624
0.419561
1.63693
1.09978
1.02966
0.770528
0.542393
1.56466
1.07965
0.627759
0.596383
1.32286
1.13377
2.34443
1.57027
0.210439
0.303756
1.20553
2.34392
1.9543
1.13123
1.42716
0.989914
0.758925
1.60666
0.913634
0.523273
0.404506
0.232713
0.950361
0.527462
0.528106
0.66792
0.509753
1.85439
0.790158
2.76561
0.663627
0.534613
0.565558
0.468058
0.766652
0.992021
0.865617
0.771781
0.305122
0.602931
0.741381
1.54077
0.121342
0.157855
0.849057
0.13527
0.480521
0.751707
2.27215
0.911779
0.152736
0.158945
2.75331
0.141902
0.60129
0.280747
0.38802
0.789563
1.39611
0.961564
1.05555
0.964046
0.627466
1.1168
1.3526
0.236729
1.35711
0.610083
0.938851
1.90594
3.13999
1.4046
0.367468
0.561282
0.51586
1.26387
1.47357
1.49305
0.312174
0.353213
0.215663
1.94903
0.379488
0.658499
0.424311
0.550536
0.369103
2.65847
0.325141
0.646302
2.0788
0.287287
0.487336
0.572249
0.636494
0.62952
1.12244
1.85221
0.325794
0.472826
0.598846
1.86742
0.0847189
1.37126
1.46228
0.102247
0.729562
0.251332
2.01556
1.26414
4.00728
0.941425
1.31528
0.652514
1.87488
0.906735
1.7057
1.76132
0.702434
0.485196
1.44037
1.05239
0.359142
0.659262
1.37668
0.144218
1.88243
1.70684
1.14498
1.12876
0.136766
1.94028
0.649192
0.74946
0.870506
1.20514
0.712494
0.191972
1.45933
0.927898
0.474394
1.13525
0.487677
0.888667
0.176386
1.62286
0.738368
0.954233
0.117363
0.779951
0.263213
1.56005
0.93085
0.191028
0.416261
1.77292
0.294708
1.00108
0.474203
0.401917
0.563238
1.50633
0.527813
0.297754
0.563668
0.88021
0.718359
0.109675
0.505622
0.352389
2.79602
0.318606
1.14688
2.96532
0.738302
1.65054
0.448143
1.26184
1.36494
0.311094
0.147507
0.209033
0.990698
0.710027
1.05812
0.765247
0.921519
0.391853
0.498816
0.917005
0.887691
1.07051
0.601521
0.553487
0.211085
0.0504326
0.259084
0.386099
2.93847
0.805742
1.98331
1.53388
0.142084
1.67941
1.70102
1.557
1.18067
0.0944741
1.58416
0.396258
1.39971
0.503649
1.07192
0.128761
0.675055
1.25777
0.799799
0.155822
0.588244
0.109262
1.18012
0.86249
0.766994
1.20157
0.388934
0.3264
0.948549
5.00979
0.420055
1.07444
1.69731
1.03913
0.328839
0.149646
0.38462
0.406956
1.03747
1.90924
0.725472
1.84698
1.07643
1.33169
0.271808
0.623596
1.27836
0.268956
0.513661
0.829701
0.917172
0.901753
0.320391
0.798065
0.177575
1.46679
0.320798
1.04624
0.120346
0.487856
1.32292
0.892705
0.154646
0.620506
0.817358
0.448252
3.02147
0.799697
1.15137
0.962709
1.27669
1.77783
0.288513
2.94545
0.656525
1.02077
1.31463
0.72858
1.25601
1.16083
1.48418
1.59098
1.36009
0.921706
1.84978
0.387444
0.323716
0.756599
1.4519
0.423603
0.571457
0.376906
0.759059
1.58543
0.321377
0.536153
0.612933
1.65418
0.282218
1.47296
0.48129
1.83023
2.12196
1.76585
0.911062
0.312816
1.0354
0.289625
0.953178
0.812283
2.92369
0.720117
1.12141
1.92152
0.122631
0.465699
1.89768
0.631004
1.57671
1.37392
0.577951
0.888816
0.898816
0.899498
1.39566
0.754576
0.911982
0.640641
1.77712
0.361464
1.56608
1.13426
0.0474376
0.523054
0.0331817
1.24509
1.42829
0.671502
0.437487
1.37494
0.156923
0.55109
0.192152
0.655515
0.731684
1.31331
0.260767
0.482448
0.669586
0.78591
1.14043
1.76593
2.53328
0.731425
0.451851
0.46824
0.271108
2.2636
0.475852
0.188245
0.832567
1.21366
0.723006
1.11414
0.877852
1.98801
1.28061
1.32376
2.42598
0.562016
1.37939
0.998695
0.047429
1.73484
1.18115
0.355775
0.792861
0.390427
1.72934
0.72628
0.308874
0.487421
0.578335
2.25539
0.165636
0.950806
2.17242
0.297502
0.301106
1.90554
0.885656
1.1522
0.914027
1.05787
0.258965
1.00052
0.773911
1.92308
0.911145
4.04154
0.619633
0.942132
2.14399
0.551749
1.06844
1.74966
0.115802
1.16631
1.43004
1.37265
0.339408
0.562277
0.992333
0.916524
1.63177
1.04227
0.34054
0.969069
1.23996
0.959455
1.51135
0.511991
1.62411
0.376118
1.38284
0.236063
0.977414
0.744628
2.10714
0.3621
1.61701
1.081
2.12314
0.741604
0.361774
1.30428
0.863246
0.802462
1.75442
0.888684
0.877661
1.61736
0.771838
0.973037
0.644225
1.95798
0.205185
1.95877
1.16515
0.160735
0.0498665
1.17023
0.305255
0.781561
0.194394
2.61935
1.68826
0.134225
0.930286
1.86943
1.48494
0.504921
1.69439
0.852703
1.84106
0.355278
1.0557
0.442196
0.959349
1.07918
1.48822
1.39524
0.153639
1.36052
1.43287
1.82719
1.21222
2.51064
0.611363
0.701594
0.923574
0.93111
0.885743
0.441061
1.04821
0.526258
0.273741
0.433467
0.730905
1.46231
0.845869
1.40809
1.20435
1.12182
1.08795
0.586974
1.40226
0.41769
1.09373
0.907454
1.01253
1.33427
0.495635
0.612609
1.17112
0.1149
0.659965
0.291747
1.16086
1.71465
0.580463
3.6751
0.279261
0.714056
0.828426
0.275582
1.38405
0.644483
0.923137
0.37835
1.32092
0.45686
0.217964
0.360498
3.79707
3.48965
0.100473
1.72647
0.993453
1.6638
3.39003
0.955901
1.10307
0.85959
0.858147
1.43609
1.0158
0.566451
1.05492
0.8542
0.340169
0.25324
0.201478
0.984019
0.351483
0.881936
0.278807
0.948211
0.512041
0.777258
0.278252
0.447958
0.424003
1.15293
0.44139
0.368811
0.504087
0.684037
1.56384
0.713528
0.589112
1.55457
0.812897
0.885705
0.596238
0.657747
1.47627
1.22162
0.313255
0.626115
0.11505
0.280444
1.72612
0.669513
1.21489
1.27143
1.55011
0.328412
0.583274
0.62524
1.0223
0.53665
0.469213
1.38552
2.30066
0.577365
0.223862
0.307303
0.562725
0.497618
0.556939
0.509219
0.582921
1.58409
0.548923
0.711182
0.606352
2.96445
1.00049
2.15817
0.456671
1.43078
0.41017
0.953821
0.249034
0.673747
1.1225
1.67452
0.717774
0.377548
0.860786
0.92169
0.362901
0.754597
1.00483
2.00852
0.945318
1.0485
0.54381
1.97696
0.600872
3.22997
1.15474
0.310437
0.94044
0.597449
0.147837
2.64958
0.533347
0.15761
2.52933
1.52862
0.141112
0.122755
0.340529
0.29665
0.140271
1.06856
1.13181
1.52597
0.397977
4.20774
0.893188
0.773839
2.24539
0.239617
1.06224
2.20663
0.527566
1.81574
0.204147
0.859146
0.471693
0.108201
1.99034
0.645488
0.354887
2.56815
0.323601
2.59776
0.238564
1.27172
0.217459
1.33262
1.23489
2.34007
0.231476
1.93433
1.8749
0.277092
0.3672
0.682129
0.289206
0.560365
0.517496
1.01127
1.22879
0.175735
0.528557
0.512318
0.593287
1.11612
2.1014
0.128411
1.16845
1.33819
1.4816
0.566693
1.48963
2.34772
1.42035
1.34441
0.319924
2.97031
0.803186
0.724883
1.56331
1.06926
0.595145
0.600758
0.466676
0.37961
0.660272
1.87528
0.910995
0.110131
1.44919
1.27666
1.3251
0.974233
1.41863
1.34818
1.16163
0.488828
1.31994
0.276071
0.639746
0.80202
0.440952
0.251892
0.227301
0.262076
2.03252
2.00854
0.879898
0.812868
2.09504
1.57629
0.838875
0.444263
0.824632
1.04693
0.32561
1.68073
0.851034
1.62034
0.497357
0.339649
0.413946
0.445506
0.76015
1.12609
1.86593
2.23392
0.630166
1.196
0.186567
0.412592
0.576416
0.205402
1.75615
0.516633
1.1831
1.93554
2.11231
0.901113
0.72323
1.9203
2.82929
0.738432
0.829844
1.3954
0.0798393
1.01782
1.35117
0.80364
1.28534
0.33938
0.776803
0.520709
0.588748
0.576858
0.219642
1.78266
1.46297
3.36687
1.02636
1.07224
0.288679
2.16163
1.9684
1.86762
0.369058
1.25082
0.822172
1.10697
1.93817
0.137563
0.599073
0.428592
0.518504
0.720245
0.903972
1.97376
0.475815
1.42353
1.03455
1.25149
1.13641
0.718612
0.591379
2.04
0.0810826
0.816578
1.52099
0.512078
1.31741
1.24167
1.43509
1.25198
1.2755
0.299851
2.14815
0.203905
0.384651
0.383413
0.967138
0.85043
1.41711
1.0108
0.638997
0.53114
2.17846
1.82961
0.954786
1.19603
0.880688
1.42663
0.94907
0.0338912
2.11796
0.611491
0.712331
0.312537
0.407669
0.278205
0.278091
0.694909
0.412729
0.639905
0.718718
0.915697
0.182607
0.736436
0.186048
1.03407
0.811502
0.610325
0.604755
1.10448
2.64045
0.964741
0.557017
2.47542
0.492151
0.892481
1.93409
0.956733
0.750779
2.5087
0.929983
1.06556
0.555848
0.318876
0.42533
0.80634
1.17717
1.50239
1.66709
0.528015
1.07907
0.369536
0.854669
1.38593
2.1387
2.67936
0.451676
1.13904
1.13354
0.85169
2.13572
2.55052
1.08612
0.472629
1.44937
1.5135
2.67196
1.12513
0.771677
0.258214
0.349013
2.81271
1.51678
0.948886
1.03134
0.454687
0.840398
0.36176
0.224535
0.660565
1.06469
1.12471
0.817844
2.09074
0.259086
0.551038
1.48802
1.08703
1.69633
1.01087
1.37656
0.704
1.64212
2.15729
1.29221
0.857118
1.12567
3.09687
1.8875
2.43288
0.333913
0.628351
0.520942
0.305227
2.37064
0.697281
0.619512
1.16642
0.70568
1.63746
0.215616
0.151635
1.35917
0.870213
0.351745
0.842873
0.159528
1.77181
0.22172
0.436223
1.18682
0.675579
0.955265
0.282324
2.1763
0.0882337
0.529824
1.00004
0.0373929
2.05425
0.650982
0.563127
2.79367
2.27296
0.720817
0.799415
1.48826
0.448349
1.2743
1.54381
1.40488
0.960064
1.33319
0.444461
0.554627
1.63416
0.536944
1.30465
0.22301
0.430286
2.17564
1.60331
1.25366
1.49935
0.892592
2.38266
0.466171
0.300022
1.53271
1.08303
0.533954
1.14547
1.5312
0.646745
0.234576
0.313158
0.0568616
0.725079
0.201296
0.460948
0.426546
0.407447
1.03768
0.576172
0.530837
0.618765
1.11798
0.949357
1.19881
1.55385
0.357118
1.3884
0.964
3.39193
1.67768
0.707979
0.823818
1.3251
2.1769
0.513377
2.11576
1.17462
0.401553
0.421492
1.10984
1.10381
0.745248
1.03738
0.291965
0.972848
1.64279
0.141549
0.267534
0.149204
1.96996
0.76924
2.85142
0.216608
1.24137
1.24718
1.19024
0.809442
1.05298
1.29486
0.656636
1.04875
1.28923
0.799363
0.311883
0.575085
0.284721
0.566925
1.55136
0.685221
0.326
0.632533
0.728009
0.373148
0.387842
2.48703
0.431721
0.856037
0.365252
0.741837
1.27639
0.436532
1.12931
0.467226
0.839894
1.05587
2.68221
0.126381
1.06407
3.78371
0.381564
0.862778
0.54303
2.99236
1.23462
0.0146324
1.20938
0.908024
4.22809
0.929869
2.4421
0.475348
0.948119
2.23854
1.40768
2.32626
0.699013
0.600019
1.67376
1.00831
1.04793
1.15354
0.947935
1.31014
0.559452
3.01552
0.508307
0.782019
2.30123
0.5489
0.569248
0.345142
0.952575
1.64753
1.5902
0.125714
1.66351
0.529885
0.937031
1.20043
0.290395
1.32315
0.501836
1.12001
1.23996
1.29535
1.11301
0.486997
0.405184
0.729808
1.08961
2.10593
1.24781
0.958463
2.20638
1.04162
0.306658
1.85636
0.933716
0.337911
0.430934
2.78138
0.553026
0.60346
1.30845
0.155078
1.55298
2.23755
0.84025
0.868744
0.985117
0.972778
1.18036
0.592049
0.443629
0.5945
1.10879
0.156378
1.00675
0.558253
0.242463
0.873495
0.157983
0.990454
1.77082
0.235259
1.96006
1.56271
0.536699
0.965424
0.67686
1.00461
0.184045
2.62502
0.243721
0.857452
0.0431559
0.646931
0.422583
3.42701
0.499593
1.20797
1.39356
0.777633
2.86598
0.740264
0.283994
1.94481
0.669174
1.10063
0.542803
2.86389
0.106979
2.6343
1.55986
0.228147
0.715508
0.478898
0.494829
0.378513
0.430226
1.62913
0.634829
0.584135
1.10883
1.02713
0.998652
0.861136
0.387613
0.775955
1.0426
0.634456
1.17151
0.271431
0.309454
1.76715
0.19806
0.764937
0.458708
1.2344
0.551052
0.601013
1.32097
0.890797
0.660751
1.20819
1.71377
1.08326
0.584918
0.627193
1.68165
0.496645
0.863378
0.276159
0.100667
0.252763
0.491193
1.74411
2.64278
0.557295
2.56508
0.722029
0.651302
1.46301
1.12315
2.81137
0.549038
0.102758
1.21759
0.440101
1.76383
0.43079
0.475032
0.954416
1.14335
0.961541
1.1111
2.13891
0.625795
0.732213
1.62699
0.0698085
1.48603
0.975072
1.01024
2.82563
1.65939
1.20037
1.37394
1.66292
0.354258
0.0965523
1.40206
1.40027
0.746046
0.505741
1.52774
0.046553
0.46188
0.466405
0.933248
0.866795
0.843583
0.812961
0.659189
0.212809
1.00361
0.311844
0.160853
0.234493
0.916351
0.804933
1.15233
0.715172
0.252374
0.65236
0.539384
0.617782
0.874788
1.23897
1.35331
0.476357
0.540347
0.279495
0.893463
1.36104
1.17392
0.445076
0.157455
0.147668
1.05457
1.2372
2.29829
0.234342
1.27879
0.0571715
0.638566
0.350385
0.871049
0.157404
2.45129
1.81224
0.324213
1.15013
1.27283
0.449812
0.468648
0.388286
0.830044
0.724182
0.677197
0.281006
0.245143
1.55012
0.307515
0.304252
0.693216
0.943792
0.492186
0.275368
0.621077
1.56269
0.548025
3.27949
1.40141
1.21319
0.736687
1.47069
0.912517
0.3626
1.04292
1.27244
0.268297
2.25141
0.0781985
0.652895
0.792226
0.8915
0.807196
1.0226
0.343527
0.380265
0.567948
0.791655
1.41974
1.03972
1.11096
0.552879
1.51831
1.24566
1.09983
0.997508
0.587266
0.283765
3.3192
1.44015
1.04612
2.10329
1.53549
1.75855
1.05913
1.06798
1.17255
0.606423
0.547847
1.38158
1.49529
0.606148
0.178965
0.536206
0.474027
0.687311
0.679555
0.501655
0.699266
1.15472
0.525666
3.90207
0.491563
2.22502
1.08856
1.07998
0.115175
0.628641
0.852727
0.96188
0.887593
1.54096
2.85606
0.714548
0.418544
0.876763
1.04129
1.36442
0.242871
0.236329
0.228821
0.157948
0.575658
0.137309
1.08903
0.627361
0.890664
0.943185
0.179627
1.55929
0.611983
0.407404
0.0386515
0.339528
2.38432
0.51175
1.32324
0.269493
1.47164
1.2806
1.60095
0.674173
0.719197
0.150931
1.06329
1.06286
0.133568
2.26954
0.649455
1.0943
0.49196
1.56839
0.346385
0.418072
0.514838
1.19019
0.586465
0.5189
0.564826
2.07082
0.147258
0.903743
1.37168
2.4434
0.955623
0.0168448
0.196582
0.37438
0.904016
0.301099
0.67605
1.15569
0.84795
4.70802
1.18816
1.81729
0.120391
2.7236
0.516324
0.811515
1.20794
0.306771
1.36733
0.704202
1.69793
0.221099
0.861782
0.400745
0.933128
1.10175
2.69431
0.828723
1.19591
0.9337
1.06098
0.695341
0.646173
0.247078
1.29234
2.10735
0.610832
2.43097
1.70367
0.210881
1.38027
0.587146
0.84719
0.492873
2.43762
0.638877
0.891128
2.18876
0.17017
0.24468
1.06614
0.96101
0.417155
1.39769
0.888908
1.5792
1.39018
0.796488
0.96905
1.49431
0.326057
0.78648
0.924982
0.957354
0.779337
0.97785
3.24023
1.11059
0.052143
1.10983
0.683777
0.312004
0.298906
0.0772701
0.471258
2.16346
0.400558
0.258854
1.0154
1.56894
1.67713
0.52128
0.676843
0.209762
0.957134
0.645318
2.10734
0.713989
0.58255
0.665728
0.520901
1.37855
0.991206
0.574737
0.636627
1.24946
0.479574
0.308711
1.11516
1.34747
1.05638
0.754537
1.51336
0.903071
1.1208
0.123339
0.895404
1.74881
0.846994
0.258052
5.57555
2.54577
1.22939
0.245505
0.295073
0.935943
1.42038
0.169181
0.264122
0.507515
2.51961
1.65838
1.91111
2.22215
0.296365
1.70965
1.13843
1.28224
0.467912
1.49981
2.03276
0.280396
0.256039
0.995158
0.896551
1.32276
0.838745
1.17877
1.48163
1.92324
0.964523
2.22095
1.99753
0.302826
1.19812
0.410503
0.617078
0.779343
1.0101
0.888524
1.48024
2.11499
2.0761
0.566854
1.04942
0.279598
0.359529
1.01863
2.77071
0.263007
0.513185
0.4611
2.47763
1.0454
0.83287
0.684953
2.23981
0.509276
0.680861
1.4409
1.19094
0.795568
1.13837
2.26776
0.0872233
0.632334
0.488248
0.434102
0.914792
1.41979
1.46649
0.244133
2.1523
0.192781
0.61575
0.63978
2.71152
0.461502
0.938384
0.722054
1.25225
0.513378
0.245704
0.492554
0.594208
1.08293
1.54889
1.97457
1.64014
2.28178
0.22396
0.942426
0.327317
1.80944
0.967097
0.263512
2.7408
2.45329
0.960946
1.1553
0.83938
0.592768
1.1004
2.01704
0.918632
0.78729
0.788427
1.59825
0.815563
1.18102
3.19896
0.50198
0.391024
0.75779
0.681178
1.38657
1.28427
0.601591
0.934121
0.72155
0.90727
1.57409
0.152014
0.544196
0.525332
0.527342
2.19475
0.28177
0.910235
0.764787
2.59456
0.830409
0.286154
1.00793
0.999327
1.96922
0.889665
1.42561
2.11048
0.138566
0.321553
1.12776
1.95925
1.45812
0.734129
1.36492
1.72382
0.640359
1.52784
0.789432
0.0500341
0.440585
1.20965
0.0994643
1.46472
0.844498
0.680261
0.866301
0.793115
0.292385
2.84486
1.39482
0.622061
1.49574
0.141221
1.47547
0.154161
1.05859
1.99022
0.72926
1.37506
1.60483
2.16308
0.815037
1.10931
2.28089
0.509869
0.188165
1.32744
1.37561
1.35827
0.740792
0.537583
0.329512
0.493758
1.12283
0.481411
3.67231
2.50228
0.530673
1.42035
1.84796
0.963391
0.787591
0.974126
0.401665
0.847834
1.18555
1.40564
1.53605
1.16474
0.60383
0.524072
0.5245
2.32446
0.673343
0.560381
0.748389
0.603968
0.502769
0.98445
2.70257
0.404072
0.0485207
0.710345
0.366208
0.26784
0.0895432
1.69364
0.958435
0.787384
0.505592
1.93586
0.116216
0.904263
1.02522
0.887155
0.921942
2.28389
2.43133
1.07359
0.137493
0.701544
0.729363
0.489845
0.618489
0.802428
0.99447
1.73929
0.222753
0.462921
0.39977
0.0848841
0.205072
2.44605
0.782926
1.31146
0.779368
0.527539
0.666247
0.982348
1.23674
0.650091
0.768585
0.282067
0.154353
0.234865
0.661755
1.10838
0.348468
0.299558
1.2416
0.0570181
0.956575
2.79667
1.25834
0.4878
1.68962
0.748631
0.50052
2.19745
2.81705
0.697609
0.737973
0.239853
0.779981
0.674826
1.83221
0.78758
0.891436
0.811772
0.999131
0.277153
1.66695
0.596169
0.0623822
0.916805
1.50125
1.13345
0.114017
0.569762
1.47119
2.92774
1.12539
0.55401
1.22289
0.448935
1.12943
0.538969
1.44125
1.29287
1.88403
1.11938
1.00253
1.84525
0.303226
1.01281
0.726741
0.958036
0.931136
0.393979
2.03627
3.08166
0.296631
0.471855
1.51651
1.5355
0.57224
0.121614
0.626155
1.91952
0.0976237
0.181602
1.5381
2.86458
1.81014
0.731198
0.242373
0.292076
3.18748
1.08958
1.18878
2.30073
0.705289
0.589921
0.511818
0.456026
0.871559
0.382242
0.301262
2.81618
0.599904
1.27887
0.662909
0.462007
2.59645
1.46268
4.09592
0.304597
0.596103
0.679697
0.500344
1.07718
1.12087
0.620731
0.0920439
0.277829
0.343836
0.486184
1.57051
1.15402
0.238816
0.854751
1.25877
0.510492
0.358852
0.911092
2.95774
1.70437
0.485958
0.509356
0.403925
0.369677
0.522226
0.447155
0.74031
0.789214
0.837878
0.757485
1.12514
0.966133
0.340165
0.181273
0.489454
0.534506
1.70958
0.691661
0.275836
0.780968
1.85539
0.883407
0.709251
0.777449
0.211903
1.68491
0.927905
1.53809
1.60326
0.911937
0.59158
0.678149
2.12947
0.921991
1.01838
0.36954
2.14109
0.945073
0.242695
0.186417
1.11859
0.825293
0.103874
0.253781
1.88078
2.30879
0.35701
2.2951
2.88855
0.473926
1.83547
1.66492
0.678861
0.608028
1.19384
1.70348
0.265804
0.496006
0.71077
1.83798
0.044821
1.23003
1.27053
1.24369
2.45811
1.3204
0.0433194
0.412273
1.27411
0.658963
1.20921
0.335843
0.331101
1.25537
2.21194
1.07393
1.23554
2.32544
0.832309
0.240616
0.400882
1.29112
3.31262
1.19219
2.22026
0.634171
2.87039
0.414224
0.508036
1.51011
0.745258
1.01334
0.253535
0.857909
0.19106
1.89155
0.718268
1.56162
1.60089
1.72322
1.64743
0.381223
1.10589
1.29193
0.475543
1.18103
0.333295
0.379161
0.743031
0.409405
0.21237
0.693788
0.696874
1.52622
0.482197
1.05564
0.906119
1.21049
0.334831
1.41822
1.76013
0.534048
0.570554
2.25823
0.60901
0.75537
0.433052
0.730499
0.434637
0.620305
0.699623
0.357039
2.33861
0.0795346
0.156428
1.80426
0.136295
0.094023
0.787812
0.539152
1.36468
1.31113
0.10583
0.750312
0.497146
0.221738
0.952696
2.57559
1.94532
0.604152
1.87298
0.749215
0.552132
1.26624
0.808848
1.30748
0.241789
1.39142
0.289841
1.16045
1.28716
0.970809
0.683507
0.746741
0.466545
0.600172
0.573349
0.955075
0.734277
0.629386
1.09427
1.55377
0.31606
0.617368
0.691571
0.547667
0.544673
0.52787
1.31844
0.58496
0.308713
1.29841
1.29923
0.52355
1.34842
0.400122
0.397823
0.718724
0.344053
0.766268
0.584436
2.97921
0.731916
0.55529
0.168268
0.819809
1.02254
1.0631
2.29401
0.818973
0.620842
0.215087
1.40215
0.507366
2.03764
0.0668172
2.17302
0.0152573
0.467749
0.262459
0.557504
1.48438
0.328409
0.0350429
0.0277727
0.297376
0.487508
0.425564
3.10913
0.496913
0.437335
1.57754
3.40382
2.17182
0.359418
1.16342
0.847688
3.7687
1.96761
0.341389
2.05323
0.634508
1.13324
1.47835
0.559598
0.723832
1.29212
0.690971
1.6909
0.221902
0.554675
0.676853
0.399415
1.04256
1.44363
0.142833
1.08759
0.361094
0.330499
1.20303
0.825036
0.434704
1.09201
1.13592
0.505525
0.825894
0.105192
0.999174
1.13348
1.71375
0.408485
1.26211
0.872267
0.401032
0.461117
2.1892
0.697451
0.143022
0.83276
0.287376
0.636969
1.65493
0.338811
0.415266
0.699248
0.681041
0.580503
0.463898
1.72305
1.32159
0.511823
2.60104
1.36991
0.638423
0.728575
0.530145
0.303651
1.04618
0.890517
1.07866
0.16322
1.43011
1.8629
1.09738
2.12975
0.61445
0.785665
3.49287
1.32445
1.16654
0.0774168
0.9324
0.771252
0.646334
1.37431
0.217666
1.32742
0.0588932
0.412608
0.262771
0.752874
0.180288
0.626988
0.724395
3.24187
0.71114
1.97977
0.840498
1.26289
0.151459
0.0446998
1.09757
1.81347
0.555886
0.502359
0.963435
0.66747
2.24637
0.647224
1.77467
1.29854
1.41169
1.30253
0.39095
0.775478
2.28036
0.324636
0.495373
0.900581
0.554462
1.35489
0.981514
1.12775
0.469232
1.08243
1.09028
2.07118
0.403354
1.46896
0.0600943
0.0535566
1.03042
2.05734
0.322902
1.11524
1.4537
0.465137
0.167884
1.53503
0.514654
2.66115
1.67254
0.923986
0.0753827
0.795161
1.43096
0.841517
1.30644
1.67602
1.19546
0.848687
0.225036
0.632874
5.05075
0.481043
0.30304
1.26124
1.5431
0.290187
0.835433
1.52577
1.55965
1.00585
0.873937
0.680349
0.647855
0.260471
0.946821
0.858553
0.236607
0.690181
0.330239
1.0904
0.143998
0.386628
0.207008
1.55864
0.717935
0.357278
0.19221
0.893849
0.48017
1.61795
1.28732
1.2943
0.630417
0.756995
2.73675
0.516017
0.409387
1.12406
0.161322
1.30988
1.92331
3.48075
0.204209
1.51152
0.844938
0.839531
0.843086
1.06152
2.77507
0.838886
0.312315
0.0473083
1.41689
2.01582
3.35948
1.76028
2.03448
2.19745
0.667347
0.498403
1.29947
1.34108
1.74945
0.358867
1.61998
0.823309
0.991385
0.445044
1.30053
1.36836
0.61008
3.13759
0.227346
0.274014
0.749227
0.572542
1.14497
0.594826
0.583915
0.503688
0.627946
0.0398493
1.97369
0.372626
0.7795
2.13149
0.967203
0.454051
0.626511
1.76586
1.08743
0.627415
0.423656
0.669621
0.678498
0.428594
1.81306
1.15189
0.277503
1.09235
0.359623
1.3746
0.400044
0.229797
2.29547
0.454887
0.807208
1.0971
0.522181
1.2153
0.138549
1.38471
0.188699
1.22727
0.457851
0.0954614
0.7022
0.677154
1.05384
1.86
0.970077
0.954918
1.15522
1.33723
0.549364
0.400319
1.56172
0.16218
0.678578
3.90511
0.506294
0.928386
2.10547
1.49258
1.45147
0.746079
0.977919
0.917061
1.53707
0.662034
1.86909
0.194457
2.24075
0.559837
1.40892
1.5535
1.61352
1.12548
1.01338
0.941128
0.919506
1.18373
1.24142
1.42704
1.12855
0.594224
0.547756
1.58498
2.49544
0.303735
0.355738
0.511336
0.453147
1.35559
0.245567
3.40443
2.14877
0.686021
0.566655
1.3153
1.62941
2.73709
0.695275
0.552789
1.44884
0.963803
0.672247
1.27687
0.778141
0.675862
0.729343
0.771562
1.41577
0.484445
0.346151
1.29381
0.888302
0.513701
1.28268
0.623193
0.220123
2.82883
0.445104
0.551968
0.98974
0.33187
0.77367
0.320666
0.953919
1.01636
1.32035
0.0673445
0.742945
0.167042
0.580802
1.01241
0.47015
0.620698
0.759665
1.90978
0.757943
1.93182
0.802272
1.65212
0.248188
1.12852
1.03732
0.812244
1.18074
0.0941148
0.299271
0.513089
0.532669
1.13477
0.698432
0.298475
0.274711
0.282331
3.01015
1.16157
0.43663
1.66152
2.05223
1.74602
0.585461
1.70229
0.388673
0.891552
2.52702
2.0828
0.477519
1.06414
1.02819
0.672755
3.80689
1.3118
2.20765
2.08836
2.68205
0.9738
0.316221
1.48576
1.2336
0.959116
1.79524
0.214001
0.295573
1.5881
0.444663
0.436829
0.650102
0.42812
1.87096
0.450216
0.616608
1.29262
1.29925
2.09786
0.476878
0.647547
0.540341
0.9846
0.575007
0.576193
1.03889
0.12969
0.386791
0.386233
0.884464
0.421132
1.0614
0.447292
2.68662
1.1018
0.0889458
0.867185
0.129887
0.668975
0.352633
0.572421
0.654628
0.647746
0.283345
0.79391
1.06332
1.62497
0.362453
0.631247
0.942668
2.29306
1.63542
0.185747
0.660743
1.65812
0.528749
1.02286
1.01369
1.32481
0.443724
2.1856
0.755956
0.568593
0.234988
0.261679
1.33801
0.665444
0.678807
0.132563
2.05819
0.666278
0.0765575
0.63481
1.82716
0.184008
1.19251
0.139116
0.100409
0.26312
0.37143
0.163588
1.37997
1.33867
1.28236
0.48927
0.213319
2.29464
0.73257
0.375192
1.86238
6.38958
0.524632
0.529045
2.19781
0.96719
0.420761
0.455486
0.180153
0.185876
1.4746
0.251519
1.54036
0.987743
1.01985
1.3322
0.0970584
1.11539
1.69646
0.380838
0.491089
0.998328
0.490128
0.342963
1.04217
1.45407
1.77808
1.65757
0.578137
2.03084
2.12395
1.16312
0.330754
1.11155
0.855335
0.188405
0.558679
0.443124
2.04873
0.547427
0.37659
0.897687
0.288996
0.703714
0.532578
2.0178
1.87665
0.235591
2.32368
0.802757
1.3451
1.2303
1.77837
1.07296
1.74096
0.798615
1.13755
0.533017
1.54612
0.83092
0.857909
0.454297
0.716545
1.01409
0.145606
0.0758099
4.71726
0.601857
0.502299
0.481827
3.21701
0.513341
0.493736
0.372555
1.8585
1.45207
1.06517
0.565824
0.932523
0.434848
0.880456
0.475447
2.03887
2.30782
1.60443
0.59348
1.27905
0.314217
0.267531
0.167948
0.508331
1.69971
0.170405
0.480382
0.405407
1.39276
0.176782
0.861987
0.286859
0.931781
0.41333
0.553331
1.31655
0.398887
1.67067
0.60247
0.557854
0.607158
1.03225
0.663038
1.07761
0.624935
0.436246
0.251514
1.14691
2.82639
0.931327
0.966707
1.51121
2.09195
0.466095
0.718021
2.59166
1.00713
0.866139
1.33191
0.48268
2.54554
0.769188
2.12377
0.161308
0.78555
0.0755845
0.623333
0.511175
1.09421
0.468724
0.728919
1.32469
1.48584
0.467907
0.714576
1.03456
1.08901
1.80856
0.958478
0.732722
1.44146
0.449413
1.97729
1.42566
1.08993
0.416504
1.00542
0.56012
1.83575
1.54173
1.50672
1.52295
1.30938
1.12888
0.330847
1.66207
1.25025
0.366588
1.62899
0.666664
0.892456
0.372071
0.960518
0.513202
1.33526
0.448871
0.919403
0.832869
0.598531
1.09106
1.19613
0.690839
0.843436
0.723728
0.617406
1.17749
1.40616
0.394641
1.10183
2.23817
0.696334
0.403143
0.92652
1.84949
0.814521
0.632549
1.27195
0.254877
0.290918
0.92944
0.749851
0.239418
1.1033
0.954016
0.543081
0.56008
1.51168
1.08703
1.13433
1.37159
0.389925
1.05802
1.52613
1.32569
1.0361
1.23578
0.426238
1.85057
0.90752
3.60844
0.736073
0.81921
0.351145
0.891395
0.307416
0.782683
1.25008
0.617184
0.225098
0.635043
1.5099
0.10044
0.206261
0.849787
0.492235
2.3843
0.732245
2.01878
0.686211
0.458973
0.285104
1.79572
1.28118
0.192029
1.56021
1.09972
1.21298
0.720594
0.253147
0.901379
1.57124
0.72795
1.02602
2.33988
0.727135
0.405159
0.782797
0.542222
1.31404
0.574942
1.46886
0.437882
0.0803772
0.391655
0.548531
0.234688
1.39355
1.13362
0.298121
0.532915
0.713409
0.974525
1.78652
3.56826
1.69361
0.340069
0.960374
0.483252
0.861157
0.0580563
0.317661
2.23843
1.50998
0.771251
0.999179
1.02727
0.57471
0.751506
2.6837
0.590516
0.474389
0.490496
0.664005
0.413605
1.99856
1.11468
0.967815
0.632387
0.948233
0.104097
0.779232
1.61774
0.374556
1.84885
1.20438
0.493448
0.578066
0.309578
2.34503
1.60301
1.35845
2.76206
0.340058
1.33262
0.801781
1.97507
0.524306
0.401143
1.92419
0.946639
2.42958
1.60474
1.19673
0.737098
1.50605
0.602501
0.032491
1.51191
1.65253
1.39009
1.59011
1.1213
0.550778
0.125686
0.958894
0.182739
1.66031
1.21613
2.06736
0.434767
1.0026
1.45725
0.709189
1.09876
0.85104
0.536099
0.440683
1.58717
0.193167
0.154537
1.38629
1.19016
0.724056
1.01292
2.20027
0.827245
0.275907
1.30374
0.739122
0.52443
2.0721
1.17432
0.136601
0.30079
1.08697
0.743284
0.263309
1.96295
0.743432
0.400303
1.04963
1.78988
0.542525
1.02785
0.957682
1.69987
0.580059
0.0532311
0.24162
0.59157
0.666771
1.94175
3.97589
0.443743
1.38736
1.35477
0.434957
0.270015
1.82273
1.92565
0.985341
0.859868
0.353794
0.60605
0.279597
1.97471
1.76344
0.178178
0.576421
1.07329
0.0905681
2.0235
0.184105
1.12439
1.84121
1.24805
1.12755
1.18234
1.39965
0.301887
1.16325
0.736902
0.86679
0.882426
0.86745
2.15452
1.09265
1.70557
1.45674
1.35632
1.17981
1.40959
1.43285
0.976035
0.748946
0.646674
0.476688
0.45303
1.47419
0.698866
2.72162
0.120601
1.09991
2.28074
0.467522
1.32328
0.823337
1.02694
1.62264
1.27853
0.369589
0.626694
0.487641
0.985517
1.64637
1.25344
0.612732
1.0216
0.528907
1.08128
1.51629
1.73751
0.70971
0.585855
1.76845
0.7606
1.12611
0.143642
0.4205
1.34427
0.978259
0.21382
0.378222
0.656077
0.962912
0.858865
1.722
0.421998
0.919361
0.57763
2.11001
0.475377
0.240937
0.874065
0.353718
0.528344
0.292683
0.0665447
0.436796
0.699713
0.437283
0.888735
0.983417
2.07325
0.158104
1.66636
0.250997
0.544719
0.499697
0.190768
0.737894
0.658767
0.0456965
0.282265
0.642174
2.45758
0.417183
0.402785
0.737748
0.899233
0.785796
0.788665
0.952477
0.967145
0.89983
1.54356
1.49974
1.10213
1.24613
1.374
0.781956
0.207714
0.168951
0.316217
1.88644
1.21967
0.0535261
0.141712
1.06017
2.05685
0.803212
0.914936
1.25585
0.757103
0.880128
0.340764
1.38128
0.423402
0.190303
2.28152
0.266238
0.116415
0.771343
1.87542
1.0988
0.0483103
0.253613
2.49328
0.463546
0.649629
0.470032
1.00025
0.296308
1.45548
1.72945
1.54217
0.585822
0.648833
0.388902
0.294406
0.963063
1.03827
0.203349
0.536672
0.428673
0.795633
2.67608
2.29436
0.478694
0.449251
0.359599
1.09069
0.573765
0.0839395
1.0856
2.01021
0.180203
0.126418
1.12242
0.608685
1.57584
0.98698
0.873225
0.539095
0.588709
0.110029
0.600395
3.6765
2.32947
0.49041
0.785312
1.22108
0.707481
0.664003
1.63183
0.208193
0.587868
0.20509
0.27064
0.223616
2.08423
2.20349
0.553207
0.518693
1.06192
1.79685
1.37507
0.276571
2.07778
0.383006
2.02732
3.37775
0.509164
1.62002
0.138488
0.713663
1.41192
1.40881
0.388284
1.28208
0.360987
0.110879
2.58378
0.86542
1.46656
0.272275
0.732018
0.310377
0.278224
0.760729
0.742482
0.591995
1.3082
0.331454
1.46783
0.319821
0.968802
0.611796
0.200848
1.5815
0.507521
0.492056
1.49003
0.215726
0.224352
2.97039
0.958191
0.507708
1.01296
1.6987
0.443745
0.266901
0.411614
1.52545
0.768801
1.78233
0.511754
0.728096
1.3722
0.555102
0.195065
3.52763
0.417157
1.28568
0.532901
0.583593
0.566509
0.204762
0.770959
1.61771
0.9003
0.698765
1.06344
0.535417
1.91833
0.505238
2.06735
0.477137
1.84954
0.414873
0.652305
0.856598
0.86993
0.55992
1.56789
2.27485
0.751512
0.981308
1.14448
0.109945
0.259021
1.56592
0.839653
0.68566
0.776115
0.218371
1.14571
3.09052
1.08964
1.61675
1.40659
0.810549
0.181983
0.532999
0.738156
0.428899
1.33619
0.305855
1.63654
0.54578
1.21011
0.56735
1.54889
1.03692
1.04574
0.36709
0.332304
1.71302
0.985382
0.588379
0.315528
1.0793
1.22824
0.126671
1.00779
1.47258
0.23559
0.764535
1.25018
0.489111
0.67422
0.252394
0.650142
1.07346
0.478388
0.428429
0.484205
1.26189
1.55778
0.664734
2.46178
2.30143
1.11786
0.738984
0.238316
1.25925
0.916948
1.08263
0.369561
0.424391
0.419405
1.36163
1.39136
0.640204
1.1904
0.687873
0.601697
1.96895
0.307913
2.90263
0.262754
1.85978
0.379033
0.191023
1.19413
0.221769
0.743498
0.287389
0.567501
0.73362
0.325034
0.0492144
0.717656
0.558089
0.398699
0.365598
0.166107
1.46548
0.259448
1.42073
0.792683
0.141562
1.36843
1.30361
0.852774
1.24362
0.972909
0.970168
1.03502
0.526637
0.141821
0.897601
1.34227
2.07587
0.51162
1.72513
2.00164
1.08786
1.3057
0.315455
0.544631
0.593495
2.30651
1.75135
0.724493
2.80908
1.99629
1.05624
0.464753
2.35903
0.823014
1.05935
0.832618
1.24802
0.14718
0.390631
0.792033
0.544979
0.0878041
0.586712
1.47945
1.40685
0.299752
2.2774
1.71576
1.05116
1.53027
1.36597
0.279055
0.750532
2.90159
2.68623
0.670136
2.53788
2.16077
1.85302
0.993772
0.798903
1.47749
2.46262
2.12685
1.45256
0.431001
1.01407
1.67922
0.488248
2.11771
0.0385522
0.90395
0.280846
0.848728
1.51626
0.0853829
0.302999
0.472485
2.08129
0.768472
1.16607
0.274412
0.945245
0.851341
0.184612
1.20056
0.435117
2.69093
0.537951
1.26712
0.969288
0.16884
0.377665
0.479954
0.399516
0.975419
1.83174
1.01102
2.45259
0.336672
2.28701
0.979331
1.62943
1.13603
1.25777
0.647621
1.96628
0.951281
0.309781
1.18899
0.601288
0.527523
1.65205
2.3305
1.76898
1.10404
1.31424
0.447092
1.27028
1.20787
0.277582
1.63986
0.568247
0.294628
0.885868
0.419036
0.553548
0.508267
0.813858
0.911914
0.633269
0.110213
1.48709
0.90869
0.896304
0.41032
1.0135
0.318773
2.5019
0.627166
0.49259
0.212701
1.65981
0.570879
0.960683
0.787992
0.712785
0.312694
0.546851
1.01044
0.194122
0.0211873
0.0525432
0.435647
0.460289
0.896716
2.3473
2.83661
2.80379
1.68334
3.23292
1.36989
2.53868
0.159646
2.14437
0.510219
0.704232
0.358669
0.226002
1.13403
0.794392
1.20285
0.37168
1.04881
0.557315
0.83438
1.35349
1.22155
0.417195
1.83522
1.23111
2.72975
1.51617
0.904278
0.721608
0.31577
0.428123
0.146019
1.09797
1.46951
0.889054
0.353518
0.331445
1.11313
1.28576
0.501318
2.67358
1.1475
2.64548
1.31891
1.14014
1.37798
0.704939
0.511817
1.30764
1.2077
5.11095
0.827042
1.05214
0.118326
1.4005
0.486712
1.43147
0.768299
1.98037
1.26747
0.0861483
0.810505
0.386936
1.31256
0.805914
0.733332
1.11444
0.490099
1.40367
1.23434
1.21619
2.84541
1.67311
0.730091
0.620583
1.50345
0.926551
1.79934
0.685043
0.845355
0.541423
0.380419
0.639907
0.124011
0.577279
1.24858
0.116826
1.90697
0.533799
1.25069
0.474822
0.518138
0.481612
0.497786
0.986512
0.521018
0.346242
0.500406
1.03697
1.53812
1.17892
0.163727
0.338026
0.326238
0.374778
2.56319
0.661043
0.968718
1.89785
2.63331
0.987866
3.74559
0.860755
0.7216
1.83123
0.504586
2.80216
1.04882
0.220047
2.26617
0.764385
1.77048
0.236856
0.94107
0.408285
1.55834
1.06402
0.717499
0.497895
0.474829
0.245123
0.589577
0.770041
0.386024
1.79668
1.08689
0.273319
0.53302
0.493367
0.456441
0.537075
0.265634
0.305627
0.906244
0.561902
1.39083
1.10403
0.599539
1.34811
0.821723
2.41594
0.38229
1.85026
0.297913
1.20519
1.96075
1.44703
0.208781
1.26209
1.47447
0.640594
1.63098
0.814495
0.580788
0.0691679
1.38471
1.03675
0.449597
1.73695
1.23661
0.388159
2.28447
1.19829
1.16773
0.344396
0.347495
0.543405
0.252745
1.04985
3.04346
0.239206
1.8347
0.774471
0.187727
0.871643
0.339592
1.75542
1.15631
0.362125
4.77362
1.55328
2.08372
0.624065
1.00373
0.387611
0.516119
1.22113
1.33844
1.18811
2.01864
0.759363
0.239661
0.637599
0.844265
2.44847
0.466895
3.66159
1.08923
1.31369
0.853066
0.997912
1.29579
0.287641
0.330449
0.912932
0.458346
1.23129
1.37202
1.48307
0.0623182
0.585153
0.876411
0.570358
0.864895
1.20828
1.15934
0.226573
0.752916
0.0727986
0.767455
1.20918
1.21688
1.19872
1.06414
1.27453
0.525419
2.1378
1.03259
0.902576
0.524827
1.86388
0.30999
0.22283
2.30215
0.309844
0.318135
0.295436
0.498728
0.677483
2.15031
0.164675
1.25556
1.27275
1.04615
0.803572
0.649764
1.17916
1.07928
0.44058
0.99266
0.435799
1.06181
0.631456
1.20562
0.278806
0.881825
0.33163
1.15207
0.508483
0.691594
1.50864
0.468289
0.66976
0.661981
0.361344
2.37702
0.975406
1.0078
0.974748
0.880923
0.357816
2.32938
0.753007
2.98565
0.827079
3.88567
0.0932193
1.01877
0.35942
0.160538
1.91359
0.240759
1.42665
0.599013
1.83485
0.312773
0.347327
0.146671
2.24162
0.830949
1.26642
1.22631
0.485695
0.546916
0.99156
0.96167
0.845479
0.959147
1.2494
0.988303
0.770237
0.843047
0.458867
0.696261
0.532401
1.12149
0.410711
0.888961
1.37083
1.52292
0.580555
1.41491
0.193808
1.49017
1.59028
0.999218
0.441106
0.86037
0.937317
3.16459
0.71579
1.09437
0.209273
0.466737
0.420196
2.92771
0.765856
0.365481
0.447517
0.494668
0.287953
0.224044
0.575898
0.989455
1.0631
0.0972151
2.14936
1.37755
0.507288
0.295419
0.269924
0.332675
0.668074
0.569423
1.01749
1.8632
0.598656
0.425556
2.16604
1.61617
1.38756
0.505941
0.201075
0.697562
0.463446
0.498895
1.05561
1.49642
1.347
1.42242
1.77272
2.64393
0.335281
0.275899
0.0627334
1.18242
0.530769
1.06633
1.46523
3.15255
0.41999
1.82351
0.445643
1.59902
2.33454
0.215821
0.533443
1.00331
1.35844
0.443657
1.8135
0.138438
0.51416
1.33514
0.982087
0.564012
1.08418
0.959894
0.566503
0.0552486
1.04289
0.707262
0.845743
0.0330337
0.126022
0.956888
0.0555914
0.862186
0.651676
1.68907
0.53563
0.313163
0.519643
0.452729
0.457662
2.14994
0.409844
0.228609
0.661886
0.333356
0.378443
1.76646
0.986275
1.09347
0.388355
0.762622
0.649285
0.286511
1.59885
0.909033
0.311238
3.0898
0.410143
0.690631
1.0331
0.722174
1.76884
0.490799
1.27762
0.636811
0.994229
1.15339
1.07161
0.277044
2.38408
2.19662
1.17385
0.364888
1.55278
0.538423
0.412219
0.679679
0.523613
0.0710532
0.698639
0.747593
0.405219
0.330606
0.344251
1.45804
0.281723
0.822309
1.90573
0.402028
0.887955
1.8963
0.546202
0.529763
0.482707
0.229196
0.0886722
1.11339
0.48754
0.884579
0.419372
1.04391
1.39959
0.49849
0.501577
0.721535
0.510435
1.93186
1.76585
1.49691
0.514167
0.820586
1.39244
0.791231
1.03613
0.455803
0.258673
0.939085
0.317457
1.53343
2.52211
0.622149
1.82607
0.36616
0.302595
0.299602
0.756351
1.57735
0.454038
0.154684
0.172435
0.181561
1.37584
1.82385
0.441705
1.27821
1.42778
0.632133
0.623478
1.45621
1.46325
0.602847
1.20901
1.1656
1.10375
0.552086
0.182656
1.59876
0.580376
0.384045
0.641196
0.687224
1.3353
0.686465
0.959098
0.148826
0.552521
0.954329
0.715745
0.783305
1.4789
0.789796
0.634328
0.13221
1.73876
0.632816
0.846756
0.447147
0.92364
0.482587
1.47791
0.857467
0.639786
0.660906
1.66799
1.03797
1.21518
0.316727
0.84695
1.78482
0.578534
0.282507
1.02222
0.738669
1.21978
0.368385
1.17815
2.64875
1.71862
1.51943
1.46649
0.247458
1.46422
0.136747
1.01695
0.292776
2.24479
0.694825
0.376348
0.833232
0.202376
0.0756989
0.825277
0.29736
1.0052
1.98242
0.616945
1.12165
0.955101
0.372694
2.33687
1.83919
0.933513
0.451066
1.34704
1.75047
1.52463
0.0588158
0.574808
0.564567
0.267708
0.136916
0.476646
1.85629
0.617596
0.918086
1.1469
0.389889
1.67947
0.249559
1.1014
0.998313
0.806106
3.91744
1.08689
1.44395
1.00859
0.522708
0.767978
0.144049
0.765124
2.27834
1.16813
0.958472
0.817371
0.857543
1.23205
1.53726
0.355255
3.0775
0.392883
0.307056
1.43063
1.02684
0.711926
0.442287
0.128375
0.304694
1.83892
3.12863
0.195193
1.65181
0.820497
0.531883
2.27479
1.20122
1.51642
0.351274
0.964971
0.621857
0.548796
1.55301
1.14219
0.826216
0.451671
0.320913
0.634754
1.86744
1.13461
1.27011
1.87921
0.340433
3.10846
0.963616
3.15353
2.23859
0.668788
1.5913
1.06561
2.22908
0.644365
0.865493
0.227064
1.67696
2.00857
1.88495
0.730346
0.651991
0.132479
1.25014
0.663367
0.264442
0.834152
1.06451
0.438273
1.04223
0.673411
0.493667
1.25179
2.48317
0.896183
0.901444
1.9924
2.4926
0.468708
0.463246
0.460553
0.808946
0.47303
0.955057
1.16853
1.22506
3.292
0.868358
1.22799
2.51895
0.640424
0.930149
0.576263
0.9126
0.592783
1.87299
0.919252
0.413352
1.17721
0.54216
1.34456
0.705545
0.994486
0.0668425
0.44827
0.137831
0.369237
0.882908
0.645699
0.887427
0.749061
0.76746
0.906582
1.15088
1.05799
0.748066
0.778055
1.00753
0.351597
0.376389
0.639529
2.14999
2.06789
1.3346
0.897166
0.567037
1.0553
1.47636
0.0447797
2.15942
1.2942
0.779367
0.359872
1.76166
1.53455
0.6296
0.592214
1.44459
0.448546
0.651503
1.24969
1.62537
0.536123
0.878248
0.154012
0.329555
3.31218
1.51539
1.93422
0.44961
0.775827
0.267004
0.764403
0.916549
1.154
1.46278
0.77659
1.09943
1.81769
0.701681
1.46003
0.162666
0.624917
0.554073
0.633001
0.797368
1.28133
0.454935
0.360221
0.480601
0.492611
0.620013
0.390081
1.36007
2.21816
0.53962
0.833276
0.3411
1.06412
3.55865
1.15842
0.406553
0.602893
0.414539
1.27608
0.605376
1.39137
0.272368
0.305502
1.37636
2.24624
1.14967
2.17512
1.16023
0.615435
0.312592
0.374868
0.100966
0.580748
0.381262
1.48737
1.12644
0.362932
1.54847
2.2069
1.78267
0.415091
1.22959
0.377211
0.147102
1.523
0.128753
0.139292
1.04557
0.949045
0.163762
1.30049
0.182126
3.30729
0.250076
2.11535
0.736385
0.90036
1.81902
0.566479
0.791172
1.60033
1.17412
0.842216
0.562414
0.666105
0.332042
0.605355
0.217275
0.378012
1.25701
2.24559
1.93786
1.2415
1.43708
1.02001
0.312617
0.288502
1.37878
2.33287
0.594267
1.23284
0.497735
0.0499986
0.537737
0.517562
0.218135
0.348304
0.505502
2.61034
1.64982
0.195403
0.915571
1.34065
1.51298
1.46168
0.558527
0.924161
0.510661
0.27104
2.34903
0.938424
0.549208
0.0886499
0.326611
0.475899
0.239123
0.477336
1.55391
0.535804
0.216744
2.01071
1.90785
0.772449
0.389112
0.710788
2.21379
1.2748
2.52178
0.36142
0.680299
0.381906
1.15781
1.23247
1.9768
0.889217
0.377691
0.813615
0.846652
1.90978
1.71252
0.440506
0.398364
1.7193
1.02812
0.909527
2.66729
2.73683
0.511383
1.09719
1.33455
1.99238
0.271064
0.998956
1.87812
2.1992
1.88226
0.337873
0.0861233
1.62816
0.334464
0.140923
0.927058
1.40044
0.319404
1.46426
0.948573
0.642768
0.492879
0.499448
2.38586
1.15006
0.960164
0.279906
0.383723
1.15862
1.11796
2.93089
2.14455
0.285966
0.229844
0.286301
0.14536
1.47845
0.540069
2.03339
0.914629
1.26245
0.596398
1.58904
1.67984
0.695484
1.40024
0.585769
1.26358
1.6211
0.474271
2.92289
0.49608
0.66818
1.27774
1.69096
1.17756
0.518274
1.54334
1.37627
1.20176
1.03574
1.43857
0.781973
0.898466
2.92084
0.164684
1.67266
0.22871
0.249422
1.11096
0.294053
1.25469
1.21241
0.959101
0.872769
1.12727
0.237295
1.13651
0.241251
0.418761
2.78725
0.23063
0.491189
1.25246
1.35786
0.382184
1.5758
0.224931
1.43991
0.273125
0.832825
0.668948
0.379554
4.96754
0.764325
0.204918
0.65946
0.500047
1.94203
0.54589
0.309287
0.860477
0.374631
0.54575
0.657974
1.27391
0.220179
0.412467
1.3896
0.719266
0.746284
0.116081
0.395527
0.652043
0.17688
0.104092
0.110709
0.459365
1.7439
1.47543
0.397328
0.514997
0.551064
0.688256
1.9045
1.2408
0.447814
0.110811
1.89183
1.95182
0.765387
1.86189
0.115972
1.24817
2.25955
1.1412
0.503581
0.30982
0.397643
0.63075
0.837855
0.721114
0.799932
2.17198
0.179534
0.309363
0.767861
0.400063
0.155652
2.0691
0.527448
0.773663
1.31852
1.13758
0.382634
1.82314
0.616777
0.864257
1.79738
1.21996
0.235681
1.02585
1.78737
0.890207
0.115551
0.257098
1.28801
2.39903
1.07724
1.42828
2.44116
1.65669
2.07209
0.953108
3.13766
2.84096
0.813852
1.19314
1.42435
0.0950748
1.40067
0.700792
0.969721
0.139017
0.467017
1.96206
1.92363
2.43692
0.0415988
0.617011
1.11194
1.06955
0.0495541
0.570034
0.951991
0.715727
0.0733494
0.995495
1.02067
2.07675
0.609572
0.265987
0.289504
2.20624
0.304251
2.19296
1.19125
1.34963
0.711249
1.18433
0.0168256
1.38483
0.785642
0.533671
0.248378
0.690553
0.78429
1.08106
0.241572
1.55256
0.955519
0.895003
0.789337
0.281143
1.39268
0.620459
0.091737
0.695751
1.45329
0.68465
0.0245077
0.269428
0.893102
0.325998
2.10904
0.666296
0.0901756
0.032932
1.60762
0.392617
1.29056
1.59555
1.08667
0.479456
0.926455
1.19883
1.19693
1.14856
1.37546
0.244372
0.0748728
0.499264
1.41704
0.791334
0.986788
2.587
1.62927
0.344831
1.56137
1.52783
0.328996
3.53843
1.80904
0.379774
1.58514
0.277546
0.626529
1.95405
0.520571
0.818333
3.16564
1.07834
1.31603
1.60674
0.534055
0.595391
1.14115
0.324436
3.07365
0.37144
0.357437
1.82246
1.23653
0.793223
1.46517
0.596325
1.1203
0.809337
1.14082
2.09272
1.01577
0.458811
0.725986
1.41806
0.506331
0.722252
0.207834
1.2492
0.248066
1.81446
0.19533
2.28997
1.08005
1.86015
0.704427
0.356996
0.987521
1.396
0.300044
0.666245
0.853655
2.95992
0.170193
1.75184
0.348702
1.2506
1.46891
0.682629
0.72988
1.15262
0.968728
0.470227
1.96888
1.79014
0.105259
2.02311
0.662127
0.993299
0.924072
1.53044
1.49629
1.30176
0.335704
2.29981
0.695529
0.380817
0.380664
1.18146
1.7902
0.920525
1.56764
0.13916
0.503034
0.956075
0.859368
1.90925
0.611871
1.28858
0.751866
0.592502
0.535282
1.07569
0.842131
2.01217
1.65242
4.67375
1.09577
1.27666
1.14944
0.998421
0.497753
1.46428
0.209639
0.593381
1.21697
2.31257
0.124962
0.179419
0.310118
0.199455
0.51649
0.767414
0.279536
0.755956
0.102159
1.91722
1.18697
1.18017
0.260761
0.833309
0.789214
0.504476
0.474834
1.32315
0.759975
0.567093
1.55611
0.959385
0.0738983
3.39011
0.459727
0.286996
1.18343
0.338114
0.241083
0.403121
0.797591
0.188482
0.573458
1.87509
1.22916
2.73729
0.944491
0.141738
1.07027
0.250906
2.25334
1.91996
0.420017
0.586185
0.576663
0.764151
0.766618
0.525583
1.38667
0.835078
0.520652
0.212192
0.0552418
0.0929901
1.18351
0.672631
1.32831
0.433272
1.21218
1.10874
0.141329
0.998192
0.203526
1.98793
1.1092
0.470626
1.9623
1.74401
1.05823
1.54925
1.16325
0.206398
1.21507
0.588366
0.120656
0.455628
0.349805
0.0742608
1.016
1.64197
0.779541
0.186667
0.60449
1.11661
0.315415
0.65041
0.739499
0.219495
1.13626
0.86276
2.24029
0.838437
2.43976
2.40705
0.240608
1.27589
0.827353
1.93911
1.79061
1.86655
0.859415
0.758052
1.5211
0.172142
0.937768
0.390212
0.620604
1.01036
0.274788
1.10397
1.53961
1.15529
1.661
0.730859
1.15307
1.653
0.924516
3.2338
0.623924
0.689525
1.39572
1.34837
0.17473
0.748451
2.08569
0.487641
1.23138
0.479842
0.856793
0.302667
0.620103
0.604035
1.9472
1.47363
0.465082
0.683961
1.47624
0.827455
0.335192
0.707057
0.943262
0.672286
1.21873
2.00579
0.339128
0.436492
1.51297
1.0864
0.0968978
0.739529
0.901075
0.767335
0.32464
2.47892
1.04429
0.430288
0.912032
0.828365
0.905437
1.80867
0.539464
2.15407
0.308519
0.689604
1.07015
0.447943
0.407725
0.651284
1.1551
0.9045
0.198713
0.997031
0.696151
0.683296
0.452415
1.22494
0.356311
0.395034
0.577412
0.62024
0.991384
1.71461
0.595218
0.142356
0.651997
0.395649
2.70966
0.637291
2.34274
1.53864
0.731813
0.233062
1.90419
2.74868
1.34241
0.674096
0.976853
0.162009
1.91522
2.65223
0.377874
1.52027
0.37271
0.805922
0.0990932
1.30932
0.514723
2.56822
2.3171
1.2152
0.361492
1.82758
0.930442
0.321702
2.4706
0.245945
1.00847
0.50368
1.2077
1.0608
0.786275
1.47876
0.661109
2.81321
0.858376
0.731943
0.750151
0.819469
3.23687
0.572645
1.37953
2.8241
0.71686
0.20802
0.333777
0.111141
0.624044
0.421969
1.19445
1.22673
0.38003
0.702934
2.2151
0.790495
0.839129
0.437915
0.331313
0.0672794
0.391637
0.823818
1.00795
0.694599
1.48985
0.878901
0.821355
2.0427
1.44956
2.08143
0.751009
0.295647
0.679656
1.57408
2.00768
0.812882
0.578767
0.173073
0.768912
1.93174
0.137784
0.464519
1.1097
2.05165
0.716152
0.543196
1.64635
0.607679
0.669443
0.0963817
0.588211
1.87604
0.556714
0.236182
0.644839
1.18807
