           0    0.704423   0.0101595
           1     1.00645   0.0133399
           2     1.07823   0.0141265
           3     1.19769   0.0143296
           4     1.19769   0.0143296
           5     1.23497   0.0134901
           6     1.50181   0.0172515
           7      1.3408   0.0165141
           8     1.09784   0.0143085
           9     1.40798   0.0150555
          10     1.40798   0.0150555
          11     1.79525   0.0182154
          12     1.43439   0.0170329
          13     1.12455   0.0130474
          14     1.02989   0.0135274
          15    0.957338   0.0120267
          16    0.760775   0.0132318
          17    0.685839   0.0113484
          18    0.875022   0.0116511
          19    0.950579   0.0120516
          20    0.970336   0.0115951
          21     1.14257   0.0144219
          22     1.23771   0.0130492
          23     1.35059   0.0146718
          24     1.10699   0.0122624
          25    0.962282   0.0122901
          26    0.962282   0.0122901
          27     1.18208   0.0130493
          28     1.09504   0.0133822
          29      1.0216    0.011664
          30     1.16189   0.0145313
          31     1.20918   0.0148644
          32     1.53636   0.0164946
          33     1.74141   0.0174993
          34     1.91211   0.0215359
          35     1.91211   0.0215359
          36     2.23634   0.0204522
          37     2.04348   0.0188637
          38     1.78872    0.016983
          39     1.40278   0.0184995
          40     1.52644   0.0164575
          41     1.52644   0.0164575
          42     1.52644   0.0164575
          43     1.24602   0.0154629
          44     1.18531   0.0161307
          45     1.05874   0.0165461
          46     1.09118   0.0153298
          47    0.898412   0.0141524
          48    0.618404   0.0107366
          49    0.578626   0.0100089
          50    0.515911   0.0106062
          51    0.460819   0.0101232
          52     0.39337   0.0101673
          53    0.335071  0.00787397
          54    0.376629   0.0096302
          55    0.326067  0.00787879
          56    0.170395  0.00721054
          57    0.206465  0.00723803
          58    0.206465  0.00723803
          59    0.311721  0.00824257
          60    0.382792   0.0077363
          61    0.666948  0.00836283
          62    0.671922  0.00840918
          63    0.556781  0.00689275
          64    0.686176  0.00844997
          65    0.381351  0.00733046
          66    0.415789  0.00654933
          67    0.531479  0.00715722
          68    0.550582  0.00732402
          69    0.475318  0.00687005
          70    0.612946   0.0078408
          71    0.291351  0.00585599
          72     0.27674  0.00585322
          73    0.199644  0.00491124
          74    0.199644  0.00491124
          75   0.0863778  0.00380689
          76    0.200727  0.00391637
          77   0.0629991  0.00274739
          78   -0.004015   0.0033625
          79    -0.11227  0.00360911
          80   0.0585322  0.00436366
          81  -0.0539625   0.0030755
          82   -0.167291  0.00248082
          83   -0.172271  0.00279952
          84   -0.182659  0.00317707
          85   -0.324573  0.00207515
          86   -0.297246   0.0020559
          87   -0.336606  0.00134484
          88   -0.303543  0.00200927
          89    -0.26675  0.00147893
          90   -0.286853  0.00177069
          91   -0.286853  0.00177069
          92   -0.224968  0.00176001
          93    -0.15742  0.00160595
          94   -0.178518  0.00162447
          95   -0.210299  0.00174877
          96   -0.307191  0.00163001
          97   -0.238411  0.00162881
          98   -0.263305  0.00181682
          99   -0.302252  0.00139768
         100   -0.367716  0.00120095
         101   -0.345388  0.00137626
         102    -0.37451  0.00151681
         103   -0.368071  0.00117453
         104   -0.416937  0.00118355
         105   -0.422833  0.00111239
         106     -0.4214  0.00118537
         107   -0.432642  0.00106828
         108   -0.411467  0.00130353
         109   -0.429143  0.00113292
         110   -0.402593  0.00107543
         111   -0.402593  0.00107543
         112   -0.369378  0.00129149
         113   -0.324828  0.00152724
         114   -0.333499  0.00187947
         115   -0.383465  0.00118611
         116   -0.320354  0.00179525
         117   -0.310629  0.00195141
         118   -0.265916  0.00231256
         119   -0.171012   0.0026951
         120  -0.0747503  0.00350034
         121   -0.122388  0.00309803
         122   -0.189141  0.00294919
         123   -0.286737  0.00210636
         124   -0.355873  0.00182257
         125    -0.39748  0.00162079
         126   -0.433736 0.000921271
         127   -0.438119 0.000898301
         128   -0.443106 0.000923288
         129   -0.443933 0.000878775
         130   -0.440984  0.00088892
         131   -0.407586  0.00124599
         132   -0.436359 0.000882792
         133   -0.416885  0.00151016
         134   -0.423691  0.00120391
         135   -0.441481 0.000827322
         136   -0.441931 0.000928036
         137   -0.433778 0.000999864
         138   -0.424762  0.00110204
         139    -0.40172  0.00117223
         140   -0.367733  0.00141553
         141   -0.348683   0.0013976
         142   -0.363253  0.00129681
         143    -0.38472  0.00129523
         144    -0.39637  0.00164847
         145   -0.419041  0.00131903
         146   -0.354729  0.00192036
         147   -0.358978  0.00190631
         148   -0.392943    0.001234
         149   -0.374605  0.00138927
         150   -0.402394  0.00131538
         151   -0.391814  0.00119402
         152   -0.364638  0.00190117
         153   -0.382523  0.00144967
         154   -0.369912  0.00114787
         155    -0.40347  0.00107333
         156   -0.354199  0.00131655
         157   -0.372168  0.00143294
         158   -0.329254  0.00193876
         159   -0.303739  0.00196184
         160   -0.335435  0.00167243
         161   -0.303349  0.00161713
         162   -0.225748  0.00242761
         163   -0.229448  0.00247878
         164    -0.18853  0.00212804
         165   -0.108652  0.00343059
         166   -0.158897  0.00241732
         167   -0.163458  0.00256395
         168   -0.275618  0.00196648
         169   -0.193313  0.00236095
         170   -0.137599  0.00258166
         171  -0.0246352  0.00349702
         172    0.227412   0.0055063
         173    0.131556  0.00462173
         174   0.0790988  0.00352238
         175 -0.00523664   0.0033136
         176  -0.0826515  0.00231283
         177  -0.0682147  0.00214081
         178  -0.0445998  0.00260817
         179  -0.0210801  0.00258083
         180   -0.022104  0.00256067
         181  -0.0736846  0.00227207
         182   -0.147079  0.00205422
         183   -0.159455  0.00194581
         184   -0.102834  0.00240065
         185   -0.168374  0.00212477
         186   -0.134664  0.00215543
         187   -0.144015  0.00206262
         188   -0.136084  0.00224123
         189  -0.0871859  0.00215356
         190   -0.108831  0.00204771
         191   -0.154284  0.00203763
         192   -0.138381  0.00210976
         193   -0.071461  0.00230599
         194  -0.0039778   0.0024713
         195    0.044319  0.00262301
         196   0.0987592  0.00283841
         197   0.0528111  0.00266957
         198    0.151243  0.00295418
         199    0.268614  0.00327297
         200    0.363924  0.00361283
         201    0.408461  0.00346029
         202    0.220527  0.00320511
         203    0.220527  0.00320511
         204    0.290006  0.00427416
         205    0.186178  0.00327885
         206     0.16822  0.00299691
         207    0.265897  0.00330207
         208    0.208216   0.0032031
         209   0.0554616  0.00272981
         210   0.0554616  0.00272981
         211   0.0545582  0.00266189
         212   0.0650125  0.00264586
         213   0.0765254  0.00304797
         214    0.170419  0.00315946
         215    0.209791  0.00335575
         216    0.174115  0.00339203
         217    0.237911  0.00353718
         218    0.273022  0.00325407
         219    0.294885  0.00323054
         220    0.390686  0.00391232
         221    0.416498  0.00342451
         222    0.565819  0.00398037
         223    0.618096  0.00466764
         224    0.567841  0.00385102
         225    0.677406  0.00716516
         226    0.823195  0.00816427
         227    0.823195  0.00816427
         228    0.770742  0.00822908
         229     0.60313  0.00723515
         230    0.485853   0.0053784
         231    0.271871  0.00507074
         232    0.440377  0.00751342
         233    0.233391  0.00487574
         234    0.233391  0.00487574
         235    0.548842  0.00745276
         236    0.548842  0.00745276
         237    0.246755   0.0042882
         238    0.202796  0.00358184
         239     0.42536  0.00422961
         240    0.293714   0.0038243
         241    0.293714   0.0038243
         242    0.293714   0.0038243
         243    0.374668  0.00385754
         244    0.578266  0.00511881
         245    0.811014  0.00669346
         246    0.865311  0.00701881
         247    0.797188  0.00594293
         248    0.912761  0.00600058
         249    0.978479  0.00755439
         250    0.805471  0.00526361
         251    0.583282  0.00433206
         252    0.583282  0.00433206
         253    0.693602  0.00525461
         254    0.644298   0.0043524
         255    0.418809  0.00422614
         256    0.370626  0.00439293
         257    0.313351  0.00354627
         258    0.307987  0.00340762
         259    0.145542  0.00347139
         260   0.0417122  0.00240345
         261   0.0134559  0.00259298
         262   0.0830277  0.00251113
         263   0.0328787  0.00295761
         264  0.00359451  0.00303423
         265    0.056796  0.00404236
         266 -0.00324908  0.00281308
         267   0.0418591  0.00318539
         268    0.070251  0.00361025
         269   0.0667636  0.00364093
         270    0.206475  0.00485209
         271  -0.0332799  0.00350607
         272    0.102315  0.00399987
         273   0.0236845  0.00418195
         274    0.347555  0.00627296
         275    0.196383  0.00534888
         276    0.196383  0.00534888
         277     0.46767  0.00674426
         278    0.651389  0.00840676
         279    0.651389  0.00840676
         280    0.288119   0.0062824
         281    0.337912  0.00703871
         282    0.337912  0.00703871
         283 -0.00468011  0.00494146
         284   -0.136353  0.00347525
         285   -0.247651  0.00217975
         286   -0.183524  0.00279561
         287   -0.298961  0.00217586
         288   -0.226256  0.00282286
         289   -0.343462  0.00170161
         290   -0.281519  0.00207564
         291   -0.281519  0.00207564
         292    -0.22938  0.00214612
         293  -0.0626178  0.00384495
         294   -0.207287  0.00267435
         295   -0.180644  0.00291887
         296   -0.183055  0.00294811
         297  -0.0605994  0.00394081
         298   0.0094359  0.00464648
         299    0.293035  0.00613976
         300  -0.0191468  0.00435999
         301  -0.0146963  0.00443553
         302    -0.19949   0.0027021
         303   -0.186162  0.00327367
         304   -0.208752  0.00247632
         305   -0.208752  0.00247632
         306   -0.208752  0.00247632
         307   -0.304707  0.00188614
         308   -0.370757  0.00149172
         309   -0.392043  0.00118782
         310   -0.358667  0.00142183
         311   -0.363243  0.00118556
         312   -0.363844  0.00124962
         313   -0.326452  0.00147382
         314   -0.276201  0.00162394
         315   -0.333459  0.00123613
         316   -0.283535  0.00166613
         317   -0.331793  0.00135293
         318   -0.295796  0.00142314
         319   -0.274863  0.00152419
         320   -0.287888  0.00138428
         321     -0.3229  0.00143202
         322   -0.319294  0.00135632
         323   -0.329046  0.00145341
         324   -0.367576  0.00127643
         325   -0.358224  0.00131979
         326   -0.327508  0.00180512
         327   -0.387192  0.00118601
         328   -0.422616  0.00100362
         329   -0.437669 0.000982741
         330   -0.425629  0.00122292
         331   -0.439602 0.000819087
         332   -0.440611 0.000873019
         333   -0.434463 0.000997717
         334   -0.443107  0.00088806
         335   -0.433235  0.00120576
         336   -0.425304  0.00120205
         337   -0.445437  0.00078136
         338   -0.444455 0.000856004
         339   -0.426174  0.00117292
         340   -0.429424  0.00113068
         341   -0.442326 0.000810604
         342   -0.427705  0.00130933
         343   -0.442494 0.000741852
         344   -0.434717 0.000959714
         345   -0.396011  0.00132344
         346   -0.334959  0.00216487
         347   -0.401096   0.0013688
         348   -0.426208  0.00136793
         349   -0.391128  0.00165866
         350   -0.350592  0.00169511
         351   -0.339804  0.00170826
         352    -0.36098  0.00148521
         353   -0.364462  0.00166412
         354   -0.361461  0.00146687
         355   -0.367255   0.0013821
         356   -0.378176  0.00105557
         357   -0.385104  0.00097923
         358   -0.331751  0.00155886
         359   -0.294757  0.00154176
         360   -0.235212  0.00181769
         361   -0.262568  0.00159704
         362   -0.163144   0.0020934
         363   -0.221383  0.00197749
         364   -0.214445  0.00187498
         365   -0.214445  0.00187498
         366   -0.266585  0.00159417
         367   -0.270218  0.00173374
         368    -0.22682  0.00197972
         369    -0.19759  0.00206793
         370    -0.20377  0.00187796
         371   -0.200702  0.00192535
         372   -0.235552  0.00189675
         373   -0.269819  0.00149287
         374   -0.290477  0.00137709
         375   -0.275877  0.00175005
         376   -0.327035  0.00114789
         377   -0.294836  0.00147994
         378   -0.261624  0.00170373
         379   -0.238599  0.00184253
         380   -0.294281  0.00157528
         381   -0.224155  0.00204572
         382   -0.149868  0.00189261
         383  -0.0784185  0.00266907
         384  -0.0874692  0.00211464
         385   -0.107971  0.00247934
         386  -0.0203101  0.00266906
         387   0.0442536  0.00295119
         388    0.019995  0.00275722
         389    0.064703  0.00295686
         390   0.0266226  0.00265255
         391   0.0486264   0.0027114
         392   0.0186749  0.00311802
         393   -0.100931  0.00241111
         394   -0.105287  0.00230931
         395   -0.126966  0.00202306
         396  -0.0929317  0.00237453
         397   -0.148065  0.00222793
         398   -0.128475   0.0025317
         399   -0.101108   0.0023222
         400   -0.121982  0.00231819
         401    -0.15093  0.00193205
         402   -0.135804  0.00213736
         403   -0.218738  0.00163464
         404   -0.238479  0.00181908
         405    -0.26693  0.00178295
         406   -0.243091  0.00197268
         407   -0.210977  0.00243758
         408   -0.250058   0.0019619
         409   -0.245334  0.00203384
         410   -0.260394  0.00180308
         411   -0.265047  0.00183002
         412   -0.232456  0.00203368
         413   -0.213915  0.00180404
         414   -0.225321  0.00188129
         415   -0.224311  0.00217828
         416   -0.262108  0.00210915
         417   -0.267445  0.00195803
         418   -0.246987  0.00193243
         419   -0.239295  0.00229014
         420   -0.221064  0.00192308
         421   -0.231624  0.00212529
         422   -0.243571   0.0023238
         423   -0.242083  0.00210947
         424   -0.242885    0.002143
         425   -0.231283  0.00191458
         426   -0.231576  0.00200856
         427   -0.240853  0.00197334
         428   -0.237015  0.00196623
         429   -0.220296  0.00188819
         430   -0.214248  0.00208059
         431   -0.170972  0.00225158
         432   -0.222755  0.00170762
         433   -0.264568  0.00191219
         434   -0.228627  0.00195034
         435   -0.274266  0.00188482
         436    -0.26466  0.00174855
         437   -0.300857  0.00167227
         438   -0.343897  0.00125788
         439   -0.381275  0.00116218
         440   -0.381561  0.00121177
         441   -0.335898  0.00129365
         442   -0.348018   0.0014623
         443   -0.407013 0.000953812
         444   -0.403362 0.000822692
         445   -0.393674  0.00092794
         446   -0.344487  0.00129387
         447    -0.31013  0.00140858
         448   -0.364569  0.00109843
         449   -0.364331  0.00130128
         450   -0.348578  0.00118812
         451   -0.380522 0.000994909
         452   -0.406652 0.000799149
         453   -0.413177 0.000958922
         454     -0.3928  0.00148363
         455   -0.422664  0.00112738
         456   -0.394761  0.00155199
         457   -0.394761  0.00155199
         458   -0.376676  0.00193237
         459   -0.382295  0.00180968
         460   -0.403825  0.00153839
         461   -0.423126  0.00128126
         462   -0.441168 0.000818761
         463   -0.429954  0.00106046
         464   -0.438854 0.000937342
         465   -0.410877   0.0011933
         466   -0.403219   0.0017329
         467   -0.422363 0.000930069
         468   -0.429048   0.0012393
         469   -0.379807  0.00144858
         470   -0.398926  0.00122398
         471   -0.426259 0.000944892
         472   -0.410976 0.000993668
         473   -0.410976 0.000993668
         474   -0.405668  0.00135651
         475   -0.443543 0.000827445
         476   -0.442436  0.00091745
         477   -0.427973  0.00116484
         478   -0.417695  0.00142606
         479   -0.443516 0.000862901
         480   -0.441325  0.00105274
         481   -0.420322  0.00132997
         482   -0.387334  0.00177285
         483   -0.376985  0.00199917
         484   -0.338416  0.00223751
         485    -0.29291  0.00277789
         486   -0.256581  0.00338591
         487    -0.27818  0.00294486
         488   -0.290079  0.00252592
         489   -0.237235  0.00372029
         490   -0.248117  0.00330658
         491   -0.176032  0.00373285
         492  -0.0916535  0.00499945
         493   -0.127864  0.00436907
         494   -0.141182   0.0046074
         495    -0.18592    0.003808
         496   -0.210676  0.00365949
         497   -0.208024  0.00421369
         498   -0.163751  0.00467417
         499   -0.209822  0.00358008
         500   -0.152583   0.0042144
         501   -0.114659  0.00438834
         502  -0.0118777  0.00568557
         503   -0.129381  0.00498398
         504   -0.203159  0.00371848
         505    -0.15458  0.00440901
         506   -0.132053  0.00488273
         507   -0.116632  0.00512608
         508   -0.117184  0.00506433
         509  -0.0325753  0.00528554
         510   -0.151949  0.00417204
         511   -0.123317  0.00469987
         512   -0.123317  0.00469987
         513  -0.0662056  0.00539271
         514  -0.0662056  0.00539271
         515 -0.00614818  0.00519415
         516  -0.0848318  0.00480148
         517   -0.103967  0.00457592
         518   -0.103967  0.00457592
         519  -0.0202724  0.00591119
         520   0.0575335  0.00599628
         521   0.0614745   0.0071129
         522    0.258244  0.00816385
         523    0.243614  0.00765512
         524     0.25178  0.00855688
         525     0.25178  0.00855688
         526    0.297497  0.00899965
         527    0.106766  0.00670966
         528   0.0092688  0.00630249
         529  -0.0082156  0.00521166
         530   -0.156054   0.0041648
         531   -0.121445  0.00472671
         532  -0.0881777  0.00497778
         533 -0.00883184  0.00563976
         534  -0.0498401  0.00583799
         535   -0.133363  0.00464999
         536  -0.0578857  0.00587716
         537  -0.0786578  0.00480275
         538   0.0332817  0.00664313
         539   0.0578536  0.00579034
         540   0.0952041  0.00681644
         541    0.149351  0.00656994
         542    0.158092  0.00735106
         543     0.16339  0.00749595
         544  -0.0081216  0.00533711
         545  -0.0327137  0.00569366
         546  -0.0679983  0.00522896
         547  -0.0679983  0.00522896
         548  -0.0658364    0.005147
         549   -0.159395  0.00405128
         550   -0.183617  0.00388276
         551   -0.186158  0.00379641
         552    -0.18143  0.00365939
         553   -0.155174  0.00390216
         554   -0.274208  0.00335693
         555   -0.274247  0.00315199
         556   -0.316716  0.00278423
         557   -0.362007   0.0020973
         558   -0.339601  0.00206505
         559   -0.285481  0.00283926
         560    -0.22008  0.00350893
         561   -0.237524  0.00334396
         562   -0.263605  0.00281851
         563   -0.277703  0.00252645
         564   -0.277703  0.00252645
         565    -0.28005  0.00312363
         566   -0.305544  0.00269401
         567   -0.336226  0.00208953
         568    -0.33404  0.00197737
         569   -0.304641  0.00251598
         570   -0.304641  0.00251598
         571   -0.293724  0.00248036
         572   -0.249518   0.0036186
         573   -0.185613   0.0037763
         574   -0.133934  0.00446802
         575    -0.12795  0.00458507
         576   -0.119223  0.00530359
         577   -0.119223  0.00530359
         578  -0.0921592  0.00539951
         579   -0.128325   0.0050779
         580  -0.0390413  0.00587581
         581  -0.0955625  0.00475777
         582  -0.0762809  0.00522204
         583  -0.0762809  0.00522204
         584  -0.0967139  0.00466673
         585     -0.2112  0.00346727
         586   -0.268238  0.00323501
         587   -0.291913   0.0026335
         588   -0.291913   0.0026335
         589   -0.322229  0.00224525
         590   -0.357454   0.0016789
         591   -0.334917  0.00227321
         592   -0.290955  0.00297499
         593   -0.277173  0.00292683
         594   -0.255577  0.00281141
         595   -0.258244  0.00306962
         596   -0.298768  0.00326407
         597   -0.333578  0.00217623
         598   -0.372043   0.0016315
         599   -0.337296  0.00242615
         600   -0.309537  0.00244049
         601   -0.329075  0.00237122
         602   -0.352477  0.00213713
         603   -0.365949  0.00146395
         604   -0.341726  0.00184027
         605   -0.320651  0.00281987
         606   -0.297565  0.00285667
         607   -0.297201  0.00253862
         608   -0.321655  0.00252299
         609   -0.351168  0.00248205
         610   -0.373409  0.00179885
         611   -0.381123  0.00150118
         612   -0.368362  0.00171041
         613   -0.346977  0.00208211
         614   -0.373131  0.00141448
         615   -0.374894  0.00133979
         616   -0.366394  0.00144814
         617   -0.343545  0.00153767
         618   -0.335553  0.00191525
         619   -0.308654  0.00205594
         620   -0.288628  0.00184762
         621    -0.31379  0.00156428
         622   -0.335534  0.00165779
         623   -0.368436  0.00121505
         624   -0.404361 0.000869769
         625   -0.420846 0.000868857
         626   -0.420564 0.000828447
         627   -0.426612 0.000884494
         628   -0.417955 0.000977087
         629   -0.438829 0.000801664
         630   -0.431233  0.00107363
         631   -0.439118 0.000936341
         632   -0.433033  0.00101617
         633   -0.416594  0.00109214
         634   -0.433181 0.000997033
         635   -0.428643  0.00121945
         636    -0.43164  0.00119205
         637   -0.440936 0.000881225
         638   -0.431794  0.00109309
         639   -0.430482 0.000849855
         640   -0.430381 0.000861026
         641   -0.441464 0.000853246
         642   -0.444056 0.000787967
         643    -0.42929   0.0011301
         644   -0.442956 0.000908769
         645   -0.429936  0.00117169
         646   -0.419249  0.00113457
         647   -0.402673  0.00106304
         648   -0.411146 0.000891053
         649   -0.405592   0.0011242
         650    -0.37196  0.00148841
         651   -0.349692  0.00153148
         652    -0.35074  0.00144598
         653    -0.35074  0.00144598
         654    -0.37861  0.00106619
         655   -0.367782  0.00121964
         656   -0.378241  0.00111909
         657   -0.359507   0.0011761
         658   -0.338869  0.00123991
         659   -0.367826  0.00111536
         660   -0.397148  0.00113687
         661   -0.376016 0.000936644
         662   -0.354236  0.00135401
         663   -0.353106   0.0012681
         664    -0.34983  0.00145561
         665   -0.355376  0.00169487
         666   -0.348924  0.00183531
         667   -0.382138  0.00155313
         668   -0.406453  0.00118646
         669   -0.417861 0.000948421
         670   -0.390799 0.000970971
         671   -0.418423  0.00101456
         672    -0.42505 0.000857462
         673   -0.428236  0.00103098
         674   -0.428236  0.00103098
         675   -0.424115 0.000967444
         676    -0.44343 0.000849017
         677   -0.442554 0.000987767
         678   -0.413892  0.00129233
         679   -0.417824  0.00115295
         680   -0.383004  0.00173825
         681   -0.313113  0.00251876
         682   -0.362398  0.00186857
         683   -0.362398  0.00186857
         684   -0.362398  0.00186857
         685   -0.362205  0.00193549
         686   -0.397162  0.00154327
         687   -0.417567  0.00120071
         688   -0.394822  0.00157639
         689   -0.363056  0.00177729
         690   -0.332851  0.00211021
         691   -0.394152  0.00119455
         692    -0.40981  0.00134374
         693   -0.425421  0.00120186
         694   -0.442994 0.000854281
         695   -0.437213  0.00103255
         696   -0.392599  0.00160175
         697   -0.392599  0.00160175
         698    -0.43822 0.000977514
         699   -0.404657  0.00150379
         700   -0.338558  0.00185601
         701   -0.336699  0.00219106
         702   -0.302671  0.00230597
         703   -0.383727  0.00154731
         704    -0.34921  0.00209676
         705    -0.34921  0.00209676
         706   -0.357272  0.00154114
         707   -0.392335   0.0013011
         708   -0.392335   0.0013011
         709   -0.371795  0.00172145
         710   -0.351759  0.00187157
         711    -0.39023  0.00136851
         712   -0.380895   0.0010993
         713   -0.383095 0.000914125
         714   -0.383095 0.000914125
         715   -0.365985  0.00117477
         716   -0.316934  0.00128108
         717    -0.29977  0.00148595
         718   -0.278481  0.00171244
         719   -0.318731  0.00140309
         720   -0.319888  0.00151612
         721   -0.321132  0.00146887
         722   -0.301315  0.00169892
         723   -0.325902  0.00154651
         724   -0.292199  0.00183983
         725   -0.259043  0.00174546
         726   -0.244423  0.00195229
         727    -0.26485  0.00178403
         728   -0.303038  0.00160352
         729   -0.300408  0.00186402
         730    -0.29138  0.00182293
         731   -0.317188  0.00136407
         732   -0.330517  0.00143705
         733    -0.34741  0.00123751
         734   -0.361163  0.00156162
         735    -0.35794  0.00153421
         736   -0.356048  0.00146239
         737   -0.339203  0.00136314
         738   -0.378237  0.00127567
         739   -0.326906   0.0015381
         740   -0.301532  0.00217833
         741   -0.335036  0.00224546
         742   -0.398789  0.00139524
         743   -0.412199  0.00120088
         744   -0.409172 0.000912546
         745   -0.416983  0.00104526
         746   -0.373566  0.00181093
         747   -0.373566  0.00181093
         748   -0.401093  0.00137437
         749   -0.407978  0.00135766
         750   -0.351678  0.00219931
         751   -0.391377  0.00147383
         752   -0.391377  0.00147383
         753   -0.298001  0.00254234
         754  -0.0926291  0.00338833
         755  -0.0926291  0.00338833
         756  -0.0926291  0.00338833
         757  -0.0290271  0.00492384
         758   -0.212446  0.00293501
         759   -0.333039   0.0021752
         760   -0.192526  0.00345765
         761   -0.301532  0.00236656
         762   -0.185785   0.0032876
         763   -0.205882  0.00319249
         764   -0.290708  0.00283949
         765   -0.334353  0.00224057
         766   -0.324232  0.00209103
         767     -0.3812  0.00146499
         768   -0.384977  0.00159061
         769   -0.406379  0.00130698
         770   -0.406379  0.00130698
         771   -0.433267  0.00108258
         772    -0.39146  0.00161639
         773   -0.352434   0.0020149
         774   -0.369415  0.00160449
         775   -0.397329   0.0012904
         776   -0.434402 0.000889309
         777   -0.421546 0.000802494
         778   -0.425609 0.000747794
         779   -0.442226 0.000896895
         780   -0.431719  0.00110409
         781   -0.412129  0.00122673
         782   -0.412129  0.00122673
         783   -0.398144  0.00176164
         784   -0.359853  0.00192622
         785   -0.338168  0.00222708
         786   -0.406045   0.0012719
         787   -0.382187  0.00179206
         788   -0.382187  0.00179206
         789    -0.34418  0.00219764
         790   -0.415082  0.00144243
         791   -0.366457  0.00180367
         792   -0.366457  0.00180367
         793   -0.400337  0.00154648
         794   -0.395066   0.0012806
         795   -0.328947    0.002457
         796   -0.397817  0.00141728
         797   -0.379849  0.00168166
         798   -0.421356  0.00119592
         799    -0.40611  0.00152157
         800   -0.336861  0.00179987
         801   -0.404226  0.00141449
         802   -0.422256  0.00100073
         803   -0.403657  0.00129064
         804   -0.401307  0.00119823
         805   -0.408646  0.00127934
         806   -0.408646  0.00127934
         807   -0.415065    0.001115
         808   -0.412047  0.00124297
         809   -0.420941  0.00112258
         810   -0.340823  0.00200575
         811   -0.315914  0.00202924
         812   -0.168321  0.00319845
         813   -0.325579  0.00213046
         814   -0.286983  0.00227059
         815    -0.35739  0.00141329
         816   -0.371143   0.0015067
         817    -0.42799  0.00103654
         818   -0.423432  0.00105817
         819   -0.431602 0.000898666
         820   -0.439172 0.000982531
         821    -0.43516  0.00101091
         822    -0.41834  0.00125995
         823   -0.440702 0.000879688
         824   -0.440702 0.000879688
         825     -0.4351  0.00091999
         826   -0.433577 0.000956286
         827   -0.427767 0.000956243
         828    -0.43557 0.000883875
         829   -0.433277 0.000916566
         830   -0.433757  0.00089816
         831    -0.44342 0.000832773
         832   -0.428334 0.000872628
         833    -0.40592  0.00121167
         834   -0.395217  0.00158339
         835   -0.427862  0.00115226
         836   -0.386672  0.00176938
         837   -0.322885  0.00250595
         838   -0.251667  0.00284151
         839   -0.362887  0.00176092
         840   -0.411833  0.00107887
         841   -0.329806  0.00186653
         842   -0.327465  0.00202733
         843    -0.20582  0.00272773
         844    -0.16369  0.00240741
         845   -0.217221   0.0023026
         846   -0.297847  0.00170399
         847   -0.297847  0.00170399
         848   -0.297847  0.00170399
         849   -0.313793  0.00157953
         850   -0.313793  0.00157953
         851   -0.289036  0.00176034
         852   -0.331778   0.0014353
         853   -0.331778   0.0014353
         854   -0.331778   0.0014353
         855   -0.333006  0.00163328
         856   -0.230941  0.00203726
         857   -0.120515  0.00327105
         858   -0.120515  0.00327105
         859   -0.120515  0.00327105
         860  -0.0971403   0.0029954
         861  -0.0971403   0.0029954
         862  -0.0971403   0.0029954
         863   -0.266297  0.00230122
         864   -0.106622  0.00329412
         865   0.0311373  0.00423585
         866   0.0311373  0.00423585
         867   0.0311373  0.00423585
         868   0.0597223  0.00409295
         869    0.068321  0.00468292
         870   -0.129884  0.00302259
         871   -0.197474  0.00278947
         872   0.0156997  0.00412476
         873   0.0156997  0.00412476
         874   0.0156997  0.00412476
         875   0.0193085  0.00382018
         876  -0.0425194  0.00388194
         877  -0.0454098  0.00379167
         878   -0.122241  0.00344373
         879   -0.167875  0.00300568
         880   -0.167875  0.00300568
         881   -0.242071  0.00276048
         882   -0.173579  0.00273305
         883   -0.332725  0.00194191
         884   -0.283223  0.00229215
         885   -0.323601  0.00190369
         886   -0.415461  0.00126789
         887   -0.400288  0.00170559
         888   -0.432033 0.000891865
         889   -0.433497 0.000984867
         890   -0.428791 0.000973675
         891   -0.396188  0.00102863
         892   -0.420859 0.000940092
         893    -0.42592 0.000871882
         894   -0.401774  0.00102031
         895   -0.384161  0.00108299
         896   -0.394199  0.00118723
         897   -0.370514  0.00133932
         898   -0.375402  0.00138315
         899   -0.364095  0.00152749
         900   -0.373785  0.00154872
         901   -0.406066  0.00138156
         902   -0.399506  0.00167448
         903   -0.428682  0.00108382
         904   -0.428682  0.00108382
         905   -0.440995 0.000930566
         906   -0.426413  0.00109333
         907   -0.426413  0.00109333
         908   -0.424728  0.00115631
         909   -0.395101  0.00150447
         910   -0.317371  0.00264246
         911   -0.263564  0.00325758
         912   -0.321943  0.00269065
         913   -0.357124  0.00236717
         914   -0.283941  0.00297649
         915   -0.306185  0.00241947
         916   -0.235873  0.00311509
         917   -0.276504  0.00324408
         918   -0.357785  0.00211507
         919   -0.392631  0.00186047
         920   -0.371402  0.00184103
         921   -0.371402  0.00184103
         922   -0.289451  0.00299589
         923   -0.228584  0.00356207
         924   -0.185998  0.00371183
         925   -0.219109  0.00314997
         926   -0.219109  0.00314997
         927   -0.219109  0.00314997
         928   -0.219109  0.00314997
         929   -0.225387  0.00334504
         930   -0.235347  0.00304865
         931   -0.245969  0.00248988
         932   -0.245969  0.00248988
         933   -0.156992  0.00360027
         934    -0.18073  0.00283427
         935   -0.223687   0.0034292
         936   -0.325987  0.00221884
         937   -0.315473  0.00260432
         938   -0.315473  0.00260432
         939   -0.308967  0.00265665
         940   -0.251815  0.00350759
         941   -0.276027    0.002596
         942   -0.276027    0.002596
         943   -0.276027    0.002596
         944   -0.150418  0.00366356
         945 -0.00237993  0.00412791
         946   0.0492731  0.00447711
         947   0.0492731  0.00447711
         948   0.0492731  0.00447711
         949  -0.0634763  0.00419487
         950    0.109832  0.00533458
         951   0.0900309  0.00515209
         952   0.0721066  0.00423024
         953  -0.0761926  0.00372497
         954   -0.150503   0.0030977
         955   -0.138702  0.00257158
         956   -0.221437   0.0022373
         957    -0.18119  0.00208158
         958   -0.112813  0.00176341
         959   -0.116672   0.0025647
         960   -0.119625  0.00337261
         961   -0.182192  0.00284719
         962   -0.178133  0.00280592
         963   -0.199194  0.00230449
         964   -0.229894   0.0020459
         965   -0.239212  0.00165353
         966   -0.280746  0.00140247
         967   -0.283806  0.00141485
         968   -0.283806  0.00141485
         969    -0.34234  0.00144101
         970     -0.3976  0.00132066
         971   -0.359809  0.00148241
         972   -0.358494  0.00149083
         973   -0.358494  0.00149083
         974   -0.344225  0.00137599
         975   -0.384121  0.00139061
         976   -0.390701  0.00126602
         977   -0.427659  0.00108397
         978   -0.395832  0.00141386
         979    -0.37857  0.00162353
         980   -0.378887  0.00173279
         981   -0.378887  0.00173279
         982   -0.382059   0.0017653
         983   -0.366592  0.00180658
         984   -0.344975  0.00223526
         985   -0.380655  0.00202225
         986   -0.380888  0.00191624
         987   -0.384226  0.00177297
         988   -0.387003  0.00164853
         989   -0.363945  0.00193623
         990   -0.363945  0.00193623
         991   -0.371387  0.00136524
         992   -0.353378   0.0015011
         993   -0.318671  0.00171943
         994   -0.319613  0.00177981
         995   -0.300602  0.00166849
         996   -0.299982    0.002055
         997   -0.290631  0.00205884
         998   -0.278419   0.0022527
         999   -0.286272  0.00252473
        1000   -0.266864  0.00306586
        1001   -0.256456  0.00315623
        1002   -0.236954  0.00351769
        1003   -0.269423   0.0028837
        1004    -0.26838  0.00234215
        1005   -0.272027  0.00227697
        1006   -0.270888  0.00257128
        1007   -0.270895  0.00261333
        1008   -0.260455  0.00294162
        1009   -0.279744  0.00260152
        1010   -0.274628  0.00269995
        1011   -0.269168  0.00312628
        1012   -0.249984  0.00340583
        1013   -0.234024  0.00338337
        1014   -0.244005  0.00311921
        1015   -0.236372  0.00368454
        1016   -0.236372  0.00368454
        1017   -0.274419  0.00237457
        1018   -0.280483   0.0026523
        1019   -0.262358  0.00287433
        1020   -0.234168  0.00332188
        1021   -0.205213  0.00364463
        1022   -0.218925  0.00417785
        1023   -0.242167  0.00334154
        1024   -0.247386  0.00306809
        1025   -0.264211  0.00244696
        1026   -0.249071  0.00321163
        1027   -0.258656  0.00266668
        1028   -0.257885  0.00289859
        1029   -0.259898  0.00241442
        1030   -0.256645  0.00286587
        1031   -0.272004  0.00273016
        1032   -0.263658  0.00252631
        1033   -0.254449  0.00299632
        1034   -0.238106  0.00289657
        1035   -0.208361  0.00319869
        1036   -0.208361  0.00319869
        1037   -0.163951  0.00376465
        1038   -0.141802     0.00474
        1039  -0.0867558  0.00540124
        1040   -0.133769  0.00459369
        1041   -0.162164  0.00416378
        1042   -0.162164  0.00416378
        1043   -0.164691  0.00462506
        1044   -0.140755  0.00473248
        1045   -0.154096  0.00468905
        1046   -0.195882  0.00369814
        1047   -0.199212  0.00358192
        1048   -0.226201  0.00308418
        1049   -0.241131  0.00302819
        1050   -0.215841  0.00413121
        1051   -0.202035  0.00375961
        1052   -0.211566  0.00359989
        1053   -0.227492    0.003428
        1054   -0.208419  0.00390917
        1055   -0.179594  0.00375729
        1056   -0.212521  0.00365647
        1057   -0.204577  0.00366115
        1058   -0.224391  0.00324426
        1059   -0.244743  0.00226026
        1060   -0.241684  0.00271191
        1061   -0.211276  0.00411403
        1062   -0.237997  0.00320528
        1063   -0.245836  0.00285835
        1064   -0.253425  0.00264577
        1065   -0.247918  0.00311465
        1066   -0.255402  0.00236771
        1067   -0.256468  0.00264956
        1068   -0.248811  0.00249261
        1069   -0.255804  0.00200777
        1070   -0.241572  0.00215855
        1071    -0.23415  0.00234333
        1072   -0.262058  0.00229871
        1073   -0.269363  0.00201851
        1074   -0.266825  0.00212608
        1075   -0.267179  0.00261632
        1076   -0.267179  0.00261632
        1077   -0.271106  0.00233302
        1078   -0.271106  0.00233302
        1079   -0.261646  0.00240077
        1080   -0.252174  0.00228388
        1081   -0.253893  0.00261041
        1082   -0.260866  0.00287197
        1083   -0.255422  0.00269612
        1084   -0.268519  0.00255896
        1085   -0.264979  0.00208655
        1086   -0.266085  0.00186048
        1087   -0.265337  0.00236603
        1088   -0.267816  0.00258647
        1089   -0.255409  0.00214464
        1090    -0.24719  0.00216931
        1091    -0.26173  0.00219799
        1092   -0.266467  0.00255119
        1093   -0.262876   0.0025042
        1094   -0.246088  0.00310048
        1095   -0.260637   0.0027273
        1096   -0.260843  0.00269821
        1097   -0.253661  0.00237763
        1098   -0.253145   0.0026862
        1099   -0.257199   0.0026279
        1100   -0.245591  0.00242694
        1101   -0.235529  0.00296612
        1102   -0.238279  0.00268883
        1103   -0.216278  0.00333959
        1104   -0.225464  0.00300119
        1105   -0.222443  0.00331319
        1106   -0.238678  0.00337049
        1107   -0.258957  0.00255629
        1108   -0.252336  0.00257424
        1109   -0.257772  0.00193041
        1110   -0.250695  0.00278527
        1111   -0.250695  0.00278527
        1112   -0.255239  0.00257332
        1113   -0.260761  0.00257033
        1114   -0.260761  0.00257033
        1115   -0.255273  0.00239274
        1116   -0.256821  0.00203071
        1117   -0.256821  0.00203071
        1118   -0.248638  0.00216048
        1119   -0.248638  0.00216048
        1120   -0.260069  0.00225735
        1121   -0.256045  0.00272498
        1122    -0.23997  0.00322278
        1123   -0.233689  0.00314646
        1124   -0.230526  0.00298939
        1125   -0.242748  0.00327079
        1126   -0.242748  0.00327079
        1127   -0.234479  0.00302231
        1128   -0.257064   0.0026373
        1129   -0.247022  0.00277891
        1130   -0.264461  0.00264147
        1131   -0.264033  0.00244791
        1132   -0.264033  0.00244791
        1133   -0.286576   0.0022726
        1134   -0.283019  0.00227779
        1135   -0.278874  0.00194297
        1136   -0.262476  0.00215249
        1137   -0.272979  0.00204928
        1138   -0.264911  0.00198111
        1139   -0.236903  0.00228225
        1140   -0.213978  0.00232159
        1141   -0.218139  0.00251925
        1142   -0.231155  0.00216944
        1143   -0.228723   0.0023534
        1144   -0.228758  0.00229043
        1145   -0.253686  0.00228486
        1146   -0.264704  0.00254601
        1147   -0.264704  0.00254601
        1148   -0.271783  0.00199506
        1149    -0.26211  0.00233404
        1150    -0.26211  0.00233404
        1151    -0.27398    0.002223
        1152   -0.269513  0.00277427
        1153   -0.280763  0.00243902
        1154   -0.278638  0.00259482
        1155   -0.278638  0.00259482
        1156   -0.272375  0.00303081
        1157   -0.269162  0.00276758
        1158   -0.283028  0.00259179
        1159   -0.254486  0.00301128
        1160   -0.287304   0.0027986
        1161   -0.266498  0.00289236
        1162   -0.241941   0.0031472
        1163     -0.2252  0.00303928
        1164   -0.220625  0.00369364
        1165   -0.244948  0.00333224
        1166   -0.259355  0.00269219
        1167   -0.217937  0.00328353
        1168   -0.180769  0.00412734
        1169   -0.192787  0.00385794
        1170   -0.229558  0.00325898
        1171   -0.208429  0.00373088
        1172   -0.214522  0.00371329
        1173   -0.189486  0.00384126
        1174   -0.189486  0.00384126
        1175   -0.137751  0.00489542
        1176  -0.0441843  0.00536976
        1177  -0.0441843  0.00536976
        1178  -0.0179929  0.00650226
        1179  -0.0850471  0.00528707
        1180  -0.0892029  0.00591532
        1181  -0.0892029  0.00591532
        1182  -0.0925305  0.00553255
        1183  -0.0925305  0.00553255
        1184   -0.117341  0.00475617
        1185     -0.1843  0.00416708
        1186     -0.1843  0.00416708
        1187   -0.210083  0.00391686
        1188   -0.186525  0.00401727
        1189   -0.222411  0.00309712
        1190   -0.207482   0.0040819
        1191   -0.224972  0.00373935
        1192   -0.245001  0.00305514
        1193   -0.255705  0.00240713
        1194   -0.268447  0.00277909
        1195   -0.278763  0.00222458
        1196   -0.278763  0.00222458
        1197   -0.266114  0.00235217
        1198   -0.267741  0.00240406
        1199   -0.267741  0.00240406
        1200   -0.264042  0.00258663
        1201   -0.244469  0.00288778
        1202   -0.268501  0.00257102
        1203   -0.253473  0.00287608
        1204   -0.252005  0.00281277
        1205   -0.261958  0.00248386
        1206   -0.272372  0.00231246
        1207   -0.260893  0.00277782
        1208    -0.27361  0.00256615
        1209    -0.27305  0.00257315
        1210   -0.289738  0.00247586
        1211   -0.284621  0.00223683
        1212   -0.289037  0.00225243
        1213   -0.259585  0.00280989
        1214   -0.293253  0.00243615
        1215   -0.299865   0.0026748
        1216   -0.326249  0.00203081
        1217   -0.336724   0.0016595
        1218   -0.319966   0.0021193
        1219   -0.315363   0.0019792
        1220    -0.31015  0.00185126
        1221   -0.322562  0.00182229
        1222   -0.341565  0.00159401
        1223   -0.314524  0.00176495
        1224   -0.339391  0.00154976
        1225   -0.375856  0.00120147
        1226    -0.36461  0.00143208
        1227    -0.37758  0.00114687
        1228   -0.356004  0.00115426
        1229   -0.370632  0.00108595
        1230   -0.354467  0.00119299
        1231   -0.385636  0.00108853
        1232   -0.360279  0.00106658
        1233   -0.358859  0.00109196
        1234   -0.358859  0.00109196
        1235   -0.358859  0.00109196
        1236   -0.350457  0.00127095
        1237   -0.300558  0.00146133
        1238   -0.305866  0.00132399
        1239   -0.282162  0.00162556
        1240   -0.308037  0.00156951
        1241   -0.285244  0.00143932
        1242   -0.254213  0.00178954
        1243   -0.223737  0.00180293
        1244   -0.187636   0.0021004
        1245    -0.14742  0.00198105
        1246    -0.14742  0.00198105
        1247   -0.207485  0.00184126
        1248   -0.203407   0.0018531
        1249   -0.194748  0.00187718
        1250   -0.232438  0.00162239
        1251   -0.220991  0.00183358
        1252    -0.31039  0.00142802
        1253     -0.3381  0.00129213
        1254    -0.28826  0.00154036
        1255   -0.356143  0.00120468
        1256   -0.361153  0.00114925
        1257   -0.364137  0.00112612
        1258   -0.345732    0.001172
        1259   -0.345732    0.001172
        1260   -0.314264  0.00144301
        1261   -0.339668  0.00154026
        1262   -0.306272   0.0017024
        1263   -0.234918  0.00189232
        1264   -0.216559  0.00182912
        1265   -0.216559  0.00182912
        1266   -0.249083  0.00191673
        1267   -0.200004  0.00254299
        1268   -0.231978  0.00185626
        1269   -0.170229   0.0020749
        1270   -0.188341  0.00206691
        1271   -0.168099  0.00178707
        1272   -0.168099  0.00178707
        1273    -0.23981  0.00194712
        1274   -0.257923  0.00152974
        1275   -0.293783  0.00156559
        1276   -0.273757  0.00183137
        1277   -0.317336  0.00139696
        1278   -0.349551  0.00113752
        1279    -0.34499  0.00127118
        1280   -0.310574  0.00163862
        1281   -0.347979  0.00137507
        1282   -0.323758  0.00158914
        1283   -0.326368  0.00146212
        1284   -0.325283  0.00128001
        1285   -0.348237  0.00133069
        1286   -0.374783  0.00124948
        1287   -0.374783  0.00124948
        1288    -0.38841  0.00106618
        1289   -0.401765  0.00109216
        1290   -0.358804  0.00169506
        1291   -0.370811  0.00159455
        1292   -0.351152  0.00132777
        1293   -0.338099  0.00159256
        1294   -0.335099  0.00164851
        1295   -0.373115  0.00145043
        1296   -0.367412  0.00155371
        1297   -0.343419  0.00193978
        1298   -0.345503   0.0013764
        1299   -0.326234  0.00146086
        1300   -0.317133  0.00156408
        1301    -0.31104  0.00175718
        1302   -0.338996  0.00171724
        1303   -0.315357  0.00186151
        1304   -0.338496  0.00163928
        1305   -0.338294  0.00148691
        1306   -0.316936  0.00189833
        1307   -0.316936  0.00189833
        1308   -0.308561  0.00210167
        1309   -0.284309  0.00215256
        1310   -0.288778  0.00220519
        1311   -0.268452  0.00340728
        1312   -0.279164  0.00261954
        1313   -0.279332  0.00256343
        1314   -0.279332  0.00256343
        1315   -0.279332  0.00256343
        1316   -0.284658   0.0020659
        1317   -0.286128  0.00219843
        1318   -0.271875  0.00184618
        1319    -0.26862  0.00246724
        1320    -0.26862  0.00246724
        1321    -0.26243  0.00276497
        1322   -0.253482  0.00261785
        1323   -0.263049  0.00251988
        1324   -0.263049  0.00251988
        1325    -0.26067   0.0025203
        1326   -0.256267  0.00254975
        1327   -0.251274  0.00229295
        1328   -0.247811  0.00240276
        1329   -0.243543  0.00219003
        1330   -0.223976  0.00212546
        1331   -0.209788  0.00233703
        1332   -0.183001  0.00223133
        1333   -0.162037  0.00225616
        1334   -0.167786  0.00259627
        1335   -0.207674  0.00232832
        1336   -0.182647  0.00202224
        1337   -0.224763  0.00210842
        1338   -0.231288  0.00208244
        1339   -0.211554  0.00216172
        1340   -0.248481  0.00213701
        1341    -0.25048  0.00253659
        1342   -0.267253  0.00213874
        1343   -0.275291  0.00186213
        1344   -0.253083  0.00186428
        1345   -0.242288  0.00201957
        1346   -0.239309  0.00212176
        1347   -0.253012   0.0021685
        1348   -0.259765  0.00197178
        1349   -0.264076  0.00260015
        1350   -0.267821  0.00220512
        1351   -0.255615  0.00218863
        1352   -0.253731  0.00224583
        1353   -0.258204  0.00209033
        1354   -0.266519  0.00214656
        1355   -0.266612   0.0025451
        1356   -0.268223  0.00254284
        1357   -0.270016  0.00205056
        1358   -0.264233  0.00215967
        1359   -0.264651  0.00242551
        1360   -0.263495  0.00255166
        1361   -0.264702  0.00245974
        1362   -0.264634  0.00246531
        1363    -0.27307  0.00245411
        1364   -0.249467  0.00204916
        1365   -0.228874  0.00232325
        1366   -0.220031  0.00242923
        1367   -0.251056  0.00210691
        1368   -0.257012  0.00210629
        1369   -0.264558  0.00227096
        1370   -0.282183  0.00255175
        1371   -0.278627   0.0022349
        1372   -0.274472  0.00220079
        1373   -0.275433  0.00239044
        1374   -0.288496  0.00236468
        1375   -0.288312  0.00191708
        1376   -0.288312  0.00191708
        1377   -0.292506  0.00206104
        1378   -0.292384  0.00220411
        1379    -0.27585  0.00280959
        1380    -0.27585  0.00280959
        1381    -0.28307  0.00211596
        1382    -0.28307  0.00211596
        1383   -0.277022  0.00268802
        1384   -0.277022  0.00268802
        1385   -0.261536  0.00288723
        1386   -0.249909  0.00294767
        1387    -0.26147  0.00292034
        1388   -0.269285  0.00273634
        1389   -0.269285  0.00273634
        1390   -0.249585  0.00344516
        1391   -0.254239  0.00319586
        1392   -0.234032  0.00323395
        1393    -0.25461  0.00245501
        1394   -0.270485  0.00220753
        1395   -0.253443  0.00258578
        1396   -0.257363  0.00267153
        1397   -0.255794  0.00262583
        1398   -0.261535  0.00230707
        1399   -0.252087  0.00223608
        1400   -0.262692  0.00224306
        1401   -0.255156  0.00223393
        1402   -0.255163  0.00215575
        1403   -0.258972  0.00218375
        1404   -0.254256  0.00206727
        1405   -0.273558  0.00210925
        1406   -0.284277  0.00191337
        1407   -0.299001  0.00190172
        1408   -0.317869  0.00181926
        1409    -0.30611  0.00181676
        1410   -0.332235   0.0016156
        1411   -0.332235   0.0016156
        1412   -0.332235   0.0016156
        1413   -0.331608   0.0017041
        1414   -0.368754  0.00143887
        1415   -0.377622   0.0014533
        1416   -0.402087  0.00114071
        1417   -0.380926  0.00118242
        1418   -0.366103  0.00128178
        1419   -0.374886  0.00121179
        1420    -0.39944  0.00102772
        1421   -0.399851   0.0012803
        1422   -0.427227  0.00091903
        1423   -0.389293  0.00135049
        1424   -0.369289  0.00145175
        1425   -0.347257  0.00207664
        1426   -0.347257  0.00207664
        1427   -0.318953  0.00266576
        1428   -0.259084   0.0028916
        1429   -0.280007  0.00280799
        1430   -0.304563  0.00240768
        1431   -0.304563  0.00240768
        1432   -0.343984   0.0024137
        1433   -0.373434  0.00230808
        1434    -0.36489  0.00209161
        1435   -0.340019  0.00207274
        1436   -0.340019  0.00207274
        1437   -0.374194  0.00193204
        1438   -0.391886  0.00171539
        1439   -0.405775  0.00147312
        1440   -0.405775  0.00147312
        1441   -0.405775  0.00147312
        1442    -0.36492  0.00197863
        1443    -0.37902  0.00168728
        1444   -0.392424   0.0012981
        1445   -0.359695  0.00185191
        1446   -0.371958  0.00185281
        1447   -0.371958  0.00185281
        1448   -0.397342  0.00128535
        1449   -0.397342  0.00128535
        1450   -0.397342  0.00128535
        1451   -0.397342  0.00128535
        1452   -0.397342  0.00128535
        1453   -0.413548  0.00103314
        1454     -0.4137 0.000934329
        1455   -0.396663 0.000933906
        1456   -0.416288 0.000895915
        1457   -0.431396 0.000826232
        1458   -0.431396 0.000826232
        1459   -0.399016   0.0012941
        1460   -0.434934 0.000864873
        1461   -0.423756  0.00120301
        1462   -0.435558 0.000980223
        1463   -0.439662 0.000835717
        1464   -0.443355 0.000917941
        1465   -0.438476 0.000979178
        1466   -0.438476 0.000979178
        1467   -0.438476 0.000979178
        1468    -0.44104 0.000942429
        1469     -0.4333  0.00098007
        1470   -0.430588 0.000949539
        1471   -0.430588 0.000949539
        1472   -0.428239 0.000959842
        1473   -0.432664 0.000869898
        1474   -0.425501  0.00109316
        1475   -0.402279  0.00108527
        1476   -0.402279  0.00108527
        1477   -0.426446 0.000832159
        1478    -0.41153  0.00100756
        1479   -0.400594  0.00114056
        1480   -0.377734  0.00119704
        1481   -0.382693  0.00108651
        1482   -0.391848  0.00100361
        1483   -0.365288 0.000995418
        1484   -0.365288 0.000995418
        1485   -0.393315  0.00106867
        1486   -0.363725  0.00148234
        1487   -0.363725  0.00148234
        1488   -0.363725  0.00148234
        1489   -0.363725  0.00148234
        1490   -0.295369  0.00238099
        1491   -0.319354  0.00187585
        1492   -0.345406  0.00185859
        1493   -0.306578    0.001962
        1494   -0.359257  0.00180892
        1495   -0.359257  0.00180892
        1496   -0.377011  0.00151031
        1497   -0.356227  0.00213658
        1498   -0.288816  0.00286208
        1499   -0.262651  0.00285089
        1500   -0.262651  0.00285089
        1501   -0.251159  0.00256738
        1502   -0.251159  0.00256738
        1503   -0.353655  0.00170072
        1504   -0.406009  0.00113907
        1505   -0.403811  0.00158314
        1506   -0.424443  0.00108112
        1507   -0.424443  0.00108112
        1508   -0.413219  0.00124573
        1509   -0.437013  0.00103479
        1510   -0.437013  0.00103479
        1511   -0.437013  0.00103479
        1512   -0.433389  0.00125138
        1513   -0.428963  0.00102486
        1514   -0.428963  0.00102486
        1515   -0.414725  0.00112161
        1516   -0.432492  0.00110416
        1517   -0.432492  0.00110416
        1518   -0.432492  0.00110416
        1519   -0.433543  0.00100939
        1520   -0.433543  0.00100939
        1521   -0.428191  0.00108032
        1522   -0.425859  0.00104992
        1523   -0.425859  0.00104992
        1524   -0.387135  0.00123773
        1525   -0.384554  0.00136623
        1526   -0.419751  0.00120953
        1527   -0.419751  0.00120953
        1528   -0.419751  0.00120953
        1529   -0.438337 0.000977968
        1530   -0.421497  0.00132604
        1531   -0.400941  0.00134577
        1532   -0.375506  0.00190982
        1533   -0.375506  0.00190982
        1534   -0.431878  0.00107289
        1535   -0.438912 0.000876579
        1536   -0.439194 0.000920702
        1537   -0.436015  0.00104168
        1538   -0.436015  0.00104168
        1539   -0.420222  0.00124925
        1540   -0.408908    0.001215
        1541   -0.390717   0.0017921
        1542   -0.432323  0.00118743
        1543   -0.432323  0.00118743
        1544   -0.440114 0.000902903
        1545   -0.440114 0.000902903
        1546   -0.435484  0.00112429
        1547   -0.435484  0.00112429
        1548   -0.438444  0.00115012
        1549   -0.444119 0.000905987
        1550   -0.425777   0.0012196
        1551   -0.430123 0.000968756
        1552   -0.437254 0.000959753
        1553   -0.443275 0.000963604
        1554   -0.443275 0.000963604
        1555   -0.438932  0.00110822
        1556   -0.419651  0.00118926
        1557   -0.432927  0.00106055
        1558   -0.423881  0.00121416
        1559   -0.397142  0.00145863
        1560    -0.40733  0.00125161
        1561   -0.406121  0.00137906
        1562   -0.368654  0.00174578
        1563   -0.368654  0.00174578
        1564   -0.330359   0.0019461
        1565   -0.268367  0.00285062
        1566   -0.268367  0.00285062
        1567   -0.268367  0.00285062
        1568   -0.268367  0.00285062
        1569   -0.268367  0.00285062
        1570   -0.380149  0.00182018
        1571   -0.373255  0.00207708
        1572   -0.373255  0.00207708
        1573   -0.373255  0.00207708
        1574    -0.42632  0.00105658
        1575   -0.396927  0.00139417
        1576   -0.396927  0.00139417
        1577   -0.388585  0.00170651
        1578   -0.413121  0.00119747
        1579   -0.431213  0.00128849
        1580   -0.434444  0.00105651
        1581   -0.440815 0.000977084
        1582   -0.437117 0.000916266
        1583   -0.431184 0.000931915
        1584   -0.436157  0.00111266
        1585   -0.436157  0.00111266
        1586    -0.42669  0.00121681
        1587   -0.444287 0.000888317
        1588   -0.429295  0.00106133
        1589   -0.413751  0.00125384
        1590   -0.420328   0.0012563
        1591   -0.441441  0.00095609
        1592   -0.441441  0.00095609
        1593   -0.441441  0.00095609
        1594   -0.437771 0.000972479
        1595    -0.44212 0.000990633
        1596    -0.44212 0.000990633
        1597   -0.436712  0.00104982
        1598   -0.436712  0.00104982
        1599   -0.436712  0.00104982
        1600    -0.44392 0.000871202
        1601   -0.435848  0.00111771
        1602     -0.4338  0.00109108
        1603    -0.44196  0.00106374
        1604    -0.44196  0.00106374
        1605   -0.445506 0.000931345
        1606   -0.442247 0.000887692
        1607   -0.442247 0.000887692
        1608   -0.442247 0.000887692
        1609   -0.441983 0.000923165
        1610   -0.434406  0.00106691
        1611   -0.434406  0.00106691
        1612   -0.437297   0.0011858
        1613   -0.437297   0.0011858
        1614   -0.430473 0.000922961
        1615   -0.406893  0.00142386
        1616   -0.379531  0.00174448
        1617   -0.409145  0.00151712
        1618   -0.406225   0.0012557
        1619   -0.410625  0.00104914
        1620   -0.428576 0.000833654
        1621   -0.441006 0.000943755
        1622   -0.442804 0.000941095
        1623   -0.442804 0.000941095
        1624   -0.428379  0.00101542
        1625   -0.428965 0.000941276
        1626   -0.428965 0.000941276
        1627   -0.428965 0.000941276
        1628   -0.436362 0.000973532
        1629    -0.41718   0.0012545
        1630    -0.41718   0.0012545
        1631   -0.424358 0.000976011
        1632   -0.414404  0.00137884
        1633   -0.414404  0.00137884
        1634   -0.414404  0.00137884
        1635   -0.414404  0.00137884
        1636   -0.428448  0.00113247
        1637   -0.430548 0.000965692
        1638   -0.434507 0.000876835
        1639   -0.433798 0.000982403
        1640    -0.44312 0.000872766
        1641   -0.442376 0.000816534
        1642   -0.429145  0.00135164
        1643   -0.429145  0.00135164
        1644   -0.441475  0.00100768
        1645   -0.441475  0.00100768
        1646   -0.437472  0.00116694
        1647   -0.437472  0.00116694
        1648   -0.437472  0.00116694
        1649   -0.415567  0.00150213
        1650   -0.419209  0.00117032
        1651   -0.429107  0.00100519
        1652   -0.417615  0.00142702
        1653   -0.415329  0.00145574
        1654   -0.408321  0.00132521
        1655   -0.408321  0.00132521
        1656   -0.416365  0.00110478
        1657   -0.416365  0.00110478
        1658   -0.420632  0.00133811
        1659   -0.414856   0.0011488
        1660   -0.444235 0.000852873
        1661   -0.436108  0.00107851
        1662   -0.437659   0.0010107
        1663   -0.439256 0.000922505
        1664   -0.439834 0.000937064
        1665   -0.436597 0.000715957
        1666   -0.421468  0.00122272
        1667    -0.42349  0.00117559
        1668   -0.398882  0.00144396
        1669   -0.398882  0.00144396
        1670   -0.438233 0.000856513
        1671   -0.438233 0.000856513
        1672   -0.422142  0.00114068
        1673   -0.434773  0.00108985
        1674   -0.440647 0.000882403
        1675   -0.440647 0.000882403
        1676   -0.431631  0.00120484
        1677   -0.431631  0.00120484
        1678   -0.416703  0.00155282
        1679   -0.399454  0.00177169
        1680   -0.414502  0.00125743
        1681   -0.414502  0.00125743
        1682   -0.437007  0.00101678
        1683   -0.443555 0.000906647
        1684    -0.43275  0.00102002
        1685   -0.443873 0.000734624
        1686   -0.443873 0.000734624
        1687   -0.443873 0.000734624
        1688   -0.443873 0.000734624
        1689   -0.439657 0.000972289
        1690    -0.43312 0.000993461
        1691    -0.43832  0.00099882
        1692   -0.444056  0.00101963
        1693   -0.439597 0.000953585
        1694    -0.42844 0.000961189
        1695    -0.42844 0.000961189
        1696   -0.427408  0.00106169
        1697   -0.427408  0.00106169
        1698   -0.433455 0.000815719
        1699   -0.423577 0.000951998
        1700   -0.395901  0.00100964
        1701   -0.392403  0.00108323
        1702   -0.399927  0.00127998
        1703   -0.433626 0.000855667
        1704   -0.433626 0.000855667
        1705   -0.434046 0.000962025
        1706   -0.434046 0.000962025
        1707   -0.444474 0.000910047
        1708   -0.440549  0.00089947
        1709   -0.440339  0.00106171
        1710   -0.440339  0.00106171
        1711   -0.437889 0.000956756
        1712   -0.441557 0.000901491
        1713   -0.442561 0.000979477
        1714   -0.437307 0.000974526
        1715   -0.437307 0.000974526
        1716     -0.4363 0.000921224
        1717   -0.429448  0.00117559
        1718   -0.429448  0.00117559
        1719   -0.429448  0.00117559
        1720   -0.426384  0.00131532
        1721   -0.422274  0.00101829
        1722   -0.433125 0.000910747
        1723   -0.428728  0.00117808
        1724   -0.425181  0.00097844
        1725   -0.425181  0.00097844
        1726   -0.439474 0.000866815
        1727   -0.443365 0.000960557
        1728    -0.43757 0.000799857
        1729    -0.43757 0.000799857
        1730   -0.424757 0.000881038
        1731   -0.424757 0.000881038
        1732   -0.417813 0.000757797
        1733   -0.398658  0.00109485
        1734   -0.422183 0.000936971
        1735   -0.421436 0.000888038
        1736   -0.421436 0.000888038
        1737   -0.405361  0.00105565
        1738   -0.410739  0.00119779
        1739   -0.397862  0.00157693
        1740   -0.397862  0.00157693
        1741   -0.390838  0.00164594
        1742   -0.390838  0.00164594
        1743    -0.39505  0.00159938
        1744   -0.419674  0.00109312
        1745   -0.429351  0.00125649
        1746   -0.420008  0.00124507
        1747   -0.416481  0.00123783
        1748   -0.433716 0.000982564
        1749   -0.406205  0.00132605
        1750    -0.40138  0.00118495
        1751   -0.398663  0.00129513
        1752   -0.398663  0.00129513
        1753   -0.398663  0.00129513
        1754   -0.384994  0.00136172
        1755   -0.384994  0.00136172
        1756   -0.363617  0.00155836
        1757   -0.363617  0.00155836
        1758   -0.363617  0.00155836
        1759   -0.372674  0.00165473
        1760   -0.385177  0.00137912
        1761   -0.382175  0.00111858
        1762   -0.390382  0.00124109
        1763   -0.390382  0.00124109
        1764   -0.376023  0.00174196
        1765   -0.392481   0.0017182
        1766   -0.407827  0.00149182
        1767   -0.422181  0.00116799
        1768   -0.429325  0.00106161
        1769   -0.429325  0.00106161
        1770   -0.404561  0.00141066
        1771   -0.381358  0.00199212
        1772   -0.418657  0.00125997
        1773   -0.403701  0.00152172
        1774    -0.40514  0.00166257
        1775    -0.40514  0.00166257
        1776    -0.40514  0.00166257
        1777   -0.413227  0.00150916
        1778   -0.413227  0.00150916
        1779   -0.435715  0.00105521
        1780   -0.410026  0.00137423
        1781   -0.432589  0.00117155
        1782   -0.432589  0.00117155
        1783   -0.434877 0.000953831
        1784   -0.424944  0.00133717
        1785   -0.441604  0.00091522
        1786   -0.430576  0.00109786
        1787   -0.442234 0.000907017
        1788   -0.423135  0.00128273
        1789   -0.436264  0.00103824
        1790    -0.41992  0.00140474
        1791   -0.442014  0.00091941
        1792   -0.442014  0.00091941
        1793   -0.442235 0.000866962
        1794   -0.442235 0.000866962
        1795   -0.429949  0.00106118
        1796   -0.429949  0.00106118
        1797   -0.426005 0.000932546
        1798   -0.426005 0.000932546
        1799   -0.426005 0.000932546
        1800   -0.426005 0.000932546
        1801   -0.421094  0.00125732
        1802   -0.397395  0.00123281
        1803   -0.422776 0.000978301
        1804   -0.390982  0.00133857
        1805   -0.398423  0.00131463
        1806   -0.398423  0.00131463
        1807   -0.431826 0.000943944
        1808   -0.423983  0.00110246
        1809   -0.423983  0.00110246
        1810   -0.422461  0.00103317
        1811   -0.422461  0.00103317
        1812   -0.422461  0.00103317
        1813   -0.402298  0.00131341
        1814   -0.402298  0.00131341
        1815   -0.402298  0.00131341
        1816   -0.402298  0.00131341
        1817   -0.415117  0.00124756
        1818   -0.415117  0.00124756
        1819   -0.399111  0.00104242
        1820   -0.419176  0.00117208
        1821   -0.428156   0.0010526
        1822   -0.410442  0.00118598
        1823   -0.410442  0.00118598
        1824   -0.432583 0.000966055
        1825   -0.443013 0.000870467
        1826   -0.435199  0.00101331
        1827   -0.424716  0.00123804
        1828   -0.424716  0.00123804
        1829   -0.400758  0.00163289
        1830   -0.429033  0.00109867
        1831   -0.442379 0.000996368
        1832   -0.441474  0.00099875
        1833   -0.440735 0.000935286
        1834   -0.442286 0.000850043
        1835   -0.442286 0.000850043
        1836   -0.442286 0.000850043
        1837   -0.442286 0.000850043
        1838   -0.431567  0.00111677
        1839   -0.421863  0.00121165
        1840   -0.439519  0.00110268
        1841   -0.429498  0.00100926
        1842   -0.432549  0.00127191
        1843   -0.440214 0.000893967
        1844   -0.441526  0.00110356
        1845   -0.441526  0.00110356
        1846   -0.440623 0.000960466
        1847   -0.435165 0.000919361
        1848   -0.435165 0.000919361
        1849   -0.426735  0.00104584
        1850   -0.426735  0.00104584
        1851   -0.411978  0.00128922
        1852   -0.411978  0.00128922
        1853   -0.427033  0.00113054
        1854   -0.440259 0.000865278
        1855   -0.440259 0.000865278
        1856   -0.440259 0.000865278
        1857   -0.440259 0.000865278
        1858   -0.433592  0.00107501
        1859    -0.44415 0.000951451
        1860   -0.437367 0.000859797
        1861   -0.439972 0.000747283
        1862   -0.439972 0.000747283
        1863   -0.439972 0.000747283
        1864   -0.428095  0.00125098
        1865   -0.428095  0.00125098
        1866   -0.428095  0.00125098
        1867   -0.429723  0.00108817
        1868   -0.429723  0.00108817
        1869   -0.421536   0.0012753
        1870   -0.405537  0.00156872
        1871   -0.419477  0.00102037
        1872    -0.42505  0.00118127
        1873    -0.42505  0.00118127
        1874    -0.42505  0.00118127
        1875    -0.42505  0.00118127
        1876    -0.42505  0.00118127
        1877    -0.42679 0.000919857
        1878   -0.405904  0.00106837
        1879   -0.405904  0.00106837
        1880   -0.401796  0.00100785
        1881   -0.401796  0.00100785
        1882   -0.401796  0.00100785
        1883   -0.387873  0.00110847
        1884   -0.401511  0.00105619
        1885   -0.418919 0.000863826
        1886   -0.406458  0.00090401
        1887   -0.406458  0.00090401
        1888   -0.404014  0.00097848
        1889   -0.403933 0.000969535
        1890   -0.396298  0.00102592
        1891   -0.402351 0.000903826
        1892   -0.383944  0.00113997
        1893   -0.383944  0.00113997
        1894   -0.383944  0.00113997
        1895   -0.376786  0.00125817
        1896   -0.412932 0.000941008
        1897    -0.40836  0.00138181
        1898   -0.393298  0.00114432
        1899   -0.402613  0.00103013
        1900   -0.402613  0.00103013
        1901   -0.402613  0.00103013
        1902   -0.402613  0.00103013
        1903   -0.402292 0.000957173
        1904   -0.418221 0.000953416
        1905     -0.4194  0.00101764
        1906   -0.420858  0.00103968
        1907   -0.420858  0.00103968
        1908   -0.420858  0.00103968
        1909   -0.428731 0.000951436
        1910   -0.425256   0.0011012
        1911   -0.425256   0.0011012
        1912   -0.425256   0.0011012
        1913   -0.426299 0.000981753
        1914   -0.426299 0.000981753
        1915   -0.408633  0.00142556
        1916   -0.424292  0.00109899
        1917   -0.424292  0.00109899
        1918   -0.424292  0.00109899
        1919   -0.424292  0.00109899
        1920   -0.436006 0.000914628
        1921   -0.433644  0.00086575
        1922   -0.438468 0.000936407
        1923   -0.438468 0.000936407
        1924   -0.436819 0.000808856
        1925   -0.436002  0.00100871
        1926   -0.439926 0.000971959
        1927   -0.439011 0.000940862
        1928   -0.416926   0.0013098
        1929   -0.416926   0.0013098
        1930   -0.435631 0.000990464
        1931   -0.435631 0.000990464
        1932   -0.435631 0.000990464
        1933   -0.440703  0.00092382
        1934   -0.443125  0.00100401
        1935   -0.443125  0.00100401
        1936   -0.443125  0.00100401
        1937   -0.425107  0.00114059
        1938   -0.427628  0.00115413
        1939    -0.42528  0.00116698
        1940    -0.42528  0.00116698
        1941   -0.419136  0.00116828
        1942   -0.437631 0.000837944
        1943   -0.438702  0.00108257
        1944   -0.438702  0.00108257
        1945    -0.44208 0.000859843
        1946   -0.433062 0.000958879
        1947   -0.435081  0.00096285
        1948   -0.415918  0.00127142
        1949   -0.415918  0.00127142
        1950   -0.415918  0.00127142
        1951   -0.438009 0.000971027
        1952   -0.438873 0.000977855
        1953   -0.438873 0.000977855
        1954   -0.432044 0.000790898
        1955   -0.438195 0.000843162
        1956   -0.425636  0.00100635
        1957   -0.425636  0.00100635
        1958   -0.424424 0.000848658
        1959   -0.428202 0.000745278
        1960   -0.428202 0.000745278
        1961   -0.414123 0.000996898
        1962   -0.413148 0.000993711
        1963   -0.420684  0.00106819
        1964   -0.420684  0.00106819
        1965   -0.422083  0.00109944
        1966   -0.412469  0.00141727
        1967   -0.432672  0.00102843
        1968   -0.424917  0.00143338
        1969   -0.442897 0.000973628
        1970   -0.444983 0.000892349
        1971   -0.444983 0.000892349
        1972   -0.444983 0.000892349
        1973   -0.418117  0.00136728
        1974   -0.416639  0.00142724
        1975   -0.416639  0.00142724
        1976   -0.436643 0.000828876
        1977   -0.436643 0.000828876
        1978   -0.441011 0.000867921
        1979   -0.441011 0.000867921
        1980   -0.441011 0.000867921
        1981   -0.441011 0.000867921
        1982   -0.444215 0.000772651
        1983   -0.444215 0.000772651
        1984   -0.444215 0.000772651
        1985   -0.433297 0.000889832
        1986   -0.434147 0.000938668
        1987    -0.42423 0.000915028
        1988   -0.410079  0.00108015
        1989   -0.410079  0.00108015
        1990   -0.393708  0.00168535
        1991   -0.393708  0.00168535
        1992   -0.393708  0.00168535
        1993   -0.396572  0.00169114
        1994   -0.415651  0.00127373
        1995   -0.399237  0.00107276
        1996     -0.4088  0.00139901
        1997     -0.4088  0.00139901
        1998   -0.403579 0.000967009
        1999   -0.415998  0.00118611
        2000   -0.426628  0.00110292
        2001   -0.426628  0.00110292
        2002   -0.426628  0.00110292
        2003   -0.437114  0.00109033
        2004   -0.437114  0.00109033
        2005   -0.443148 0.000756841
        2006   -0.441063 0.000926757
        2007   -0.438326 0.000950788
        2008   -0.425215  0.00111658
        2009   -0.434666  0.00107675
        2010    -0.41674   0.0015035
        2011   -0.443427 0.000989525
        2012   -0.443427 0.000989525
        2013   -0.443427 0.000989525
        2014   -0.443427 0.000989525
        2015   -0.443427 0.000989525
        2016   -0.426463  0.00104792
        2017   -0.423188  0.00121584
        2018   -0.440151 0.000995397
        2019   -0.440151 0.000995397
        2020   -0.441728 0.000815638
        2021   -0.441814  0.00095414
        2022   -0.436575 0.000838863
        2023   -0.436575 0.000838863
        2024   -0.435513 0.000904161
        2025   -0.435513 0.000904161
        2026   -0.419458 0.000876918
        2027   -0.421746   0.0012088
        2028   -0.421746   0.0012088
        2029   -0.421746   0.0012088
        2030   -0.404751   0.0015486
        2031   -0.400495  0.00167971
        2032   -0.400495  0.00167971
        2033   -0.400495  0.00167971
        2034   -0.392945  0.00168366
        2035   -0.416533  0.00106668
        2036   -0.433079  0.00100384
        2037   -0.440635  0.00107829
        2038   -0.442707 0.000824923
        2039   -0.442707 0.000824923
        2040   -0.442707 0.000824923
        2041   -0.440877  0.00112862
        2042   -0.441862 0.000952721
        2043   -0.424714  0.00111338
        2044   -0.424714  0.00111338
        2045   -0.424714  0.00111338
        2046   -0.432294  0.00100461
        2047   -0.432294  0.00100461
        2048   -0.437161 0.000925165
        2049   -0.437939 0.000921377
        2050   -0.437939 0.000921377
        2051   -0.437939 0.000921377
        2052   -0.437939 0.000921377
        2053   -0.433774  0.00113547
        2054   -0.430733  0.00116716
        2055   -0.430733  0.00116716
        2056   -0.438366 0.000939819
        2057   -0.438366 0.000939819
        2058   -0.427766  0.00106632
        2059   -0.427766  0.00106632
        2060   -0.441406 0.000820502
        2061   -0.443714 0.000913953
        2062   -0.443714 0.000913953
        2063    -0.43159 0.000738305
        2064   -0.439338 0.000818905
        2065   -0.439338 0.000818905
        2066   -0.443472 0.000885176
        2067   -0.443472 0.000885176
        2068   -0.441539 0.000854707
        2069    -0.43509 0.000791583
        2070    -0.43509 0.000791583
        2071    -0.43509 0.000791583
        2072    -0.43509 0.000791583
        2073   -0.430635  0.00116203
        2074   -0.429022   0.0010266
        2075   -0.429022   0.0010266
        2076   -0.410532  0.00140169
        2077   -0.439606   0.0010693
        2078   -0.439606   0.0010693
        2079   -0.441902  0.00086303
        2080   -0.441902  0.00086303
        2081   -0.441902  0.00086303
        2082    -0.43493 0.000932464
        2083    -0.43493 0.000932464
        2084   -0.438474 0.000802611
        2085   -0.438525 0.000758341
        2086   -0.439797 0.000844249
        2087   -0.439797 0.000844249
        2088   -0.439797 0.000844249
        2089   -0.425912 0.000825705
        2090   -0.425912 0.000825705
        2091   -0.425912 0.000825705
        2092   -0.425912 0.000825705
        2093   -0.435462 0.000907553
        2094   -0.437463 0.000836574
        2095   -0.426247  0.00107371
        2096   -0.441259  0.00086626
        2097   -0.441259  0.00086626
        2098   -0.444528 0.000891508
        2099   -0.444528 0.000891508
        2100   -0.444528 0.000891508
        2101   -0.442397 0.000824902
        2102   -0.440086 0.000878962
        2103   -0.430802 0.000882377
        2104   -0.430802 0.000882377
        2105   -0.430802 0.000882377
        2106   -0.442395 0.000927673
        2107   -0.442395 0.000927673
        2108   -0.442395 0.000927673
        2109   -0.442395 0.000927673
        2110   -0.441115 0.000757468
        2111   -0.441115 0.000757468
        2112   -0.436803  0.00103858
        2113   -0.443838 0.000826099
        2114   -0.442913  0.00102638
        2115   -0.442913  0.00102638
        2116    -0.44058 0.000924905
        2117    -0.43792   0.0010168
        2118    -0.43792   0.0010168
        2119    -0.43792   0.0010168
        2120    -0.43792   0.0010168
        2121   -0.434725 0.000879704
        2122   -0.436562  0.00109191
        2123   -0.432205 0.000895867
        2124   -0.432205 0.000895867
        2125   -0.432205 0.000895867
        2126   -0.432205 0.000895867
        2127   -0.433267  0.00119136
        2128   -0.441232 0.000873462
        2129   -0.427078  0.00112549
        2130   -0.427078  0.00112549
        2131   -0.427078  0.00112549
        2132   -0.427078  0.00112549
        2133   -0.427078  0.00112549
        2134   -0.427078  0.00112549
        2135   -0.427078  0.00112549
        2136   -0.431255  0.00105622
        2137   -0.431255  0.00105622
        2138   -0.441811 0.000904387
        2139   -0.446257 0.000856426
        2140   -0.443021 0.000981223
        2141   -0.443021 0.000981223
        2142   -0.443021 0.000981223
        2143   -0.442996 0.000955024
        2144   -0.442996 0.000955024
        2145   -0.441844 0.000861801
        2146   -0.441844 0.000861801
        2147     -0.4395 0.000944157
        2148     -0.4395 0.000944157
        2149   -0.443923 0.000822336
        2150   -0.443923 0.000822336
        2151   -0.437179    0.001006
        2152   -0.435648  0.00081851
        2153    -0.43706 0.000949796
        2154   -0.444517 0.000860993
        2155   -0.444517 0.000860993
        2156   -0.444517 0.000860993
        2157   -0.443817 0.000812867
        2158   -0.443817 0.000812867
        2159   -0.443817 0.000812867
        2160   -0.443817 0.000812867
        2161   -0.443817 0.000812867
        2162   -0.441036 0.000861452
        2163   -0.441036 0.000861452
        2164   -0.441036 0.000861452
        2165   -0.439802 0.000963051
        2166   -0.437134 0.000935371
        2167   -0.437134 0.000935371
        2168   -0.437134 0.000935371
        2169   -0.437134 0.000935371
        2170   -0.437134 0.000935371
        2171   -0.437134 0.000935371
        2172   -0.444491 0.000849537
        2173   -0.444491 0.000849537
        2174   -0.444491 0.000849537
        2175   -0.444491 0.000849537
        2176   -0.444491 0.000849537
        2177   -0.444491 0.000849537
        2178   -0.444491 0.000849537
        2179   -0.444491 0.000849537
        2180   -0.444491 0.000849537
        2181   -0.444491 0.000849537
        2182   -0.444491 0.000849537
        2183   -0.444491 0.000849537
        2184   -0.444491 0.000849537
        2185   -0.437983  0.00100226
        2186   -0.437983  0.00100226
        2187   -0.444637 0.000836369
        2188   -0.444637 0.000836369
        2189   -0.442597  0.00109065
        2190   -0.440143 0.000837831
        2191   -0.440143 0.000837831
        2192   -0.440143 0.000837831
        2193   -0.440143 0.000837831
        2194    -0.44634 0.000927774
        2195    -0.43936 0.000932543
        2196   -0.434519 0.000845102
        2197   -0.434519 0.000845102
        2198   -0.434519 0.000845102
        2199   -0.434519 0.000845102
        2200   -0.432736 0.000852229
        2201   -0.432736 0.000852229
        2202     -0.4395 0.000866995
        2203   -0.438232  0.00103666
        2204   -0.438232  0.00103666
        2205   -0.438232  0.00103666
        2206   -0.438232  0.00103666
        2207   -0.439838 0.000778227
        2208   -0.440365  0.00105554
        2209   -0.440948   0.0009609
        2210   -0.440948   0.0009609
        2211   -0.440948   0.0009609
        2212   -0.431184 0.000875383
        2213   -0.431184 0.000875383
        2214   -0.431184 0.000875383
        2215   -0.431772 0.000865279
        2216   -0.431772 0.000865279
        2217   -0.431772 0.000865279
        2218   -0.438389 0.000873881
        2219   -0.438389 0.000873881
        2220   -0.438389 0.000873881
        2221   -0.438389 0.000873881
        2222   -0.444076 0.000872379
        2223   -0.444076 0.000872379
        2224   -0.444076 0.000872379
        2225   -0.433626  0.00101391
        2226   -0.441108 0.000913023
        2227   -0.436769 0.000997596
        2228   -0.438204 0.000940289
        2229   -0.438204 0.000940289
        2230   -0.439944 0.000956116
        2231   -0.439944 0.000956116
        2232   -0.444053 0.000875547
        2233   -0.440627 0.000920721
        2234   -0.441044 0.000968796
        2235   -0.441044 0.000968796
        2236   -0.441044 0.000968796
        2237   -0.441044 0.000968796
        2238    -0.44481 0.000856799
        2239    -0.44481 0.000856799
        2240    -0.44481 0.000856799
        2241   -0.438156 0.000982247
        2242   -0.436055  0.00103626
        2243   -0.436055  0.00103626
        2244   -0.436055  0.00103626
        2245   -0.429235  0.00102485
        2246   -0.424859  0.00137044
        2247   -0.424859  0.00137044
        2248   -0.424859  0.00137044
        2249   -0.424859  0.00137044
        2250   -0.424859  0.00137044
        2251   -0.427437   0.0010648
        2252   -0.429683  0.00113448
        2253   -0.432984   0.0011474
        2254   -0.437056  0.00111203
        2255   -0.437056  0.00111203
        2256   -0.439566  0.00100109
        2257   -0.439566  0.00100109
        2258   -0.438366  0.00091208
        2259   -0.440975 0.000959028
        2260   -0.440975 0.000959028
        2261   -0.440975 0.000959028
        2262   -0.440975 0.000959028
        2263   -0.440975 0.000959028
        2264   -0.425744  0.00124917
        2265   -0.425744  0.00124917
        2266    -0.43081  0.00116684
        2267    -0.43081  0.00116684
        2268    -0.43081  0.00116684
        2269    -0.43081  0.00116684
        2270    -0.43081  0.00116684
        2271    -0.43081  0.00116684
        2272    -0.43081  0.00116684
        2273   -0.415463  0.00120387
        2274   -0.442882  0.00094592
        2275   -0.442882  0.00094592
        2276   -0.442882  0.00094592
        2277   -0.442882  0.00094592
        2278   -0.442882  0.00094592
        2279   -0.438651 0.000985996
        2280   -0.438651 0.000985996
        2281   -0.438651 0.000985996
        2282   -0.413665  0.00130183
        2283   -0.435623 0.000850651
        2284   -0.435623 0.000850651
        2285   -0.435623 0.000850651
        2286   -0.435966  0.00107629
        2287   -0.438802  0.00109048
        2288   -0.438802  0.00109048
        2289    -0.43966 0.000796655
        2290    -0.43966 0.000796655
        2291   -0.440324 0.000737038
        2292   -0.443315 0.000899273
        2293   -0.438616 0.000786474
        2294   -0.439127 0.000963822
        2295   -0.439127 0.000963822
        2296   -0.439127 0.000963822
        2297   -0.441844 0.000925811
        2298   -0.442112 0.000932833
        2299   -0.442112 0.000932833
        2300   -0.443582 0.000992421
        2301   -0.443582 0.000992421
        2302   -0.435988  0.00115627
        2303   -0.435988  0.00115627
        2304   -0.431516   0.0010371
        2305   -0.431516   0.0010371
        2306    -0.43463  0.00100169
        2307    -0.43463  0.00100169
        2308    -0.43463  0.00100169
        2309   -0.425747  0.00119737
        2310   -0.425747  0.00119737
        2311    -0.42958  0.00108707
        2312   -0.424475 0.000981869
        2313   -0.424475 0.000981869
        2314   -0.417528  0.00135227
        2315   -0.417528  0.00135227
        2316   -0.415022  0.00147575
        2317   -0.431167  0.00123526
        2318   -0.424139  0.00119346
        2319   -0.424139  0.00119346
        2320   -0.424139  0.00119346
        2321   -0.425375  0.00106015
        2322   -0.425375  0.00106015
        2323    -0.43195 0.000927903
        2324   -0.433907  0.00107301
        2325   -0.433907  0.00107301
        2326   -0.433907  0.00107301
        2327   -0.436132  0.00101386
        2328   -0.436132  0.00101386
        2329   -0.440104 0.000992226
        2330   -0.426754  0.00106689
        2331   -0.422113  0.00133846
        2332   -0.439981 0.000944645
        2333   -0.440712   0.0008396
        2334   -0.440712   0.0008396
        2335    -0.43478  0.00111715
        2336    -0.43478  0.00111715
        2337    -0.43478  0.00111715
        2338    -0.44373 0.000780015
        2339    -0.44373 0.000780015
        2340    -0.44373 0.000780015
        2341    -0.44373 0.000780015
        2342    -0.44373 0.000780015
        2343    -0.44373 0.000780015
        2344   -0.441089 0.000811817
        2345   -0.441089 0.000811817
        2346   -0.439831 0.000968293
        2347   -0.439831 0.000968293
        2348   -0.439831 0.000968293
        2349   -0.439831 0.000968293
        2350   -0.439831 0.000968293
        2351   -0.439831 0.000968293
        2352   -0.443441 0.000890181
        2353   -0.443441 0.000890181
        2354   -0.440395 0.000940902
        2355   -0.442141 0.000924542
        2356   -0.442141 0.000924542
        2357   -0.442141 0.000924542
        2358   -0.442141 0.000924542
        2359   -0.442141 0.000924542
        2360   -0.442141 0.000924542
        2361   -0.442141 0.000924542
        2362   -0.437514 0.000905688
        2363   -0.437514 0.000905688
        2364   -0.440122 0.000781971
        2365   -0.440122 0.000781971
        2366   -0.440122 0.000781971
        2367   -0.441299 0.000714811
        2368   -0.445049 0.000736045
        2369   -0.445049 0.000736045
        2370   -0.438447 0.000890592
        2371   -0.438447 0.000890592
        2372   -0.438447 0.000890592
        2373   -0.438447 0.000890592
        2374   -0.438447 0.000890592
        2375   -0.438447 0.000890592
        2376   -0.444785 0.000854288
        2377   -0.442111 0.000781433
        2378   -0.442111 0.000781433
        2379   -0.439517  0.00100675
        2380   -0.438334 0.000819378
        2381   -0.438334 0.000819378
        2382   -0.440158 0.000810609
        2383   -0.440158 0.000810609
        2384   -0.444199 0.000859555
        2385   -0.432479  0.00118453
        2386   -0.436269  0.00105477
        2387   -0.436269  0.00105477
        2388   -0.439192 0.000895135
        2389   -0.429958 0.000941355
        2390   -0.429958 0.000941355
        2391   -0.429958 0.000941355
        2392   -0.424664  0.00119956
        2393   -0.424664  0.00119956
        2394   -0.429439  0.00111896
        2395   -0.432169 0.000921125
        2396   -0.433942 0.000966267
        2397   -0.436925  0.00108413
        2398   -0.436925  0.00108413
        2399   -0.436925  0.00108413
        2400   -0.428565  0.00107247
        2401   -0.428565  0.00107247
        2402   -0.428565  0.00107247
        2403   -0.437742 0.000959023
        2404   -0.437742 0.000959023
        2405   -0.444371 0.000891398
        2406   -0.444371 0.000891398
        2407   -0.443609   0.0008265
        2408   -0.444255 0.000894723
        2409   -0.440436 0.000911292
        2410   -0.440436 0.000911292
        2411   -0.440436 0.000911292
        2412   -0.431722  0.00109196
        2413   -0.431722  0.00109196
        2414   -0.431722  0.00109196
        2415   -0.440646  0.00101046
        2416   -0.442352 0.000869326
        2417   -0.442352 0.000869326
        2418   -0.442352 0.000869326
        2419   -0.442352 0.000869326
        2420   -0.440587 0.000901558
        2421   -0.439871 0.000938143
        2422   -0.439871 0.000938143
        2423    -0.44218  0.00101913
        2424    -0.44218  0.00101913
        2425   -0.443595 0.000902817
        2426   -0.443595 0.000902817
        2427   -0.442433 0.000901434
        2428   -0.442433 0.000901434
        2429   -0.439145  0.00108385
        2430   -0.438154  0.00100952
        2431   -0.438154  0.00100952
        2432   -0.438533  0.00103725
        2433   -0.438533  0.00103725
        2434   -0.438533  0.00103725
        2435   -0.438533  0.00103725
        2436   -0.438533  0.00103725
        2437   -0.433812  0.00108513
        2438   -0.433812  0.00108513
        2439   -0.433812  0.00108513
        2440   -0.428435   0.0010099
        2441   -0.428435   0.0010099
        2442   -0.428435   0.0010099
        2443   -0.428435   0.0010099
        2444   -0.428435   0.0010099
        2445   -0.428435   0.0010099
        2446   -0.427804     0.00127
        2447   -0.427804     0.00127
        2448   -0.427804     0.00127
        2449   -0.427804     0.00127
        2450   -0.427804     0.00127
        2451   -0.426745  0.00123831
        2452   -0.434128  0.00101992
        2453   -0.440706  0.00100828
        2454   -0.440706  0.00100828
        2455   -0.440706  0.00100828
        2456   -0.440706  0.00100828
        2457    -0.44331 0.000833291
        2458    -0.44331 0.000833291
        2459   -0.443105 0.000796914
        2460   -0.443105 0.000796914
        2461   -0.443105 0.000796914
        2462   -0.443105 0.000796914
        2463   -0.443105 0.000796914
        2464   -0.442032 0.000882406
        2465   -0.442032 0.000882406
        2466   -0.442032 0.000882406
        2467   -0.442032 0.000882406
        2468   -0.442032 0.000882406
        2469   -0.442032 0.000882406
        2470   -0.442032 0.000882406
        2471   -0.442032 0.000882406
        2472   -0.443195 0.000917928
        2473   -0.438795 0.000906948
        2474   -0.438795 0.000906948
        2475   -0.438869  0.00100498
        2476    -0.44023 0.000971429
        2477    -0.44023 0.000971429
        2478    -0.44023 0.000971429
        2479   -0.423723  0.00108249
        2480   -0.423723  0.00108249
        2481   -0.423723  0.00108249
        2482   -0.432039  0.00103876
        2483   -0.432039  0.00103876
        2484   -0.432039  0.00103876
        2485   -0.432039  0.00103876
        2486   -0.438189 0.000786513
        2487   -0.435702  0.00105162
        2488   -0.438107 0.000864545
        2489   -0.438107 0.000864545
        2490   -0.438107 0.000864545
        2491   -0.435584  0.00110027
        2492   -0.435584  0.00110027
        2493   -0.443082 0.000876004
        2494   -0.443082 0.000876004
        2495   -0.443082 0.000876004
        2496   -0.438159 0.000982963
        2497   -0.438159 0.000982963
        2498   -0.438159 0.000982963
        2499   -0.438159 0.000982963
        2500   -0.438159 0.000982963
