           0           1           1
           1     1.02219      1.0402
           2     1.07022       1.009
           3     1.08013     1.02517
           4     1.08013     1.02517
           5     1.10807     1.00636
           6     1.12626     1.03592
           7     1.09002     1.04476
           8     1.07692      1.0092
           9     1.08467     1.05795
          10     1.08467     1.05795
          11     1.11566     1.09764
          12     1.09007     1.05689
          13     1.08283     1.01219
          14     1.03717     1.03065
          15     1.06645    0.994022
          16     1.03478    0.977956
          17     1.00057    0.992963
          18      1.0452    0.995647
          19     1.02657      1.0274
          20     1.05444     1.00736
          21     1.05162     1.04644
          22     1.02081     1.08575
          23      1.0153     1.11304
          24    0.967059     1.11222
          25    0.961799     1.08733
          26    0.961799     1.08733
          27    0.952829     1.13482
          28    0.971323     1.10252
          29     1.01116     1.05421
          30     1.05934     1.03615
          31     1.09205     1.01323
          32     1.12264     1.04808
          33     1.15707     1.05092
          34     1.17663     1.04877
          35     1.17663     1.04877
          36     1.20321     1.07642
          37      1.2018     1.04768
          38     1.19844     1.00531
          39     1.17719    0.966844
          40     1.22085    0.938819
          41     1.22085    0.938819
          42     1.22085    0.938819
          43     1.20364    0.899578
          44     1.22326    0.866506
          45     1.17713    0.896266
          46     1.18768    0.889766
          47     1.13912    0.893464
          48     1.10196    0.869462
          49      1.0564    0.904553
          50     1.01774    0.925098
          51     1.04755    0.880792
          52     1.03248    0.876208
          53     1.02264    0.864949
          54     1.00162    0.905649
          55    0.986549    0.909201
          56     0.94665     0.89801
          57    0.911765    0.944649
          58    0.911765    0.944649
          59    0.913685    0.980792
          60    0.882954     1.02876
          61    0.906866     1.07715
          62    0.869234     1.10851
          63    0.843783     1.11077
          64    0.861919     1.12008
          65    0.820755     1.08691
          66    0.781038     1.12646
          67    0.783344     1.15112
          68    0.819411       1.129
          69    0.778807     1.14064
          70    0.768176     1.17928
          71    0.719811     1.14339
          72    0.731024     1.12976
          73    0.706758     1.12822
          74    0.706758     1.12822
          75    0.673547     1.11736
          76    0.652299     1.16001
          77    0.624404     1.13516
          78    0.669056     1.09232
          79    0.672771     1.05151
          80     0.70016     1.09229
          81    0.678409     1.07184
          82    0.638048     1.04584
          83    0.672547     1.02836
          84    0.711092    0.995964
          85     0.67117      0.9462
          86    0.652609    0.974424
          87    0.605018    0.962166
          88     0.63295    0.981269
          89    0.586754     1.00589
          90    0.610748    0.996765
          91    0.610748    0.996765
          92    0.576556     1.02806
          93    0.565209     1.05812
          94    0.550012     1.04241
          95    0.541057     1.01895
          96    0.587535     0.98191
          97      0.5708     1.01789
          98     0.60261     1.00971
          99    0.557423    0.965913
         100    0.593516    0.934906
         101    0.576382    0.947394
         102    0.611787    0.929616
         103    0.579172    0.927619
         104    0.597243    0.878585
         105    0.619871     0.87598
         106    0.594412    0.871986
         107    0.622147    0.854914
         108    0.607527    0.890992
         109    0.601657    0.855148
         110    0.579914    0.887385
         111    0.579914    0.887385
         112    0.577138    0.925972
         113    0.541854    0.929448
         114    0.531524     0.88766
         115    0.571507    0.903645
         116    0.535074    0.916855
         117    0.519133    0.883838
         118    0.506345      0.8956
         119    0.486098    0.929132
         120    0.460379    0.911555
         121    0.471168    0.911309
         122     0.48245    0.880799
         123      0.5069    0.862323
         124    0.527975    0.830552
         125    0.556246    0.857054
         126    0.589507    0.835839
         127    0.589925    0.809238
         128    0.620781    0.800256
         129    0.609526    0.812435
         130    0.602752    0.795646
         131    0.555249    0.818109
         132    0.595764    0.835199
         133    0.642474    0.875332
         134    0.655834    0.844029
         135    0.620873    0.828827
         136    0.608656    0.821882
         137     0.61389     0.85095
         138    0.586479    0.852537
         139    0.574656    0.881697
         140    0.578346    0.928616
         141    0.592815    0.952397
         142    0.569216    0.924083
         143    0.555751    0.874385
         144    0.548724    0.831079
         145    0.562048    0.795558
         146    0.523826    0.763221
         147    0.531581    0.715472
         148    0.575333    0.694466
         149    0.573671    0.671045
         150    0.567716     0.71561
         151    0.558891    0.707442
         152    0.530671    0.737774
         153    0.546081    0.716756
         154    0.555299    0.678264
         155     0.57744    0.709224
         156    0.550634    0.667038
         157    0.549871    0.693308
         158    0.516413    0.704873
         159    0.517487    0.660289
         160    0.536373    0.665572
         161    0.539333    0.627768
         162    0.491024    0.624556
         163     0.49246    0.624588
         164    0.492825    0.579166
         165    0.452248    0.620873
         166    0.479552    0.573737
         167    0.476847     0.58681
         168    0.525306    0.611772
         169    0.485512    0.602726
         170    0.481115    0.557844
         171    0.437114    0.557443
         172    0.387715     0.52675
         173    0.403519    0.550856
         174    0.418352     0.51864
         175    0.436633    0.542042
         176    0.474882    0.524927
         177    0.503171    0.492759
         178    0.513153    0.473314
         179    0.490664    0.477963
         180    0.483207    0.483429
         181    0.530127    0.478584
         182     0.54693    0.509998
         183    0.516199    0.535457
         184    0.519679    0.498785
         185    0.559076     0.51562
         186    0.549828    0.500912
         187    0.536083    0.515332
         188    0.572197    0.489696
         189    0.543298     0.47747
         190     0.50173    0.516422
         191    0.534652    0.521211
         192    0.552538    0.505013
         193    0.539845    0.471339
         194    0.503686    0.461428
         195    0.471082    0.458333
         196    0.486723    0.422091
         197    0.493744    0.436344
         198     0.49966    0.387816
         199    0.479568    0.353762
         200    0.441433    0.351209
         201    0.442754    0.335117
         202    0.476697    0.374293
         203    0.476697    0.374293
         204    0.476656    0.350247
         205    0.481999     0.38696
         206    0.467615    0.406795
         207    0.447812    0.379432
         208    0.469539    0.385746
         209    0.504454    0.429471
         210    0.504454    0.429471
         211     0.48516    0.446159
         212    0.466047    0.451548
         213    0.467399    0.447814
         214     0.44817    0.418167
         215    0.460003    0.392767
         216    0.449199    0.415704
         217    0.417695    0.419487
         218    0.428035    0.396041
         219    0.430379    0.381564
         220    0.412691    0.365616
         221    0.436104    0.335553
         222    0.396033     0.32192
         223    0.349577    0.351519
         224    0.366315    0.349469
         225    0.323855    0.398624
         226    0.311822    0.409802
         227    0.311822    0.409802
         228    0.315959    0.385059
         229    0.336818    0.403439
         230    0.351729    0.417697
         231    0.382681    0.467119
         232    0.354708    0.472582
         233    0.387615    0.489135
         234    0.387615    0.489135
         235    0.346035    0.490667
         236    0.346035    0.490667
         237    0.393327    0.453262
         238    0.434334    0.413738
         239    0.397638    0.364277
         240    0.401417    0.410005
         241    0.401417    0.410005
         242    0.401417    0.410005
         243    0.407895    0.373358
         244    0.379973    0.330493
         245    0.331555      0.3148
         246    0.309772    0.342832
         247    0.338319    0.315886
         248    0.319715    0.302013
         249    0.302398    0.313645
         250    0.349733    0.299511
         251    0.379434    0.329712
         252    0.379434    0.329712
         253    0.368164    0.312076
         254    0.417938    0.278531
         255    0.447139    0.324407
         256    0.449414     0.34121
         257    0.487425     0.33354
         258    0.474401    0.344345
         259    0.502057    0.388041
         260     0.52936    0.419343
         261    0.495894    0.455788
         262    0.478659    0.434366
         263    0.478564    0.455899
         264     0.45195    0.502157
         265    0.423808    0.518827
         266    0.454277    0.504627
         267    0.440122    0.492906
         268    0.425411     0.50261
         269     0.41681    0.532197
         270    0.392427    0.572788
         271    0.442056    0.553576
         272    0.409672    0.558605
         273    0.422696    0.604645
         274    0.384766    0.645889
         275    0.404655    0.686583
         276    0.404655    0.686583
         277    0.372574     0.64905
         278    0.360832    0.697682
         279    0.360832    0.697682
         280     0.39143    0.659775
         281    0.386412     0.65572
         282    0.386412     0.65572
         283    0.428487    0.637206
         284    0.455939    0.672505
         285    0.497662    0.627562
         286    0.470907    0.633338
         287    0.511596    0.668784
         288    0.481791    0.657658
         289      0.5313     0.68702
         290    0.513432     0.63767
         291    0.513432     0.63767
         292    0.486572    0.651512
         293    0.440464    0.626786
         294    0.480167    0.634418
         295     0.46676    0.656669
         296     0.46523    0.686478
         297    0.443472    0.736131
         298     0.43239    0.739024
         299    0.395123    0.703315
         300    0.434744    0.693811
         301    0.432364    0.653166
         302    0.479213    0.625974
         303    0.467186    0.667417
         304    0.482162     0.62359
         305    0.482162     0.62359
         306    0.482162     0.62359
         307    0.514699    0.667271
         308    0.550907    0.688919
         309    0.584991    0.684126
         310    0.544975    0.680515
         311    0.586464    0.654575
         312    0.606793    0.645939
         313     0.65566    0.601433
         314    0.611904    0.569291
         315    0.607631    0.616848
         316      0.5643    0.592507
         317    0.598677    0.620159
         318    0.567916     0.60027
         319    0.571949    0.579818
         320    0.602469    0.581004
         321    0.633154    0.603478
         322    0.590732    0.611133
         323    0.587579    0.619689
         324      0.5837    0.657195
         325    0.551826    0.670604
         326    0.521802    0.682888
         327    0.571777    0.687063
         328    0.596882    0.728688
         329    0.591382    0.772652
         330     0.56951    0.786601
         331    0.612841    0.763313
         332    0.628536    0.773496
         333    0.585392     0.77738
         334    0.619013    0.810971
         335    0.653546    0.784936
         336    0.659893    0.834356
         337    0.619385    0.798156
         338    0.625999    0.809244
         339    0.651489    0.841597
         340    0.661005    0.808787
         341     0.61236    0.774064
         342    0.571242    0.805776
         343    0.615594    0.775151
         344    0.587181    0.822413
         345    0.561445    0.871164
         346    0.524234     0.85996
         347    0.549074    0.813044
         348    0.568396    0.781905
         349    0.545679    0.740093
         350    0.531315    0.698436
         351    0.537346    0.666681
         352    0.544918    0.682378
         353    0.537996    0.703836
         354    0.553637    0.678306
         355    0.565111    0.668515
         356    0.579253    0.675929
         357    0.601222    0.668809
         358    0.578642    0.625288
         359    0.585408    0.589305
         360    0.588558    0.547164
         361     0.58181    0.570812
         362    0.534531    0.524877
         363    0.571037    0.545957
         364    0.576803    0.537462
         365    0.576803    0.537462
         366    0.610173    0.561392
         367    0.568541    0.579396
         368    0.614241    0.530323
         369      0.6335    0.499361
         370    0.584109    0.527323
         371    0.608689    0.513562
         372    0.614008    0.534278
         373     0.62781    0.559536
         374    0.604346     0.58043
         375    0.611233    0.567904
         376    0.628081    0.607614
         377    0.630225    0.575013
         378    0.653478    0.541971
         379    0.617741     0.53582
         380    0.659786    0.569648
         381    0.626812    0.521059
         382     0.60975    0.476011
         383    0.564388     0.46162
         384    0.598873    0.444678
         385    0.608606    0.449256
         386    0.591523    0.405225
         387    0.572161     0.38404
         388    0.534675    0.425864
         389    0.563649    0.381386
         390    0.527945    0.427631
         391    0.547852    0.402485
         392    0.548626    0.415281
         393    0.582307    0.463136
         394    0.620062    0.442381
         395    0.574738    0.482468
         396    0.581495     0.46001
         397    0.631351    0.462585
         398    0.628687    0.451207
         399    0.640384     0.42319
         400    0.650165    0.430869
         401    0.663903    0.442663
         402     0.63442    0.453537
         403    0.662448    0.500606
         404    0.679869    0.509076
         405    0.634486    0.552712
         406     0.63809    0.532125
         407    0.680899    0.483302
         408    0.724507    0.504673
         409    0.762215    0.471558
         410    0.756873    0.499579
         411     0.75648    0.504227
         412    0.735312     0.47186
         413    0.694974    0.478466
         414    0.721175    0.469546
         415    0.765365    0.440236
         416    0.807622     0.47396
         417    0.845031    0.475465
         418    0.812167    0.437342
         419    0.794046    0.433614
         420    0.799022    0.393242
         421    0.796917    0.417056
         422    0.820329    0.419356
         423    0.797213    0.438519
         424    0.767465    0.457184
         425     0.79398    0.414593
         426    0.745407    0.457014
         427    0.785468    0.442627
         428    0.784118    0.437424
         429    0.736306    0.451761
         430    0.740435    0.445902
         431    0.705491    0.425354
         432    0.727408    0.465128
         433    0.722935    0.514772
         434    0.692736    0.492915
         435    0.679158    0.542669
         436    0.667852    0.536808
         437      0.6314     0.58222
         438    0.597476    0.631056
         439     0.59195    0.671823
         440    0.599397    0.667966
         441    0.591569    0.621962
         442     0.55224    0.662472
         443    0.596913     0.70294
         444    0.614864    0.693938
         445    0.605158    0.678902
         446    0.570394    0.643119
         447    0.605877     0.59738
         448     0.64919    0.643782
         449    0.621575    0.642057
         450    0.586388    0.637541
         451    0.622362    0.662554
         452    0.624104    0.695242
         453    0.672267    0.721491
         454    0.715783    0.737735
         455    0.673666    0.760383
         456    0.706969    0.798187
         457    0.706969    0.798187
         458    0.710494    0.838749
         459    0.678798    0.882807
         460     0.68372    0.838921
         461    0.642541     0.85471
         462    0.614113    0.819826
         463    0.621402    0.861056
         464    0.591756    0.821099
         465    0.570253    0.857116
         466    0.552574    0.822911
         467    0.587605    0.864577
         468    0.582758    0.840693
         469    0.558169     0.88793
         470    0.582992    0.895237
         471     0.59145    0.860939
         472    0.606075     0.89093
         473    0.606075     0.89093
         474    0.561534    0.851882
         475    0.607772    0.822842
         476    0.628661    0.806486
         477    0.667402     0.80296
         478    0.670501    0.829414
         479    0.621184    0.800769
         480    0.630809    0.794617
         481    0.670667    0.818898
         482    0.690339     0.85735
         483    0.718256    0.816268
         484    0.752841    0.819286
         485    0.799286    0.786528
         486    0.827277    0.776875
         487    0.821064    0.765709
         488    0.807016    0.772872
         489    0.827138    0.805689
         490    0.796828    0.838569
         491    0.826237    0.863514
         492    0.861241    0.866961
         493    0.851109    0.858693
         494    0.857943    0.838073
         495    0.868331    0.791402
         496    0.839459    0.812414
         497    0.845941    0.798131
         498      0.8896    0.771044
         499    0.868074    0.761222
         500    0.905117    0.760828
         501    0.934819     0.74791
         502    0.973234    0.761542
         503    0.924216    0.748652
         504    0.898433    0.712776
         505    0.931996    0.712422
         506    0.945324    0.712557
         507    0.961497    0.700734
         508    0.954832    0.710209
         509    0.996129    0.716563
         510    0.948989    0.687911
         511    0.932078    0.737485
         512    0.932078    0.737485
         513    0.949011    0.758788
         514    0.949011    0.758788
         515    0.979271    0.751289
         516    0.968214    0.716097
         517    0.932523    0.757657
         518    0.932523    0.757657
         519    0.946556    0.792113
         520    0.969482    0.807266
         521    0.974747    0.813459
         522     1.01618    0.843595
         523     1.00223      0.8564
         524     1.01101    0.846873
         525     1.01101    0.846873
         526     1.00584    0.868512
         527    0.965012    0.839162
         528    0.940491    0.828384
         529     0.94606    0.800836
         530    0.909274    0.753933
         531    0.936992    0.732431
         532    0.973959    0.715998
         533    0.975273    0.764438
         534    0.964499    0.749398
         535    0.927678    0.740456
         536     0.94745    0.770975
         537    0.926777    0.786094
         538     0.97092    0.796546
         539    0.961833    0.824152
         540    0.950018    0.855767
         541    0.998603    0.816771
         542    0.981255    0.846146
         543     1.00299    0.819325
         544    0.956936    0.789809
         545     0.94615    0.784369
         546    0.964095    0.736849
         547    0.964095    0.736849
         548     0.95716    0.748147
         549    0.914136    0.741437
         550    0.895922    0.746798
         551     0.88021    0.772413
         552    0.861792    0.803256
         553    0.863472    0.825563
         554    0.815443    0.780593
         555    0.824619    0.762935
         556    0.787723     0.76798
         557    0.753729    0.745054
         558    0.778668    0.740769
         559    0.824478     0.73724
         560    0.846249    0.784114
         561    0.866233    0.742523
         562    0.863321     0.69452
         563    0.852752    0.684306
         564    0.852752    0.684306
         565    0.855073    0.663364
         566    0.827901    0.671421
         567      0.7841    0.684028
         568    0.784606    0.653809
         569    0.819986     0.66027
         570    0.819986     0.66027
         571    0.838254    0.662742
         572    0.878833    0.680025
         573    0.908345    0.713526
         574    0.957348    0.685502
         575    0.948177    0.708472
         576    0.948177     0.71886
         577    0.948177     0.71886
         578    0.969844    0.706173
         579    0.920381    0.749216
         580    0.934557    0.795698
         581    0.897727    0.815036
         582    0.882823    0.847619
         583    0.882823    0.847619
         584    0.888186    0.833109
         585    0.841566    0.808006
         586    0.819348    0.781695
         587    0.810403    0.758583
         588    0.810403    0.758583
         589    0.798385    0.724653
         590    0.754312     0.72004
         591    0.783512    0.717754
         592    0.815483    0.738587
         593    0.847043    0.694448
         594    0.868794    0.685398
         595     0.87647     0.66494
         596     0.82758    0.708047
         597     0.78247    0.712241
         598    0.733114    0.696414
         599     0.77929    0.707062
         600    0.821317    0.658417
         601    0.791814    0.705369
         602      0.7667    0.739204
         603     0.73827    0.690531
         604    0.773251    0.723045
         605    0.794558    0.711663
         606    0.813002    0.735859
         607     0.81707    0.727794
         608    0.782386    0.767284
         609    0.761333    0.755695
         610     0.73685    0.757018
         611    0.731018    0.747876
         612    0.742709    0.709548
         613    0.768765    0.727005
         614    0.719855    0.684325
         615    0.693587    0.662576
         616    0.720379    0.669006
         617    0.746679    0.635415
         618    0.762695    0.633669
         619    0.798232    0.583791
         620    0.757289    0.536542
         621    0.720513    0.580331
         622    0.739763    0.614169
         623    0.698929    0.660151
         624    0.651567    0.699117
         625    0.614384     0.71991
         626    0.622866     0.71663
         627    0.580811    0.752912
         628    0.584714    0.728635
         629    0.619971    0.763054
         630     0.58588    0.770555
         631    0.614895    0.764071
         632    0.591482    0.760153
         633    0.572105    0.744494
         634    0.584187    0.785652
         635    0.575366    0.784578
         636    0.579643    0.811299
         637    0.605297    0.778674
         638    0.582712    0.764592
         639    0.616455    0.741285
         640    0.616216    0.736021
         641    0.605881    0.780603
         642    0.618939    0.784043
         643    0.581603     0.83046
         644    0.629052    0.807353
         645    0.664325    0.786157
         646    0.665706     0.74397
         647    0.668163    0.699158
         648    0.638148    0.702449
         649    0.671587    0.706235
         650     0.70922     0.66678
         651    0.734976    0.637876
         652    0.701404    0.630255
         653    0.701404    0.630255
         654    0.661962    0.661931
         655    0.627492    0.646331
         656    0.667948    0.660156
         657    0.631568    0.638732
         658    0.630161    0.616041
         659    0.623704    0.646541
         660    0.661057    0.687221
         661     0.64987     0.65516
         662    0.672764    0.632389
         663    0.667807    0.627782
         664    0.710678    0.628867
         665    0.741483    0.656521
         666    0.769555    0.687004
         667    0.722876    0.717374
         668    0.683782    0.724481
         669    0.634716    0.715601
         670     0.66514    0.677297
         671    0.659875    0.722005
         672    0.626416    0.728113
         673    0.656861    0.752589
         674    0.656861    0.752589
         675    0.655254    0.737699
         676    0.608227    0.784833
         677    0.598296    0.809866
         678     0.56151    0.827043
         679    0.566061    0.813418
         680    0.538773    0.819988
         681    0.507364    0.821266
         682    0.523701     0.77811
         683    0.523701     0.77811
         684    0.523701     0.77811
         685    0.526661    0.804141
         686    0.546185    0.767702
         687    0.558187    0.787912
         688    0.550478    0.741598
         689    0.531913    0.723256
         690    0.511357    0.767139
         691    0.555666    0.719037
         692    0.559512    0.768492
         693     0.57579    0.755942
         694    0.605209    0.799138
         695    0.588697    0.802617
         696    0.544012    0.769639
         697    0.544012    0.769639
         698    0.588203    0.780364
         699    0.554475     0.75891
         700    0.514508    0.761825
         701    0.515044    0.746976
         702    0.501559    0.746144
         703    0.544892    0.723434
         704    0.526911    0.707259
         705    0.526911    0.707259
         706    0.535232    0.698392
         707    0.555727    0.720411
         708    0.555727    0.720411
         709    0.539246    0.710328
         710    0.520365    0.758673
         711    0.557098    0.713231
         712    0.585074    0.671769
         713    0.633747    0.662055
         714    0.633747    0.662055
         715    0.653507    0.644356
         716    0.623258    0.599125
         717    0.632661    0.583245
         718    0.680598    0.546675
         719    0.695523    0.589846
         720    0.715307    0.590756
         721    0.730496    0.590046
         722    0.691718    0.568829
         723    0.659404    0.603737
         724    0.673943    0.564418
         725    0.704915    0.515949
         726    0.707559    0.501075
         727    0.684371    0.537035
         728    0.727323    0.564694
         729    0.746158      0.5592
         730    0.697425    0.558663
         731    0.691317      0.5835
         732    0.686053    0.603019
         733    0.693335    0.624872
         734    0.727338    0.660952
         735    0.718235    0.649326
         736    0.668317    0.632212
         737    0.634575    0.617482
         738    0.595076    0.663958
         739    0.559708    0.633024
         740    0.510388    0.671801
         741     0.51823    0.717307
         742     0.56007    0.719912
         743    0.564885    0.745147
         744     0.61001    0.701648
         745    0.574659     0.73789
         746    0.532338     0.76301
         747    0.532338     0.76301
         748    0.558199    0.726341
         749    0.555043    0.775695
         750    0.521119    0.763995
         751    0.547988    0.733719
         752    0.547988    0.733719
         753     0.50069    0.773012
         754    0.455208    0.822636
         755    0.455208    0.822636
         756    0.455208    0.822636
         757    0.442387    0.803191
         758    0.480527     0.82866
         759    0.515415    0.799404
         760    0.473211    0.781207
         761    0.503263    0.803279
         762    0.468775    0.761214
         763    0.475267    0.774334
         764    0.498511    0.756708
         765    0.512447    0.740088
         766    0.515936    0.695976
         767    0.548308     0.71506
         768    0.539328    0.760018
         769    0.558087     0.74746
         770    0.558087     0.74746
         771    0.583151    0.777922
         772    0.541344    0.786875
         773    0.522154    0.759678
         774     0.53471    0.721415
         775    0.565004    0.709709
         776    0.595506    0.758106
         777     0.63655    0.720618
         778    0.639398    0.730783
         779    0.607195    0.778091
         780    0.577608    0.802831
         781     0.55788    0.771676
         782     0.55788    0.771676
         783    0.542933    0.784624
         784    0.524381    0.763616
         785    0.516119    0.765456
         786    0.564794    0.734959
         787    0.537674    0.753189
         788    0.537674    0.753189
         789    0.517273    0.790338
         790    0.559525    0.766167
         791    0.528534    0.791155
         792    0.528534    0.791155
         793    0.550626    0.827582
         794     0.56082    0.874726
         795    0.519874    0.851767
         796    0.548061    0.822551
         797    0.547874    0.866416
         798    0.567038    0.818382
         799    0.556677    0.826456
         800    0.521627    0.844066
         801    0.554967    0.832528
         802    0.579377    0.852714
         803    0.578452    0.889137
         804    0.578339     0.88723
         805    0.571595    0.864215
         806    0.571595    0.864215
         807    0.578388    0.864636
         808    0.566007    0.845376
         809     0.57006    0.826714
         810    0.528568    0.869258
         811    0.519198    0.873903
         812    0.473891    0.863785
         813    0.521951     0.87515
         814     0.52332    0.924723
         815    0.547952    0.903015
         816     0.55548    0.896209
         817    0.600112    0.861492
         818    0.591027    0.864775
         819    0.591055     0.84144
         820    0.639495     0.79603
         821    0.653401    0.797197
         822    0.681125    0.814182
         823    0.636883    0.799578
         824    0.636883    0.799578
         825    0.622253    0.750596
         826    0.645343    0.755637
         827     0.64213     0.73621
         828    0.650024    0.777755
         829    0.603494    0.748906
         830    0.641883    0.749306
         831    0.611594     0.78696
         832    0.601364    0.737849
         833     0.56275     0.73503
         834    0.543005    0.767972
         835    0.576759    0.783149
         836    0.537584    0.782314
         837    0.515247    0.829467
         838     0.49233      0.8416
         839    0.538672    0.869901
         840     0.57554    0.868807
         841    0.533784    0.900612
         842    0.532294    0.901244
         843    0.489946    0.901954
         844    0.487032    0.940841
         845    0.507247    0.957181
         846    0.552147     0.96724
         847    0.552147     0.96724
         848    0.552147     0.96724
         849    0.578659     0.97124
         850    0.578659     0.97124
         851    0.537649    0.953204
         852    0.565333    0.949889
         853    0.565333    0.949889
         854    0.565333    0.949889
         855     0.55604    0.939202
         856    0.509288    0.944232
         857    0.470785    0.903242
         858    0.470785    0.903242
         859    0.470785    0.903242
         860    0.470493    0.945642
         861    0.470493    0.945642
         862    0.470493    0.945642
         863    0.508267    0.901336
         864    0.461898    0.872571
         865    0.438189    0.880739
         866    0.438189    0.880739
         867    0.438189    0.880739
         868    0.435206     0.92002
         869     0.43307    0.880628
         870     0.47034    0.899534
         871    0.485844    0.892123
         872    0.440602    0.891884
         873    0.440602    0.891884
         874    0.440602    0.891884
         875    0.439168    0.859919
         876    0.449089    0.861929
         877    0.451802    0.874327
         878    0.463434    0.855818
         879    0.475203    0.869672
         880    0.475203    0.869672
         881    0.502336    0.907961
         882    0.480572    0.899239
         883    0.523853    0.864074
         884    0.515519    0.905226
         885    0.522188    0.873896
         886    0.564732    0.829872
         887    0.546701    0.786456
         888     0.59039    0.757223
         889     0.58576     0.77652
         890    0.588103    0.750791
         891    0.572642    0.701105
         892    0.607983    0.716472
         893    0.631435    0.729724
         894    0.669674    0.698906
         895     0.67475    0.672216
         896    0.696707    0.704968
         897    0.696285    0.660077
         898    0.715108     0.68089
         899      0.7346     0.67491
         900    0.736501    0.714758
         901    0.696324    0.746413
         902     0.70592    0.777409
         903    0.667268    0.790078
         904    0.667268    0.790078
         905    0.637952    0.785355
         906    0.663173    0.765402
         907    0.663173    0.765402
         908    0.671504    0.785778
         909     0.70944    0.791202
         910    0.759274     0.83548
         911     0.80584    0.814842
         912     0.76327    0.824154
         913    0.729541    0.840425
         914    0.759855    0.876445
         915    0.739501    0.884183
         916    0.784019    0.881199
         917    0.745603    0.897493
         918    0.721672    0.849269
         919    0.705258    0.821471
         920    0.731838    0.802632
         921    0.731838    0.802632
         922    0.776638    0.838933
         923    0.785626    0.885997
         924    0.813887    0.875883
         925    0.776622    0.897313
         926    0.776622    0.897313
         927    0.776622    0.897313
         928    0.776622    0.897313
         929    0.737224    0.943553
         930    0.695985    0.976449
         931    0.663457     1.00103
         932    0.663457     1.00103
         933     0.70697     1.00599
         934    0.708417    0.996383
         935    0.735683    0.948575
         936    0.690932    0.925242
         937    0.731504    0.886086
         938    0.731504    0.886086
         939    0.741202    0.875112
         940    0.742358    0.921668
         941    0.693557     0.95784
         942    0.693557     0.95784
         943    0.693557     0.95784
         944    0.712648     1.00675
         945    0.745399      1.0346
         946    0.753601     1.04556
         947    0.753601     1.04556
         948    0.753601     1.04556
         949    0.743661     1.01686
         950     0.77721     1.04636
         951    0.745981     1.06611
         952    0.707522     1.09309
         953    0.662658     1.06943
         954    0.665698     1.03988
         955    0.635696     1.05847
         956      0.6288      1.0243
         957    0.612568     1.04764
         958      0.6037     1.08049
         959    0.647582     1.06506
         960     0.67144     1.04806
         961    0.661301     1.02986
         962     0.66081     1.03035
         963    0.640724     1.03122
         964    0.617527     1.02543
         965    0.573416     1.01882
         966    0.582248    0.996677
         967    0.540871    0.962072
         968    0.540871    0.962072
         969    0.579357    0.950414
         970    0.608425    0.907909
         971    0.605196    0.944999
         972    0.569072    0.929993
         973    0.569072    0.929993
         974    0.580486     0.95163
         975    0.599066    0.921556
         976    0.626724     0.91175
         977    0.633756    0.862415
         978    0.596628     0.90991
         979    0.635558    0.921328
         980    0.654684    0.909374
         981    0.654684    0.909374
         982    0.663823    0.901313
         983    0.706805     0.86688
         984    0.743513    0.820045
         985     0.71995    0.812189
         986    0.721458    0.807769
         987    0.725824    0.761487
         988    0.722945    0.747821
         989    0.748058    0.712904
         990    0.748058    0.712904
         991    0.715001    0.669705
         992    0.676192    0.632117
         993    0.722083     0.58567
         994    0.746103    0.591328
         995    0.782602    0.552365
         996    0.800268    0.563799
         997    0.805223    0.524269
         998    0.852791    0.514444
         999    0.851056    0.558646
        1000    0.896151    0.572528
        1001    0.908331    0.539251
        1002    0.949615    0.548207
        1003    0.900618    0.532351
        1004    0.894189    0.504619
        1005    0.873759    0.485078
        1006    0.894105      0.5187
        1007     0.87611    0.533159
        1008    0.908103     0.55399
        1009    0.875516    0.582134
        1010    0.869892    0.616634
        1011    0.870375    0.645287
        1012    0.902019    0.614674
        1013     0.92519    0.567765
        1014    0.931305    0.564436
        1015    0.928157    0.558257
        1016    0.928157    0.558257
        1017    0.888803    0.527855
        1018     0.85408     0.54147
        1019    0.900784    0.535315
        1020     0.94444    0.535828
        1021    0.983178    0.542917
        1022    0.963513    0.531095
        1023    0.935545    0.542727
        1024    0.921799    0.551038
        1025    0.897558      0.5773
        1026     0.92284    0.530205
        1027    0.919396    0.507414
        1028    0.920501    0.497587
        1029    0.915423    0.544849
        1030    0.913159    0.545911
        1031     0.88502    0.512019
        1032     0.91069    0.474933
        1033    0.939165    0.462197
        1034    0.974938    0.438561
        1035     1.01316    0.447401
        1036     1.01316    0.447401
        1037     1.03718    0.489041
        1038     1.07257    0.444547
        1039     1.11976    0.405855
        1040     1.11063    0.356071
        1041     1.09044    0.335572
        1042     1.09044    0.335572
        1043     1.07849    0.382782
        1044     1.10727    0.351314
        1045     1.09912    0.323371
        1046     1.07461    0.294606
        1047     1.07356    0.286808
        1048     1.03364    0.290312
        1049     1.03495    0.272925
        1050     1.04291    0.307325
        1051     1.06931    0.273805
        1052     1.05697    0.289772
        1053     1.04235    0.252315
        1054     1.05715    0.291306
        1055     1.09563    0.285366
        1056     1.06025    0.274445
        1057      1.0694     0.27574
        1058     1.04821    0.259436
        1059     1.01044    0.254835
        1060     1.01154    0.249905
        1061       1.054    0.293769
        1062     1.01544    0.299409
        1063    0.978532    0.342249
        1064    0.949305    0.342071
        1065     0.95941    0.372818
        1066    0.920088    0.372401
        1067    0.941598    0.401335
        1068    0.895799     0.36218
        1069      0.8667    0.399923
        1070    0.851145    0.375371
        1071    0.843031    0.370417
        1072    0.880415    0.419038
        1073    0.851578    0.460865
        1074    0.893476    0.483589
        1075    0.896993     0.50982
        1076    0.896993     0.50982
        1077    0.866701    0.460551
        1078    0.866701    0.460551
        1079    0.895088    0.449066
        1080    0.851554    0.405187
        1081    0.889822    0.389775
        1082    0.935273    0.411407
        1083      0.9272    0.443458
        1084    0.910408    0.484626
        1085    0.886392    0.440015
        1086    0.874783    0.440055
        1087    0.905507    0.429915
        1088    0.871852    0.462475
        1089    0.857896    0.424661
        1090    0.823823    0.411705
        1091    0.867847    0.425488
        1092    0.893459     0.43317
        1093    0.907529    0.438568
        1094     0.94133    0.487064
        1095    0.920027    0.456866
        1096    0.909096    0.409322
        1097    0.890272     0.37101
        1098    0.929435    0.405476
        1099    0.941147    0.397706
        1100     0.97154    0.373919
        1101    0.992913    0.355328
        1102     1.00354    0.329149
        1103     1.03273    0.343522
        1104     1.02069    0.357217
        1105     1.00706    0.401406
        1106    0.975811    0.381603
        1107    0.947826    0.343355
        1108    0.932865    0.377876
        1109    0.899235    0.373756
        1110    0.947972    0.389828
        1111    0.947972    0.389828
        1112    0.914285    0.348912
        1113    0.934252    0.342565
        1114    0.934252    0.342565
        1115    0.896756    0.386548
        1116    0.859874    0.404236
        1117    0.859874    0.404236
        1118    0.864434    0.389878
        1119    0.864434    0.389878
        1120    0.899194    0.408608
        1121    0.917184    0.410865
        1122    0.964977    0.417051
        1123    0.993611    0.416284
        1124    0.975949    0.456816
        1125    0.960416    0.469354
        1126    0.960416    0.469354
        1127    0.963736    0.445654
        1128    0.926122    0.451234
        1129    0.947335    0.480815
        1130    0.906622    0.473747
        1131    0.901856    0.504558
        1132    0.901856    0.504558
        1133    0.858515    0.530448
        1134    0.846523    0.520581
        1135    0.815845    0.506249
        1136    0.811646    0.470553
        1137    0.840556    0.484321
        1138    0.807759    0.473335
        1139    0.781197    0.433211
        1140    0.788603     0.39341
        1141    0.806718    0.373946
        1142    0.833383     0.37212
        1143    0.846481    0.333604
        1144    0.826894    0.368749
        1145    0.851136    0.403676
        1146    0.893377    0.446489
        1147    0.893377    0.446489
        1148    0.843881    0.488738
        1149    0.799182    0.476209
        1150    0.799182    0.476209
        1151    0.840433    0.489462
        1152      0.8901    0.539165
        1153    0.873073    0.573441
        1154    0.863342    0.614802
        1155    0.863342    0.614802
        1156    0.864738    0.630811
        1157    0.880916    0.607385
        1158    0.850345    0.635732
        1159    0.894608    0.612285
        1160    0.855336    0.636877
        1161    0.883135    0.614062
        1162    0.922793     0.56821
        1163    0.962021    0.546759
        1164    0.970311    0.498757
        1165    0.927537    0.508127
        1166    0.903224    0.556701
        1167    0.949333     0.57901
        1168    0.998292    0.540727
        1169    0.983248    0.554748
        1170    0.950615    0.536393
        1171    0.976948    0.534621
        1172    0.988276     0.48877
        1173      1.0287    0.447598
        1174      1.0287    0.447598
        1175     1.05937    0.481808
        1176     1.10819    0.482242
        1177     1.10819    0.482242
        1178       1.137    0.464464
        1179     1.08771    0.503639
        1180     1.09015    0.482281
        1181     1.09015    0.482281
        1182     1.10154    0.454065
        1183     1.10154    0.454065
        1184     1.08672    0.451165
        1185     1.04059    0.433289
        1186     1.04059    0.433289
        1187    0.998353    0.482769
        1188     1.01347    0.492888
        1189    0.973607    0.481883
        1190    0.986954    0.506703
        1191    0.952984     0.52818
        1192    0.929819    0.559779
        1193    0.917627    0.515613
        1194    0.888499    0.562405
        1195    0.862601    0.514307
        1196    0.862601    0.514307
        1197     0.88067    0.483116
        1198    0.890736    0.525247
        1199    0.890736    0.525247
        1200    0.903601    0.483384
        1201    0.934769    0.498258
        1202    0.902519    0.511413
        1203    0.926641    0.487113
        1204    0.935086    0.484363
        1205    0.886769    0.459695
        1206    0.874961    0.479913
        1207    0.919268    0.505496
        1208    0.881921    0.534691
        1209    0.876103    0.537061
        1210    0.848685    0.575598
        1211    0.856874     0.59665
        1212     0.84248    0.556124
        1213        0.89    0.600216
        1214    0.852206    0.595754
        1215     0.83202    0.643678
        1216    0.794022    0.670415
        1217    0.754549    0.624934
        1218    0.802955    0.660044
        1219    0.803285    0.636292
        1220    0.798127    0.597352
        1221    0.775537    0.612974
        1222    0.737809    0.632804
        1223    0.752552    0.584061
        1224     0.73281    0.617883
        1225    0.690046     0.66567
        1226    0.722779    0.668088
        1227    0.676156    0.662069
        1228    0.633076    0.633457
        1229    0.593147    0.656785
        1230    0.628617    0.632094
        1231    0.605117     0.66869
        1232    0.622551    0.641259
        1233    0.648582    0.636217
        1234    0.648582    0.636217
        1235    0.648582    0.636217
        1236    0.619019    0.628664
        1237    0.586933    0.597621
        1238    0.634154    0.585957
        1239    0.603735    0.575557
        1240    0.609226    0.596437
        1241     0.57973    0.589023
        1242    0.588294    0.561155
        1243    0.633406     0.52083
        1244    0.617414    0.498596
        1245    0.606312     0.47834
        1246    0.606312     0.47834
        1247    0.608164    0.517257
        1248    0.602518    0.517932
        1249    0.587884    0.518687
        1250    0.541563    0.568178
        1251    0.535512    0.563241
        1252     0.58025    0.605907
        1253    0.562275    0.641158
        1254    0.569067    0.593316
        1255    0.601457     0.64201
        1256    0.592437    0.646369
        1257    0.642055    0.641968
        1258    0.629305     0.62188
        1259    0.629305     0.62188
        1260    0.644902    0.589116
        1261    0.682383    0.616232
        1262      0.6554    0.581677
        1263    0.618227    0.532576
        1264    0.606914    0.526619
        1265    0.606914    0.526619
        1266    0.648668     0.53183
        1267    0.634866     0.49809
        1268    0.623737    0.531181
        1269     0.59241    0.502554
        1270    0.596477    0.510374
        1271    0.561467    0.516465
        1272    0.561467    0.516465
        1273    0.604029    0.543321
        1274    0.601672    0.559179
        1275    0.567921    0.598853
        1276    0.606606    0.567241
        1277    0.629982    0.597935
        1278    0.656317    0.625467
        1279    0.658636    0.621043
        1280    0.689929    0.577655
        1281    0.682593    0.626132
        1282    0.686521    0.595862
        1283    0.692896    0.599996
        1284    0.645573    0.602671
        1285    0.650439    0.625516
        1286    0.686035     0.65946
        1287    0.686035     0.65946
        1288    0.658593    0.674734
        1289    0.691642    0.713264
        1290    0.739054    0.674313
        1291    0.714377    0.671772
        1292    0.675589    0.625879
        1293    0.717047    0.617754
        1294    0.744827    0.620365
        1295    0.703109    0.663352
        1296    0.728009    0.675521
        1297    0.766047    0.663946
        1298    0.727973    0.632879
        1299    0.698512    0.599893
        1300     0.74059    0.586041
        1301    0.774583    0.585996
        1302    0.749694    0.629626
        1303    0.793178    0.602376
        1304    0.762564     0.63811
        1305    0.761266    0.633472
        1306    0.782012    0.602106
        1307    0.782012    0.602106
        1308    0.801486    0.581451
        1309    0.847331    0.541964
        1310    0.838174    0.564066
        1311    0.880793    0.585266
        1312     0.87346    0.549877
        1313    0.864832    0.573362
        1314    0.864832    0.573362
        1315    0.864832    0.573362
        1316    0.862947    0.539211
        1317    0.841632     0.51646
        1318    0.841113    0.480374
        1319    0.877314    0.496801
        1320    0.877314    0.496801
        1321    0.913104    0.452788
        1322    0.934865    0.469915
        1323    0.896994    0.430874
        1324    0.896994    0.430874
        1325    0.896731     0.40967
        1326    0.930957    0.377786
        1327    0.913757    0.331294
        1328    0.931049    0.306337
        1329    0.904804    0.277393
        1330    0.862707    0.296776
        1331    0.841442    0.296435
        1332    0.810501    0.286665
        1333    0.762933    0.331929
        1334      0.7825    0.310957
        1335    0.806331     0.35889
        1336    0.761634    0.379267
        1337    0.773846    0.425806
        1338    0.772645    0.435942
        1339    0.770376    0.413547
        1340    0.799182    0.446451
        1341    0.791559    0.457023
        1342    0.755816    0.503784
        1343    0.775004    0.510763
        1344    0.774562    0.471939
        1345    0.806112    0.423513
        1346    0.822263     0.40372
        1347    0.828285    0.433156
        1348    0.845303    0.435093
        1349      0.8895    0.428527
        1350    0.878121    0.452729
        1351    0.849879    0.409249
        1352    0.865865    0.415626
        1353    0.826334    0.433613
        1354    0.861062    0.480326
        1355    0.903785    0.508834
        1356    0.888788    0.507664
        1357    0.861151    0.467722
        1358    0.901092    0.479321
        1359    0.902112    0.466806
        1360    0.917352      0.4413
        1361    0.880478    0.441391
        1362    0.905654     0.47054
        1363    0.859637    0.475841
        1364     0.81006    0.444329
        1365    0.810284    0.397393
        1366     0.82118    0.364081
        1367    0.842992    0.408325
        1368    0.832348     0.44979
        1369    0.804672    0.478346
        1370    0.843127    0.514934
        1371    0.834745    0.507471
        1372    0.872267    0.484036
        1373    0.868784    0.517845
        1374    0.837081    0.566782
        1375    0.811123    0.533185
        1376    0.811123    0.533185
        1377    0.845507    0.575588
        1378      0.8426    0.576769
        1379     0.87387    0.554191
        1380     0.87387    0.554191
        1381    0.851144     0.53347
        1382    0.851144     0.53347
        1383    0.883593    0.549504
        1384    0.883593    0.549504
        1385    0.890475    0.592174
        1386    0.913231    0.576642
        1387    0.904309    0.529087
        1388    0.893322    0.555032
        1389    0.893322    0.555032
        1390    0.920952    0.541745
        1391    0.923693    0.515854
        1392     0.95972    0.474533
        1393    0.929537    0.426704
        1394    0.904629    0.444594
        1395    0.935546    0.443235
        1396    0.931907    0.399569
        1397    0.923416    0.400432
        1398    0.894921    0.413841
        1399      0.8762    0.386748
        1400    0.897289    0.399493
        1401    0.871096    0.387326
        1402     0.87471    0.404964
        1403    0.879675    0.413769
        1404    0.832401    0.437639
        1405     0.82407    0.485671
        1406     0.79048    0.524317
        1407    0.810637    0.569764
        1408    0.795443    0.613854
        1409    0.751251    0.569245
        1410    0.723587    0.605686
        1411    0.723587    0.605686
        1412    0.723587    0.605686
        1413    0.760812    0.622565
        1414     0.71769    0.669947
        1415    0.715597    0.688422
        1416    0.676112    0.706963
        1417    0.679494    0.667779
        1418    0.685702     0.64886
        1419    0.673349    0.653969
        1420    0.665676    0.693207
        1421    0.675232    0.698248
        1422    0.650633    0.743664
        1423    0.698867    0.695981
        1424    0.717985    0.667994
        1425    0.760882    0.666658
        1426    0.760882    0.666658
        1427    0.799127    0.702337
        1428     0.84077    0.746353
        1429    0.840443    0.715344
        1430     0.81117    0.713765
        1431     0.81117    0.713765
        1432    0.771898    0.738651
        1433    0.737051    0.763246
        1434    0.749766    0.737576
        1435    0.770768     0.77423
        1436    0.770768     0.77423
        1437    0.730347    0.782985
        1438    0.711045    0.807547
        1439     0.69274    0.816086
        1440     0.69274    0.816086
        1441     0.69274    0.816086
        1442    0.739167     0.79579
        1443    0.729223    0.767144
        1444    0.711349    0.729979
        1445    0.747528    0.698365
        1446    0.742193    0.731636
        1447    0.742193    0.731636
        1448    0.698212     0.72029
        1449    0.698212     0.72029
        1450    0.698212     0.72029
        1451    0.698212     0.72029
        1452    0.698212     0.72029
        1453     0.66103    0.715357
        1454    0.616364    0.706188
        1455    0.594752    0.688343
        1456    0.619728    0.710794
        1457    0.613072      0.7429
        1458    0.613072      0.7429
        1459    0.566793    0.712602
        1460    0.614442    0.746634
        1461    0.664212    0.752839
        1462    0.650292    0.778119
        1463    0.615894    0.765034
        1464    0.633142    0.794003
        1465    0.588503    0.799449
        1466    0.588503    0.799449
        1467    0.588503    0.799449
        1468    0.632175    0.787066
        1469    0.657081    0.788625
        1470    0.654197    0.747316
        1471    0.654197    0.747316
        1472    0.647145    0.741086
        1473    0.615905    0.745032
        1474    0.585826    0.739645
        1475    0.580817    0.704274
        1476    0.580817    0.704274
        1477    0.610371    0.730658
        1478    0.632936    0.704923
        1479    0.678238    0.705548
        1480    0.674145     0.66439
        1481    0.625467     0.66468
        1482    0.647819    0.675633
        1483    0.612332    0.647172
        1484    0.612332    0.647172
        1485      0.5843    0.688943
        1486    0.554626     0.67767
        1487    0.554626     0.67767
        1488    0.554626     0.67767
        1489    0.554626     0.67767
        1490    0.505571    0.684486
        1491    0.517031    0.680039
        1492    0.528473    0.693431
        1493    0.510512    0.683256
        1494    0.538326    0.690622
        1495    0.538326    0.690622
        1496    0.544295    0.712948
        1497    0.523603    0.745928
        1498     0.49705    0.717215
        1499    0.489032    0.757502
        1500    0.489032    0.757502
        1501     0.48492     0.71149
        1502     0.48492     0.71149
        1503    0.533846    0.694623
        1504    0.563139    0.731443
        1505    0.551893    0.780141
        1506    0.574706    0.754694
        1507    0.574706    0.754694
        1508     0.55974    0.801616
        1509     0.58737    0.810403
        1510     0.58737    0.810403
        1511     0.58737    0.810403
        1512    0.584839    0.828037
        1513    0.589913    0.853689
        1514    0.589913    0.853689
        1515    0.626089    0.883478
        1516    0.620684    0.855212
        1517    0.620684    0.855212
        1518    0.620684    0.855212
        1519    0.594825    0.846255
        1520    0.594825    0.846255
        1521    0.618833    0.864988
        1522    0.586388    0.855001
        1523    0.586388    0.855001
        1524    0.568239     0.89572
        1525     0.55476     0.87613
        1526     0.58149     0.86309
        1527     0.58149     0.86309
        1528     0.58149     0.86309
        1529     0.60321    0.835514
        1530    0.574474      0.8432
        1531    0.552443    0.823638
        1532    0.532582    0.788152
        1533    0.532582    0.788152
        1534    0.581262    0.812626
        1535    0.610021    0.763035
        1536    0.589734    0.799342
        1537    0.636397    0.839335
        1538    0.636397    0.839335
        1539    0.629703    0.873717
        1540    0.646556    0.882161
        1541    0.674753    0.880442
        1542     0.64964     0.83082
        1543     0.64964     0.83082
        1544    0.619505    0.832518
        1545    0.619505    0.832518
        1546    0.650606     0.81089
        1547    0.650606     0.81089
        1548    0.643024    0.814081
        1549     0.61008    0.792718
        1550    0.570286    0.789925
        1551    0.594068      0.7488
        1552    0.614602    0.756327
        1553    0.609218    0.805623
        1554    0.609218    0.805623
        1555    0.591539      0.7991
        1556    0.574144    0.847297
        1557    0.582907    0.818245
        1558    0.568192    0.806177
        1559    0.547829    0.757737
        1560    0.553171    0.786553
        1561    0.552905    0.821864
        1562     0.53336    0.837459
        1563     0.53336    0.837459
        1564    0.522588    0.859586
        1565    0.494946    0.825404
        1566    0.494946    0.825404
        1567    0.494946    0.825404
        1568    0.494946    0.825404
        1569    0.494946    0.825404
        1570    0.534949    0.808676
        1571     0.53313    0.804275
        1572     0.53313    0.804275
        1573     0.53313    0.804275
        1574    0.570639    0.785637
        1575    0.553785     0.73776
        1576    0.553785     0.73776
        1577    0.542057    0.761711
        1578    0.558229    0.804706
        1579    0.576928    0.819178
        1580    0.589139    0.826271
        1581    0.626998    0.830451
        1582     0.58953    0.806511
        1583    0.589901    0.765598
        1584    0.583929    0.808344
        1585    0.583929    0.808344
        1586    0.573109     0.81126
        1587    0.617278    0.808635
        1588    0.659766    0.766996
        1589    0.686387    0.797596
        1590    0.678368    0.799602
        1591    0.631726    0.819104
        1592    0.631726    0.819104
        1593    0.631726    0.819104
        1594    0.585672    0.800009
        1595    0.627308    0.808454
        1596    0.627308    0.808454
        1597    0.650864    0.779082
        1598    0.650864    0.779082
        1599    0.650864    0.779082
        1600    0.613428    0.817487
        1601    0.650385    0.818791
        1602    0.623666    0.849896
        1603    0.595237    0.804369
        1604    0.595237    0.804369
        1605    0.604423    0.805814
        1606    0.624841    0.812549
        1607    0.624841    0.812549
        1608    0.624841    0.812549
        1609    0.625468    0.773143
        1610    0.581789    0.813876
        1611    0.581789    0.813876
        1612    0.587623    0.787495
        1613    0.587623    0.787495
        1614    0.584079    0.764526
        1615    0.553759    0.794497
        1616    0.536787    0.771269
        1617    0.555501    0.754333
        1618    0.554413    0.754344
        1619    0.581184    0.717602
        1620    0.613713    0.733335
        1621    0.611865    0.776287
        1622    0.610894    0.784923
        1623    0.610894    0.784923
        1624    0.588474     0.74219
        1625    0.587169    0.752528
        1626    0.587169    0.752528
        1627    0.587169    0.752528
        1628    0.585098    0.788772
        1629    0.560922    0.775164
        1630    0.560922    0.775164
        1631    0.594132    0.735342
        1632    0.560155    0.781998
        1633    0.560155    0.781998
        1634    0.560155    0.781998
        1635    0.560155    0.781998
        1636     0.58173     0.76097
        1637     0.59376    0.743647
        1638    0.630808     0.75281
        1639    0.652985    0.768635
        1640    0.618789    0.817476
        1641    0.621369    0.775098
        1642    0.659701    0.819323
        1643    0.659701    0.819323
        1644    0.632253    0.816944
        1645    0.632253    0.816944
        1646    0.643759    0.818843
        1647    0.643759    0.818843
        1648    0.643759    0.818843
        1649    0.680239    0.789974
        1650     0.67424    0.746429
        1651    0.662104    0.794054
        1652    0.672322    0.827354
        1653    0.652924    0.866169
        1654    0.616226    0.894626
        1655    0.616226    0.894626
        1656    0.588344    0.873867
        1657    0.588344    0.873867
        1658    0.570275      0.8378
        1659    0.577986    0.863369
        1660     0.61065     0.81413
        1661     0.58926    0.826635
        1662    0.587403    0.802531
        1663    0.612357    0.832481
        1664    0.594965    0.792785
        1665    0.601473    0.759745
        1666    0.566319    0.775246
        1667    0.571474    0.755977
        1668     0.55382    0.744088
        1669     0.55382    0.744088
        1670     0.59727    0.764667
        1671     0.59727    0.764667
        1672    0.570303    0.774199
        1673    0.582541     0.78812
        1674    0.618817    0.829034
        1675    0.618817    0.829034
        1676    0.655474    0.824644
        1677    0.655474    0.824644
        1678    0.668492    0.839014
        1679    0.698285    0.821106
        1680    0.686088     0.79568
        1681    0.686088     0.79568
        1682     0.63724    0.835799
        1683    0.621916    0.803852
        1684    0.592679    0.757686
        1685    0.613169    0.781235
        1686    0.613169    0.781235
        1687    0.613169    0.781235
        1688    0.613169    0.781235
        1689    0.603437    0.830223
        1690    0.581179    0.818264
        1691    0.601934    0.833226
        1692    0.622825    0.803115
        1693    0.599741    0.774974
        1694    0.579426    0.770025
        1695    0.579426    0.770025
        1696    0.572064    0.786064
        1697    0.572064    0.786064
        1698    0.603546    0.749663
        1699    0.640841    0.728177
        1700    0.639078    0.680656
        1701      0.6013    0.680837
        1702    0.562957     0.71937
        1703    0.608764    0.746192
        1704    0.608764    0.746192
        1705    0.654258    0.784416
        1706    0.654258    0.784416
        1707    0.607651    0.808158
        1708    0.614762    0.770739
        1709    0.597545    0.803874
        1710    0.597545    0.803874
        1711    0.586949    0.790202
        1712    0.634559    0.781542
        1713    0.605453    0.813142
        1714     0.64329    0.774047
        1715     0.64329    0.774047
        1716    0.648662    0.800108
        1717    0.663442    0.799027
        1718    0.663442    0.799027
        1719    0.663442    0.799027
        1720    0.669437    0.782796
        1721    0.669316     0.74865
        1722    0.622679    0.745524
        1723    0.587013    0.753058
        1724    0.598147    0.731097
        1725    0.598147    0.731097
        1726    0.605644    0.766093
        1727    0.610568    0.801921
        1728    0.627078    0.760635
        1729    0.627078    0.760635
        1730    0.610926    0.727353
        1731    0.610926    0.727353
        1732     0.61765    0.713239
        1733    0.580781     0.69951
        1734     0.59712    0.725641
        1735    0.636657    0.720007
        1736    0.636657    0.720007
        1737    0.670012    0.703965
        1738    0.682119    0.731347
        1739    0.708138    0.752679
        1740    0.708138    0.752679
        1741    0.712727     0.79728
        1742    0.712727     0.79728
        1743    0.714718    0.765519
        1744    0.680356    0.777812
        1745    0.663665    0.797856
        1746    0.677754    0.811608
        1747    0.684257    0.766083
        1748    0.650814    0.761749
        1749    0.693971    0.741236
        1750    0.663817    0.695777
        1751     0.70094    0.731439
        1752     0.70094    0.731439
        1753     0.70094    0.731439
        1754    0.696742    0.685986
        1755    0.696742    0.685986
        1756    0.745364    0.690297
        1757    0.745364    0.690297
        1758    0.745364    0.690297
        1759    0.737106    0.714292
        1760    0.711156    0.695185
        1761    0.668742    0.664583
        1762    0.703379    0.705092
        1763    0.703379    0.705092
        1764    0.739016    0.736513
        1765    0.713698    0.772352
        1766    0.698434    0.767933
        1767    0.674233     0.78094
        1768    0.663055    0.788996
        1769    0.663055    0.788996
        1770    0.701977     0.78845
        1771    0.723236    0.792237
        1772    0.681651    0.788023
        1773    0.698677    0.808739
        1774    0.694512    0.816274
        1775    0.694512    0.816274
        1776    0.694512    0.816274
        1777    0.683659    0.822012
        1778    0.683659    0.822012
        1779    0.652326    0.784553
        1780    0.692818    0.795704
        1781      0.6642    0.799228
        1782      0.6642    0.799228
        1783     0.65406    0.795848
        1784    0.659313    0.833487
        1785    0.632068    0.812311
        1786    0.650496    0.838766
        1787    0.628597     0.80524
        1788     0.65612    0.846672
        1789    0.636913    0.834973
        1790    0.655733    0.855715
        1791    0.617882    0.822468
        1792    0.617882    0.822468
        1793    0.605289    0.784384
        1794    0.605289    0.784384
        1795    0.578574    0.827241
        1796    0.578574    0.827241
        1797    0.580384     0.84036
        1798    0.580384     0.84036
        1799    0.580384     0.84036
        1800    0.580384     0.84036
        1801    0.617025    0.875522
        1802    0.583331    0.899839
        1803    0.599454    0.871059
        1804    0.565302    0.884794
        1805    0.563672    0.867878
        1806    0.563672    0.867878
        1807    0.605604    0.851375
        1808    0.636177    0.863734
        1809    0.636177    0.863734
        1810    0.590585    0.865063
        1811    0.590585    0.865063
        1812    0.590585    0.865063
        1813    0.616337     0.90353
        1814    0.616337     0.90353
        1815    0.616337     0.90353
        1816    0.616337     0.90353
        1817    0.609897    0.885567
        1818    0.609897    0.885567
        1819    0.608608    0.909924
        1820    0.583804    0.864468
        1821    0.590453    0.855539
        1822    0.606003     0.88979
        1823    0.606003     0.88979
        1824    0.590483    0.841038
        1825    0.601734    0.799647
        1826    0.602516     0.84427
        1827    0.569369    0.807711
        1828    0.569369    0.807711
        1829    0.549495    0.813643
        1830    0.576525    0.774393
        1831    0.611509    0.822637
        1832    0.629905    0.817697
        1833    0.595835    0.800679
        1834     0.62529     0.78252
        1835     0.62529     0.78252
        1836     0.62529     0.78252
        1837     0.62529     0.78252
        1838    0.658229    0.784001
        1839      0.6736     0.79982
        1840    0.628787    0.830236
        1841    0.607412    0.863343
        1842    0.635773    0.846901
        1843    0.593725     0.80597
        1844      0.6166    0.832841
        1845      0.6166    0.832841
        1846    0.593979    0.794804
        1847    0.583741    0.783762
        1848    0.583741    0.783762
        1849    0.573092     0.81655
        1850    0.573092     0.81655
        1851    0.557574    0.802833
        1852    0.557574    0.802833
        1853    0.573587    0.781886
        1854    0.599455    0.772855
        1855    0.599455    0.772855
        1856    0.599455    0.772855
        1857    0.599455    0.772855
        1858    0.584004     0.81935
        1859    0.603647     0.80234
        1860    0.612004    0.758479
        1861    0.631516    0.768915
        1862    0.631516    0.768915
        1863    0.631516    0.768915
        1864    0.664416    0.773417
        1865    0.664416    0.773417
        1866    0.664416    0.773417
        1867    0.662456    0.782031
        1868    0.662456    0.782031
        1869    0.675341    0.795615
        1870    0.695865    0.748081
        1871    0.671223    0.739095
        1872    0.675556    0.787795
        1873    0.675556    0.787795
        1874    0.675556    0.787795
        1875    0.675556    0.787795
        1876    0.675556    0.787795
        1877    0.640757    0.738849
        1878    0.601826    0.697505
        1879    0.601826    0.697505
        1880    0.635086    0.686239
        1881    0.635086    0.686239
        1882    0.635086    0.686239
        1883    0.677486    0.682007
        1884    0.659526    0.694972
        1885    0.629836    0.715575
        1886    0.637473    0.697078
        1887    0.637473    0.697078
        1888    0.619716    0.694255
        1889    0.619638    0.692986
        1890    0.658028    0.684891
        1891    0.658649    0.693541
        1892    0.678307    0.674147
        1893    0.678307    0.674147
        1894    0.678307    0.674147
        1895    0.694123    0.671238
        1896    0.654237    0.716222
        1897    0.677473     0.71561
        1898    0.628068    0.675426
        1899    0.650008    0.693747
        1900    0.650008    0.693747
        1901    0.650008    0.693747
        1902    0.650008    0.693747
        1903    0.619729    0.688507
        1904    0.664644     0.73003
        1905     0.66513    0.731006
        1906    0.673538    0.764851
        1907    0.673538    0.764851
        1908    0.673538    0.764851
        1909    0.644518    0.746728
        1910     0.66582    0.764284
        1911     0.66582    0.764284
        1912     0.66582    0.764284
        1913    0.670656     0.76591
        1914    0.670656     0.76591
        1915    0.698918    0.773875
        1916    0.667588    0.761347
        1917    0.667588    0.761347
        1918    0.667588    0.761347
        1919    0.667588    0.761347
        1920    0.619215    0.749989
        1921    0.615168    0.742674
        1922    0.637672    0.768743
        1923    0.637672    0.768743
        1924    0.597251    0.762305
        1925    0.598882    0.763326
        1926    0.595037    0.778701
        1927    0.594355    0.813594
        1928     0.56819    0.841852
        1929     0.56819    0.841852
        1930    0.595584    0.837405
        1931    0.595584    0.837405
        1932    0.595584    0.837405
        1933    0.636053     0.81152
        1934    0.615388    0.825233
        1935    0.615388    0.825233
        1936    0.615388    0.825233
        1937    0.584634    0.849695
        1938    0.572811    0.819868
        1939    0.572374     0.77744
        1940    0.572374     0.77744
        1941    0.563253    0.780029
        1942     0.60422    0.758701
        1943    0.647516    0.789425
        1944    0.647516    0.789425
        1945    0.626664    0.816478
        1946    0.580432    0.784588
        1947    0.589703    0.779653
        1948    0.561427    0.822496
        1949    0.561427    0.822496
        1950    0.561427    0.822496
        1951    0.592733    0.813361
        1952    0.589395    0.790085
        1953    0.589395    0.790085
        1954    0.615959    0.741186
        1955    0.640528    0.777208
        1956    0.665272    0.751813
        1957    0.665272    0.751813
        1958    0.616358    0.725166
        1959    0.615291    0.734688
        1960    0.615291    0.734688
        1961    0.617986    0.706994
        1962    0.640157    0.707463
        1963    0.662658    0.733692
        1964    0.662658    0.733692
        1965    0.676045    0.781972
        1966    0.685401    0.790744
        1967    0.656549    0.771409
        1968    0.670323    0.794095
        1969    0.620721    0.822204
        1970    0.604361    0.799141
        1971    0.604361    0.799141
        1972    0.604361    0.799141
        1973    0.563371    0.815933
        1974    0.560936    0.821397
        1975    0.560936    0.821397
        1976    0.592568    0.774604
        1977    0.592568    0.774604
        1978     0.59606    0.821111
        1979     0.59606    0.821111
        1980     0.59606    0.821111
        1981     0.59606    0.821111
        1982    0.615303    0.799457
        1983    0.615303    0.799457
        1984    0.615303    0.799457
        1985    0.636835    0.751811
        1986    0.651698    0.779041
        1987    0.647488    0.734042
        1988    0.690806    0.758802
        1989    0.690806    0.758802
        1990    0.706544    0.804158
        1991    0.706544    0.804158
        1992    0.706544    0.804158
        1993    0.688698    0.847509
        1994    0.641015    0.875326
        1995     0.59564    0.903266
        1996    0.624369    0.889684
        1997    0.624369    0.889684
        1998    0.581486    0.885172
        1999    0.581411    0.866747
        2000    0.581497    0.842732
        2001    0.581497    0.842732
        2002    0.581497    0.842732
        2003    0.609151    0.841995
        2004    0.609151    0.841995
        2005    0.618882    0.817105
        2006    0.619136    0.824939
        2007    0.605042    0.827197
        2008    0.569083    0.805427
        2009    0.591848    0.832362
        2010    0.565756    0.835112
        2011    0.615258    0.828442
        2012    0.615258    0.828442
        2013    0.615258    0.828442
        2014    0.615258    0.828442
        2015    0.615258    0.828442
        2016    0.580246    0.842278
        2017    0.571101    0.827344
        2018    0.593352    0.797454
        2019    0.593352    0.797454
        2020    0.630927    0.793615
        2021    0.631358    0.780598
        2022    0.610588    0.755629
        2023    0.610588    0.755629
        2024    0.609457    0.750254
        2025    0.609457    0.750254
        2026    0.593243     0.72352
        2027    0.569662    0.761444
        2028    0.569662    0.761444
        2029    0.569662    0.761444
        2030    0.551177    0.797994
        2031    0.547507    0.771598
        2032    0.547507    0.771598
        2033    0.547507    0.771598
        2034    0.547465    0.739446
        2035     0.58648    0.722164
        2036    0.587627    0.765706
        2037    0.637386    0.808068
        2038    0.627555    0.806776
        2039    0.627555    0.806776
        2040    0.627555    0.806776
        2041    0.626563      0.8193
        2042    0.621619    0.823156
        2043    0.667901    0.791787
        2044    0.667901    0.791787
        2045    0.667901    0.791787
        2046    0.640365    0.841066
        2047    0.640365    0.841066
        2048    0.607962     0.84622
        2049    0.644975    0.796762
        2050    0.644975    0.796762
        2051    0.644975    0.796762
        2052    0.644975    0.796762
        2053    0.626906    0.844488
        2054    0.657209    0.813183
        2055    0.657209    0.813183
        2056    0.640584    0.773044
        2057    0.640584    0.773044
        2058    0.659211    0.749753
        2059    0.659211    0.749753
        2060    0.617222    0.766292
        2061    0.613262    0.774732
        2062    0.613262    0.774732
        2063    0.617003    0.739739
        2064    0.640648    0.775878
        2065    0.640648    0.775878
        2066     0.61974    0.780764
        2067     0.61974    0.780764
        2068    0.600624    0.801039
        2069    0.602003    0.760297
        2070    0.602003    0.760297
        2071    0.602003    0.760297
        2072    0.602003    0.760297
        2073    0.575054     0.79436
        2074     0.58656     0.75174
        2075     0.58656     0.75174
        2076    0.554911    0.787589
        2077     0.59595    0.821046
        2078     0.59595    0.821046
        2079    0.630277     0.81321
        2080    0.630277     0.81321
        2081    0.630277     0.81321
        2082    0.647757    0.765563
        2083    0.647757    0.765563
        2084    0.635277    0.764343
        2085    0.600454     0.76132
        2086    0.640515    0.776124
        2087    0.640515    0.776124
        2088    0.640515    0.776124
        2089    0.598865    0.738988
        2090    0.598865    0.738988
        2091    0.598865    0.738988
        2092    0.598865    0.738988
        2093    0.644431    0.760914
        2094    0.605211    0.761197
        2095    0.571556    0.787578
        2096    0.600742    0.812714
        2097    0.600742    0.812714
        2098    0.611204     0.78485
        2099    0.611204     0.78485
        2100    0.611204     0.78485
        2101    0.627942    0.783479
        2102    0.628957     0.77096
        2103    0.596314     0.74288
        2104    0.596314     0.74288
        2105    0.596314     0.74288
        2106    0.617366    0.775224
        2107    0.617366    0.775224
        2108    0.617366    0.775224
        2109    0.617366    0.775224
        2110    0.630766    0.821466
        2111    0.630766    0.821466
        2112    0.617944    0.846349
        2113    0.613951     0.79794
        2114    0.616026    0.819165
        2115    0.616026    0.819165
        2116    0.636011    0.783921
        2117    0.590999    0.776151
        2118    0.590999    0.776151
        2119    0.590999    0.776151
        2120    0.590999    0.776151
        2121    0.603608    0.752656
        2122    0.646335    0.799371
        2123    0.652151    0.770971
        2124    0.652151    0.770971
        2125    0.652151    0.770971
        2126    0.652151    0.770971
        2127    0.653158    0.814398
        2128    0.611142    0.816248
        2129    0.575123    0.830391
        2130    0.575123    0.830391
        2131    0.575123    0.830391
        2132    0.575123    0.830391
        2133    0.575123    0.830391
        2134    0.575123    0.830391
        2135    0.575123    0.830391
        2136    0.580865    0.825646
        2137    0.580865    0.825646
        2138     0.62007     0.82693
        2139    0.619436    0.804564
        2140    0.609689    0.826548
        2141    0.609689    0.826548
        2142    0.609689    0.826548
        2143    0.611872    0.814177
        2144    0.611872    0.814177
        2145    0.608924    0.823514
        2146    0.608924    0.823514
        2147    0.640012    0.816212
        2148    0.640012    0.816212
        2149     0.61206    0.782152
        2150     0.61206    0.782152
        2151    0.592762    0.780783
        2152    0.623883    0.751799
        2153    0.648873    0.776164
        2154    0.614129    0.801854
        2155    0.614129    0.801854
        2156    0.614129    0.801854
        2157    0.621988    0.798702
        2158    0.621988    0.798702
        2159    0.621988    0.798702
        2160    0.621988    0.798702
        2161    0.621988    0.798702
        2162    0.617161    0.828481
        2163    0.617161    0.828481
        2164    0.617161    0.828481
        2165    0.597227    0.824339
        2166    0.594988    0.826742
        2167    0.594988    0.826742
        2168    0.594988    0.826742
        2169    0.594988    0.826742
        2170    0.594988    0.826742
        2171    0.594988    0.826742
        2172    0.621778    0.799323
        2173    0.621778    0.799323
        2174    0.621778    0.799323
        2175    0.621778    0.799323
        2176    0.621778    0.799323
        2177    0.621778    0.799323
        2178    0.621778    0.799323
        2179    0.621778    0.799323
        2180    0.621778    0.799323
        2181    0.621778    0.799323
        2182    0.621778    0.799323
        2183    0.621778    0.799323
        2184    0.621778    0.799323
        2185    0.591834    0.781096
        2186    0.591834    0.781096
        2187    0.616492    0.801069
        2188    0.616492    0.801069
        2189    0.606826     0.80504
        2190    0.598734    0.785472
        2191    0.598734    0.785472
        2192    0.598734    0.785472
        2193    0.598734    0.785472
        2194    0.609858    0.807023
        2195    0.591355     0.78774
        2196    0.615225    0.746288
        2197    0.615225    0.746288
        2198    0.615225    0.746288
        2199    0.615225    0.746288
        2200    0.617333    0.742668
        2201    0.617333    0.742668
        2202    0.636626    0.771294
        2203    0.640874    0.814737
        2204    0.640874    0.814737
        2205    0.640874    0.814737
        2206    0.640874    0.814737
        2207    0.634571    0.774881
        2208    0.594484    0.809959
        2209    0.633623    0.790189
        2210    0.633623    0.790189
        2211    0.633623    0.790189
        2212    0.650508    0.757726
        2213    0.650508    0.757726
        2214    0.650508    0.757726
        2215    0.642839    0.746702
        2216    0.642839    0.746702
        2217    0.642839    0.746702
        2218    0.627292     0.75885
        2219    0.627292     0.75885
        2220    0.627292     0.75885
        2221    0.627292     0.75885
        2222     0.62607     0.79868
        2223     0.62607     0.79868
        2224     0.62607     0.79868
        2225    0.579465    0.797761
        2226    0.610229    0.766797
        2227    0.590188    0.805385
        2228    0.586968    0.802855
        2229    0.586968    0.802855
        2230    0.598636    0.790606
        2231    0.598636    0.790606
        2232    0.617603    0.789647
        2233     0.59491    0.789185
        2234    0.637005    0.812447
        2235    0.637005    0.812447
        2236    0.637005    0.812447
        2237    0.637005    0.812447
        2238    0.609511    0.796294
        2239    0.609511    0.796294
        2240    0.609511    0.796294
        2241    0.593538    0.770323
        2242    0.586062    0.810358
        2243    0.586062    0.810358
        2244    0.586062    0.810358
        2245    0.610557    0.860252
        2246    0.648965    0.847079
        2247    0.648965    0.847079
        2248    0.648965    0.847079
        2249    0.648965    0.847079
        2250    0.648965    0.847079
        2251     0.63693    0.856029
        2252    0.654521    0.829971
        2253    0.654091    0.821304
        2254    0.647376    0.782251
        2255    0.647376    0.782251
        2256    0.615856    0.827709
        2257    0.615856    0.827709
        2258    0.591618    0.817593
        2259     0.60003    0.783805
        2260     0.60003    0.783805
        2261     0.60003    0.783805
        2262     0.60003    0.783805
        2263     0.60003    0.783805
        2264    0.570354    0.785279
        2265    0.570354    0.785279
        2266    0.575029    0.801346
        2267    0.575029    0.801346
        2268    0.575029    0.801346
        2269    0.575029    0.801346
        2270    0.575029    0.801346
        2271    0.575029    0.801346
        2272    0.575029    0.801346
        2273    0.560045    0.769456
        2274    0.608679    0.818648
        2275    0.608679    0.818648
        2276    0.608679    0.818648
        2277    0.608679    0.818648
        2278    0.608679    0.818648
        2279    0.590215    0.808154
        2280    0.590215    0.808154
        2281    0.590215    0.808154
        2282    0.559547    0.792801
        2283    0.587385    0.817025
        2284    0.587385    0.817025
        2285    0.587385    0.817025
        2286    0.584045    0.806592
        2287    0.589725    0.789775
        2288    0.589725    0.789775
        2289    0.628173     0.76133
        2290    0.628173     0.76133
        2291    0.622086    0.768684
        2292    0.628702    0.785999
        2293    0.608696     0.76289
        2294    0.594151    0.787599
        2295    0.594151    0.787599
        2296    0.594151    0.787599
        2297     0.62669    0.821539
        2298    0.607388    0.787457
        2299    0.607388    0.787457
        2300    0.623963    0.805381
        2301    0.623963    0.805381
        2302     0.63354    0.839626
        2303     0.63354    0.839626
        2304    0.614352    0.856316
        2305    0.614352    0.856316
        2306    0.591634    0.838613
        2307    0.591634    0.838613
        2308    0.591634    0.838613
        2309    0.635759    0.861906
        2310    0.635759    0.861906
        2311    0.637617    0.850717
        2312    0.607442    0.872999
        2313    0.607442    0.872999
        2314     0.64724    0.868204
        2315     0.64724    0.868204
        2316    0.642849    0.872131
        2317    0.626643    0.852134
        2318    0.582331    0.850834
        2319    0.582331    0.850834
        2320    0.582331    0.850834
        2321    0.618257    0.866726
        2322    0.618257    0.866726
        2323    0.601068    0.851766
        2324    0.586093    0.827594
        2325    0.586093    0.827594
        2326    0.586093    0.827594
        2327    0.591888      0.8277
        2328    0.591888      0.8277
        2329    0.626677     0.83656
        2330    0.616531    0.866942
        2331    0.652346    0.850424
        2332     0.62471    0.824747
        2333    0.643141    0.799477
        2334    0.643141    0.799477
        2335    0.651702    0.806682
        2336    0.651702    0.806682
        2337    0.651702    0.806682
        2338    0.618503    0.808499
        2339    0.618503    0.808499
        2340    0.618503    0.808499
        2341    0.618503    0.808499
        2342    0.618503    0.808499
        2343    0.618503    0.808499
        2344    0.628397    0.777954
        2345    0.628397    0.777954
        2346    0.638888    0.779214
        2347    0.638888    0.779214
        2348    0.638888    0.779214
        2349    0.638888    0.779214
        2350    0.638888    0.779214
        2351    0.638888    0.779214
        2352    0.624148      0.8016
        2353    0.624148      0.8016
        2354    0.637028    0.781659
        2355    0.598373    0.811086
        2356    0.598373    0.811086
        2357    0.598373    0.811086
        2358    0.598373    0.811086
        2359    0.598373    0.811086
        2360    0.598373    0.811086
        2361    0.598373    0.811086
        2362    0.641174    0.766487
        2363    0.641174    0.766487
        2364    0.620309    0.763259
        2365    0.620309    0.763259
        2366    0.620309    0.763259
        2367     0.60884    0.775336
        2368    0.620535      0.7923
        2369    0.620535      0.7923
        2370    0.603392    0.830524
        2371    0.603392    0.830524
        2372    0.603392    0.830524
        2373    0.603392    0.830524
        2374    0.603392    0.830524
        2375    0.603392    0.830524
        2376     0.61457    0.798646
        2377    0.639066    0.800461
        2378    0.639066    0.800461
        2379    0.596545    0.818119
        2380    0.614292    0.770832
        2381    0.614292    0.770832
        2382    0.630841    0.777123
        2383    0.630841    0.777123
        2384    0.619476    0.808312
        2385    0.646829    0.831756
        2386     0.61513    0.841228
        2387     0.61513    0.841228
        2388    0.602902    0.828924
        2389    0.613915    0.859452
        2390    0.613915    0.859452
        2391    0.613915    0.859452
        2392    0.605354    0.872825
        2393    0.605354    0.872825
        2394    0.617259    0.858904
        2395    0.598839    0.849211
        2396      0.5845    0.826799
        2397    0.584766    0.793589
        2398    0.584766    0.793589
        2399    0.584766    0.793589
        2400    0.578238    0.821886
        2401    0.578238    0.821886
        2402    0.578238    0.821886
        2403    0.616406    0.842859
        2404    0.616406    0.842859
        2405    0.606886    0.811464
        2406    0.606886    0.811464
        2407    0.615079    0.788089
        2408     0.61709    0.805997
        2409    0.622282    0.826396
        2410    0.622282    0.826396
        2411    0.622282    0.826396
        2412    0.582403    0.776874
        2413    0.582403    0.776874
        2414    0.582403    0.776874
        2415    0.617925    0.826799
        2416    0.624085    0.798846
        2417    0.624085    0.798846
        2418    0.624085    0.798846
        2419    0.624085    0.798846
        2420    0.638815    0.789556
        2421    0.595934    0.814438
        2422    0.595934    0.814438
        2423    0.601296     0.78798
        2424    0.601296     0.78798
        2425    0.616509    0.780401
        2426    0.616509    0.780401
        2427    0.608034    0.794963
        2428    0.608034    0.794963
        2429    0.645232    0.793616
        2430    0.644884    0.813057
        2431    0.644884    0.813057
        2432    0.649028    0.785406
        2433    0.649028    0.785406
        2434    0.649028    0.785406
        2435    0.649028    0.785406
        2436    0.649028    0.785406
        2437    0.651897    0.812439
        2438    0.651897    0.812439
        2439    0.651897    0.812439
        2440    0.667254    0.782369
        2441    0.667254    0.782369
        2442    0.667254    0.782369
        2443    0.667254    0.782369
        2444    0.667254    0.782369
        2445    0.667254    0.782369
        2446    0.662305    0.812592
        2447    0.662305    0.812592
        2448    0.662305    0.812592
        2449    0.662305    0.812592
        2450    0.662305    0.812592
        2451    0.656018    0.840815
        2452    0.631707    0.845054
        2453     0.59828     0.81613
        2454     0.59828     0.81613
        2455     0.59828     0.81613
        2456     0.59828     0.81613
        2457    0.629103    0.811254
        2458    0.629103    0.811254
        2459    0.610887    0.783331
        2460    0.610887    0.783331
        2461    0.610887    0.783331
        2462    0.610887    0.783331
        2463    0.610887    0.783331
        2464     0.61045    0.823194
        2465     0.61045    0.823194
        2466     0.61045    0.823194
        2467     0.61045    0.823194
        2468     0.61045    0.823194
        2469     0.61045    0.823194
        2470     0.61045    0.823194
        2471     0.61045    0.823194
        2472    0.615067    0.819799
        2473    0.639848    0.773582
        2474    0.639848    0.773582
        2475    0.639278    0.781785
        2476    0.633409    0.817011
        2477    0.633409    0.817011
        2478    0.633409    0.817011
        2479    0.637737    0.863424
        2480    0.637737    0.863424
        2481    0.637737    0.863424
        2482    0.640535    0.837331
        2483    0.640535    0.837331
        2484    0.640535    0.837331
        2485    0.640535    0.837331
        2486    0.610562    0.836043
        2487    0.582388     0.78731
        2488    0.597267     0.77249
        2489    0.597267     0.77249
        2490    0.597267     0.77249
        2491    0.583284     0.79319
        2492    0.583284     0.79319
        2493    0.611867    0.809548
        2494    0.611867    0.809548
        2495    0.611867    0.809548
        2496    0.602707     0.83524
        2497    0.602707     0.83524
        2498    0.602707     0.83524
        2499    0.602707     0.83524
        2500    0.602707     0.83524
